0.0649868 0.0265722 0.0877833 0.148598 0.0695448 0.0998634 0.0322846 0.261256 0.0701226 0.138988 
0.137335 0.06571 0.256003 0.103505 0.0165241 0.126595 0.148812 0.00474281 0.123107 0.0176652 
0.0496984 0.16621 0.121906 0.0988351 0.0772037 0.0956794 0.109235 0.105436 0.0976944 0.0781017 
0.313742 0.0166512 0.0712071 0.0568364 0.0659487 0.124008 0.124696 0.0811606 0.0676442 0.0781064 
0.0729367 0.0302762 0.0769431 0.0652695 0.200285 0.0851596 0.0917926 0.114473 0.0878395 0.175025 
0.0372985 0.188315 0.120614 0.112431 0.0589964 0.0894005 0.0791388 0.120369 0.0989239 0.0945116 
0.0584298 0.0377401 0.0385808 0.0618412 0.201257 0.125136 0.0908793 0.1094 0.123639 0.153097 
0.0276901 0.13272 0.0585695 0.0859406 0.153113 0.0986468 0.0495378 0.08033 0.0693305 0.244122 
0.10391 0.0177567 0.0931023 0.0431148 0.0947896 0.161203 0.282489 0.0376871 0.0879496 0.0779986 
0.0677145 0.0253055 0.0254385 0.0660686 0.142487 0.0961468 0.0416395 0.167895 0.0993285 0.267976 
0.280071 0.0270355 0.104681 0.0791701 0.0686032 0.156014 0.0804066 0.0385636 0.102863 0.0625919 
0.0941344 0.0627695 0.110498 0.0786449 0.103991 0.0827779 0.203672 0.0453756 0.108995 0.109141 
0.0773631 0.0314124 0.0481295 0.0839516 0.153984 0.097047 0.071041 0.157239 0.0755921 0.20424 
0.266172 0.0158822 0.0745919 0.0575084 0.0686426 0.145165 0.0617564 0.081471 0.0946202 0.13419 
0.0288535 0.193285 0.0854383 0.148575 0.0521288 0.102027 0.0993773 0.0856832 0.0984212 0.10621 
0.104628 0.0659445 0.0570282 0.113625 0.102867 0.218954 0.0890409 0.059622 0.130404 0.0578861 
0.0683563 0.0114403 0.0623544 0.0665385 0.129589 0.0925625 0.0785254 0.167337 0.0934433 0.229854 
0.0658837 0.0170669 0.0857797 0.17106 0.0614858 0.0794365 0.0217659 0.332675 0.0720157 0.0928316 
0.0783024 0.0544204 0.114882 0.187563 0.0881558 0.142614 0.10342 0.070424 0.106978 0.0532405 
0.0587417 0.045644 0.0648194 0.088423 0.210855 0.107272 0.0823673 0.0970013 0.0688554 0.176021 
0.0557947 0.0495561 0.0250684 0.130696 0.122108 0.113472 0.0274531 0.155508 0.099653 0.220692 
0.076241 0.0736425 0.118379 0.0788245 0.0878869 0.15501 0.209133 0.0229359 0.092537 0.0854098 
0.0492599 0.0711811 0.0918764 0.0657268 0.117748 0.0645074 0.204914 0.144284 0.101156 0.0893456 
0.0808658 0.0465743 0.092733 0.10571 0.100376 0.211344 0.1304 0.0479645 0.105456 0.0785769 
0.0628864 0.0613625 0.0987639 0.0768155 0.180245 0.0948322 0.0796542 0.114511 0.0798446 0.151084 
0.451731 0.00212854 0.0494716 0.0211481 0.0633383 0.111902 0.175296 0.0270899 0.0574123 0.0404823 
0.0696709 0.0376394 0.0491387 0.0927424 0.0725738 0.122194 0.0495468 0.263552 0.0762157 0.166727 
0.0627476 0.0307816 0.0674749 0.0611542 0.21076 0.115398 0.078716 0.0973382 0.0743261 0.201303 
0.357368 0.0125498 0.0951348 0.0777927 0.0412433 0.13106 0.0468331 0.067738 0.0907106 0.0795694 
0.0454925 0.1688 0.0623432 0.112524 0.0705019 0.129117 0.105553 0.063134 0.122786 0.119749 
0.0670389 0.0500788 0.0685033 0.237654 0.0525503 0.138898 0.0406841 0.130836 0.0786617 0.135095 
0.0443414 0.158027 0.0632945 0.129191 0.0727397 0.108408 0.0857567 0.098574 0.0897195 0.149948 
0.0583595 0.0698454 0.0812611 0.216901 0.085978 0.203796 0.0516359 0.0566455 0.0957285 0.0798493 
0.169021 0.0202805 0.0847228 0.0172435 0.184048 0.149858 0.141079 0.0620806 0.0799671 0.0917003 
0.0789643 0.0368905 0.122675 0.116427 0.0775963 0.0823446 0.0285099 0.218498 0.0840146 0.15408 
0.102018 0.0424622 0.283065 0.107102 0.0417113 0.157032 0.0871924 0.0227618 0.116226 0.0404297 
0.0516484 0.0332651 0.0848121 0.132158 0.071738 0.120757 0.055534 0.235424 0.097132 0.117531 
0.035496 0.199983 0.0601741 0.0964523 0.0612865 0.105763 0.0911569 0.0995666 0.114734 0.135388 
0.101235 0.095859 0.18075 0.171306 0.0310867 0.135204 0.0765877 0.0443047 0.113515 0.0501506 
0.0420611 0.187266 0.0910585 0.127321 0.0504193 0.105943 0.108086 0.0693032 0.118479 0.100063 
0.0428415 0.16511 0.0986451 0.117421 0.0568141 0.107945 0.10565 0.106417 0.0919436 0.107213 
0.0427157 0.0633335 0.106151 0.114292 0.099134 0.100515 0.0592805 0.159729 0.0832438 0.171605 
0.0268491 0.0548481 0.0484112 0.0774834 0.186197 0.0775326 0.0648573 0.134709 0.112104 0.217008 
0.0746098 0.0671883 0.177331 0.130477 0.0875733 0.0896046 0.124116 0.0609572 0.108026 0.0801165 
0.0770948 0.0901476 0.088729 0.16236 0.0659551 0.158356 0.09469 0.0529965 0.105186 0.104485 
0.0864508 0.0626292 0.0855985 0.138562 0.0857124 0.194446 0.0642739 0.0509345 0.101589 0.129804 
0.0236633 0.187165 0.0839653 0.173893 0.0866261 0.0958913 0.0680847 0.0567111 0.0982412 0.125758 
0.0621499 0.122835 0.210552 0.111328 0.0545499 0.0723352 0.216251 0.0296145 0.0640082 0.0563768 
0.0296334 0.0153469 0.027326 0.0754431 0.222819 0.112443 0.053289 0.0803605 0.104884 0.278456 
0.0453339 0.0249542 0.0838295 0.0499682 0.247301 0.0632905 0.105276 0.106695 0.114504 0.158847 
0.151363 0.048438 0.121387 0.0995234 0.0744729 0.110339 0.216163 0.0429306 0.0831401 0.0522432 
0.0863794 0.0449116 0.111161 0.232643 0.0771433 0.127173 0.0657756 0.107508 0.0833285 0.0639767 
0.102323 0.0707351 0.0543905 0.0839299 0.122968 0.192152 0.080639 0.0806594 0.0863761 0.125827 
0.0925723 0.0488037 0.0567417 0.104604 0.101385 0.220918 0.0983106 0.0610457 0.12511 0.0905089 
0.0799985 0.0315202 0.270637 0.03954 0.0439055 0.066316 0.287043 0.0304321 0.117819 0.0327891 
0.244045 0.0159568 0.091467 0.0874099 0.0576081 0.185908 0.0550817 0.0516128 0.117396 0.093515 
0.066422 0.0164398 0.0706489 0.0688257 0.229938 0.119567 0.112212 0.0901502 0.0996912 0.126105 
0.0432403 0.163612 0.12186 0.119889 0.0748706 0.0858739 0.0817074 0.126236 0.0928513 0.0898599 
0.0691343 0.0156811 0.0395319 0.0647821 0.166946 0.0920857 0.0605516 0.180684 0.0792707 0.231332 
0.124306 0.0824694 0.0564919 0.0784694 0.105468 0.168711 0.0881219 0.109131 0.105067 0.0817648 
0.0223755 0.0286799 0.0482428 0.138895 0.0664219 0.0736056 0.0227259 0.409703 0.0653911 0.12396 
0.103497 0.0207663 0.183492 0.0547987 0.0663342 0.115869 0.0960612 0.0487407 0.169982 0.140459 
0.0479723 0.0414016 0.100487 0.0922284 0.131186 0.114201 0.102413 0.11813 0.0924204 0.15956 
0.0709163 0.0723009 0.186764 0.195319 0.0534437 0.103079 0.0950238 0.0299511 0.105374 0.0878286 
0.0614339 0.0168496 0.118199 0.13878 0.117138 0.0654614 0.031914 0.267306 0.060572 0.122347 
0.06518 0.101603 0.0711778 0.125623 0.170051 0.109992 0.0849007 0.0580202 0.0874301 0.126021 
0.0790735 0.0505746 0.111391 0.127523 0.0959335 0.111334 0.162334 0.077212 0.0917237 0.092901 
0.0649458 0.0234688 0.0782147 0.0495408 0.234344 0.078566 0.126978 0.0933094 0.0967932 0.153839 
0.0669423 0.0619253 0.0895708 0.220754 0.0654829 0.183866 0.0604587 0.050384 0.118078 0.0825381 
0.32123 0.0136814 0.103756 0.058565 0.025309 0.172841 0.143303 0.0470306 0.068693 0.04559 
0.0683948 0.0222519 0.0653138 0.142518 0.0640546 0.0558594 0.0253831 0.350081 0.0792709 0.126873 
0.413944 0.0104217 0.0839522 0.0628139 0.0456043 0.131498 0.0883201 0.0230928 0.0967253 0.0436279 
0.145031 0.0272305 0.271543 0.155247 0.0481612 0.13433 0.0795745 0.0162443 0.0993496 0.0232892 
0.0530157 0.08045 0.0617927 0.142461 0.0563678 0.0748314 0.0199543 0.182921 0.0987196 0.229486 
0.0346713 0.206001 0.0747942 0.106407 0.0639564 0.103612 0.0930335 0.094869 0.110201 0.112454 
0.0215816 0.0596843 0.054748 0.114312 0.130762 0.105828 0.0334661 0.21783 0.102155 0.159632 
0.077487 0.0972042 0.095106 0.199184 0.0697931 0.167103 0.0590137 0.0410858 0.121181 0.0728422 
0.0678858 0.0751545 0.168698 0.0712328 0.0889517 0.0795544 0.106442 0.114016 0.103527 0.124538 
0.0478797 0.0989542 0.0659024 0.14178 0.113702 0.104499 0.0441646 0.134206 0.11416 0.134752 
0.0561235 0.018928 0.0252742 0.0693543 0.0720645 0.0877845 0.0148793 0.33528 0.0944795 0.225832 
0.0576645 0.0603984 0.0547477 0.109045 0.108913 0.126704 0.0571719 0.170726 0.0667625 0.187866 
0.082624 0.0354512 0.113518 0.0689274 0.119895 0.154129 0.185349 0.0391975 0.0991873 0.101722 
0.114658 0.0428975 0.345047 0.114336 0.0569065 0.0691605 0.0953451 0.013796 0.110724 0.037129 
0.0641659 0.0381806 0.0493823 0.0956131 0.0991136 0.123268 0.0440332 0.252111 0.0725685 0.161563 
0.0394142 0.0944642 0.0855909 0.0632006 0.105872 0.176837 0.111216 0.0602409 0.143622 0.119543 
0.031385 0.0189225 0.0341587 0.0676145 0.275131 0.095732 0.092121 0.0647839 0.114596 0.205555 
0.040156 0.0784896 0.0768479 0.105856 0.0751234 0.0848382 0.0283891 0.294942 0.0839567 0.131401 
0.0659452 0.0488018 0.0486166 0.179321 0.11433 0.166691 0.0885437 0.115161 0.0941253 0.0784644 
0.0449199 0.0409756 0.13686 0.03887 0.141056 0.0658566 0.344047 0.0384818 0.0632445 0.0856893 
0.0343981 0.215701 0.113276 0.107383 0.0702624 0.0953677 0.113333 0.0688767 0.109345 0.0720571 
0.0799928 0.0539294 0.0881411 0.25915 0.0487507 0.160826 0.0229062 0.0744054 0.0985038 0.113395 
0.0483153 0.0734225 0.146936 0.0698472 0.0861189 0.105518 0.272602 0.040361 0.0810495 0.0758292 
0.0773404 0.0889544 0.0817582 0.114121 0.123975 0.108815 0.0709266 0.0946886 0.102804 0.136618 
0.0885904 0.048775 0.0574333 0.25506 0.0538003 0.145802 0.0246745 0.10544 0.0902316 0.130192 
0.0234471 0.235994 0.07719 0.125399 0.0831139 0.101536 0.0852103 0.0480351 0.115422 0.104653 
0.0382346 0.0255773 0.0363303 0.0268389 0.279774 0.0576477 0.138427 0.113128 0.0737571 0.210285 
0.0432939 0.146112 0.0665736 0.107926 0.104074 0.12345 0.0757016 0.100039 0.0889786 0.143851 
0.0423929 0.0609354 0.11111 0.105357 0.0947183 0.0991459 0.0933917 0.225249 0.082996 0.0847026 
0.0974951 0.0719534 0.126423 0.0546994 0.0605339 0.147827 0.297713 0.0267237 0.0807989 0.0358332 
0.0315783 0.0159871 0.0643596 0.0572624 0.126604 0.0739452 0.0623953 0.180383 0.0911012 0.296384 
0.0495482 0.0906338 0.14862 0.0641235 0.0899429 0.0826464 0.231015 0.0556525 0.0969603 0.0908572 
0.277236 0.0289192 0.088665 0.0519771 0.0641226 0.142622 0.0752108 0.068252 0.0955892 0.107407 
0.066875 0.0283971 0.0378364 0.0830511 0.0739534 0.324679 0.0339244 0.101283 0.120195 0.129806 
0.0580178 0.0229529 0.0682726 0.105938 0.247583 0.095939 0.0740267 0.0658841 0.0681685 0.193216 
0.0616537 0.035147 0.118956 0.0963787 0.14084 0.137171 0.0876126 0.0729455 0.0836036 0.165692 
0.0734601 0.0340694 0.0841812 0.0832801 0.133861 0.103931 0.0769497 0.123782 0.0999226 0.186563 
0.130811 0.024855 0.248481 0.107261 0.0858644 0.0854256 0.105147 0.035341 0.123773 0.0530399 
0.0845374 0.15866 0.120656 0.125108 0.0442653 0.0985381 0.11584 0.0569314 0.112207 0.0832566 
0.0349221 0.0444329 0.034013 0.0942157 0.143552 0.129235 0.063337 0.1033 0.089499 0.263493 
0.076821 0.0338599 0.0633181 0.064036 0.234782 0.0772935 0.0858835 0.102279 0.0771575 0.18457 
0.0821026 0.104035 0.100364 0.146346 0.0916139 0.125877 0.077594 0.0330438 0.157168 0.0818561 
0.0354384 0.14492 0.138698 0.129635 0.0541738 0.074044 0.048829 0.182019 0.0765334 0.11571 
0.0856287 0.0799048 0.0911423 0.193712 0.0602847 0.161907 0.066263 0.0546167 0.104842 0.101699 
0.0315187 0.054436 0.0802979 0.0884925 0.144697 0.0770942 0.072957 0.144293 0.0887035 0.217511 
0.0372278 0.0607697 0.134808 0.0928171 0.130536 0.0649365 0.0655155 0.198748 0.0710955 0.143546 
0.0461753 0.0622166 0.0866259 0.0704477 0.181526 0.0798625 0.109837 0.0866948 0.0913109 0.185302 
0.0458027 0.077095 0.0756128 0.110519 0.165479 0.0925435 0.0767953 0.111492 0.0896501 0.155011 
0.0353941 0.0187128 0.0896511 0.0637923 0.231139 0.083797 0.144256 0.0867767 0.108085 0.138396 
0.0712391 0.0446271 0.0739734 0.0918867 0.134501 0.0891031 0.0678268 0.123431 0.116909 0.186503 
0.062931 0.0334912 0.138304 0.0837788 0.0699244 0.141085 0.0754251 0.0984584 0.124664 0.171938 
0.0605801 0.0254463 0.0876055 0.140829 0.102887 0.267224 0.0728949 0.0429161 0.114819 0.0847974 
0.0777323 0.0232119 0.102462 0.0377447 0.16796 0.0929839 0.123513 0.102766 0.0989857 0.172641 
0.0535548 0.0652821 0.0877743 0.131088 0.110299 0.101115 0.0547584 0.194082 0.0773094 0.124737 
0.0559256 0.079857 0.112073 0.0783134 0.107773 0.10106 0.200769 0.0508341 0.0925492 0.120846 
0.0344846 0.0326736 0.0173813 0.0737173 0.169559 0.0705643 0.0504323 0.22171 0.0973156 0.232162 
0.0329114 0.0860521 0.131563 0.0864781 0.134795 0.0715215 0.0936308 0.0756453 0.0910544 0.196348 
0.222835 0.0148988 0.141581 0.128514 0.0455326 0.129934 0.0691412 0.109103 0.0683741 0.0700856 
0.0799358 0.0550115 0.0640227 0.0674766 0.100644 0.266709 0.0746039 0.0679671 0.125609 0.0980204 
0.0368265 0.0439342 0.109857 0.172657 0.0546674 0.170231 0.0282956 0.0588584 0.166351 0.158323 
0.0743226 0.0455171 0.0937275 0.125595 0.0856326 0.212244 0.0535949 0.071276 0.110335 0.127756 
0.0589601 0.0221212 0.0827607 0.0500866 0.156402 0.106506 0.281779 0.0619246 0.0847251 0.0947348 
0.0664166 0.0231257 0.117842 0.0474051 0.0943062 0.115682 0.34337 0.0326474 0.101056 0.0581492 
0.0565157 0.042163 0.09838 0.155486 0.0472706 0.271662 0.106534 0.0206549 0.13635 0.0649845 
0.0520227 0.019911 0.151295 0.10364 0.118059 0.0461263 0.056053 0.2535 0.0923167 0.107076 
0.0634513 0.0704726 0.110387 0.129621 0.0729039 0.148507 0.0562568 0.065861 0.178875 0.103664 
0.0327267 0.188053 0.0910227 0.130935 0.0559006 0.103858 0.108437 0.0687393 0.119032 0.101296 
0.209484 0.0173883 0.112785 0.0739025 0.0489104 0.212342 0.0868191 0.0503011 0.112114 0.075954 
0.040265 0.220162 0.129056 0.135349 0.0416579 0.0839273 0.08652 0.0621717 0.12284 0.0780509 
0.0772677 0.0387178 0.114498 0.0467631 0.0987258 0.0949399 0.328781 0.0582485 0.0530558 0.0890029 
0.0747793 0.0286135 0.081586 0.0420809 0.152972 0.0784464 0.108539 0.129265 0.124926 0.178792 
0.0850246 0.073767 0.115767 0.0797175 0.117801 0.127052 0.187974 0.053332 0.0952967 0.0642683 
0.0532076 0.0405567 0.0502016 0.15269 0.061463 0.0737705 0.0465403 0.279829 0.0799361 0.161805 
0.0480602 0.0390286 0.175288 0.212686 0.108758 0.095957 0.0193962 0.114389 0.10661 0.0798267 
0.0351969 0.16917 0.137008 0.114387 0.0539043 0.0856232 0.106993 0.112539 0.0924094 0.092769 
0.0680844 0.0350158 0.102537 0.089774 0.128133 0.0813832 0.0665487 0.182177 0.0708703 0.175476 
0.0480087 0.165862 0.0614768 0.111804 0.0746696 0.118203 0.113664 0.0678841 0.108718 0.129709 
0.0528305 0.050074 0.124549 0.082188 0.0852701 0.163447 0.0725252 0.0947242 0.136906 0.137485 
0.0818958 0.0141597 0.379916 0.180579 0.0714537 0.10153 0.074722 0.00706473 0.0542155 0.0344632 
0.22977 0.0227936 0.106994 0.0828899 0.0607011 0.168194 0.102152 0.0458333 0.106501 0.0741723 
0.0678455 0.0763095 0.0921516 0.0945747 0.177296 0.108861 0.0777015 0.08003 0.0855626 0.139668 
0.0572949 0.0299325 0.0879165 0.0892242 0.126425 0.111417 0.0815812 0.09396 0.0819873 0.240262 
0.101824 0.0136162 0.132254 0.0956596 0.0811048 0.106206 0.0561355 0.0952194 0.106552 0.211429 
0.113623 0.0355574 0.0854269 0.0523624 0.137567 0.213936 0.0836486 0.0676425 0.127221 0.0830163 
0.087775 0.0760193 0.0827537 0.113736 0.0605188 0.20214 0.0875797 0.051504 0.116637 0.121336 
0.043204 0.152445 0.0689952 0.128175 0.0950449 0.0880696 0.0882758 0.107792 0.0973901 0.130609 
0.0835918 0.047727 0.0509049 0.0643794 0.125528 0.25383 0.148715 0.0376705 0.0952635 0.0923895 
0.0700761 0.0287237 0.0964862 0.049182 0.130503 0.0956429 0.313638 0.07084 0.04737 0.0975379 
0.182468 0.0189855 0.113955 0.0805299 0.0604536 0.166766 0.104837 0.0755518 0.0973519 0.0991015 
0.142819 0.102728 0.162441 0.204144 0.0262237 0.0930974 0.08684 0.0775958 0.0620466 0.0420647 
0.0447227 0.0858113 0.0859501 0.0951847 0.156362 0.0741449 0.104853 0.114138 0.0847446 0.154088 
0.0295741 0.0668295 0.0749047 0.0960741 0.294176 0.0899524 0.0651209 0.0830312 0.0973135 0.103024 
0.124464 0.0268353 0.0932087 0.0676542 0.104099 0.116877 0.312477 0.038223 0.0671141 0.0490479 
0.101828 0.0311143 0.0774138 0.0875342 0.0448993 0.386099 0.0363296 0.0384289 0.137682 0.0586701 
0.0257867 0.0102271 0.0753639 0.0847737 0.21023 0.0750021 0.0839529 0.169929 0.0869218 0.177813 
0.0534944 0.0553191 0.145559 0.050116 0.139976 0.0509492 0.185664 0.143986 0.0773124 0.0976243 
0.0969589 0.0334156 0.0539074 0.138899 0.0661861 0.256747 0.089867 0.0323515 0.14887 0.0827962 
0.0637997 0.0459807 0.0831321 0.057773 0.200155 0.0691151 0.0835068 0.118194 0.0871689 0.191175 
0.0880221 0.0751989 0.072319 0.0752984 0.094789 0.248703 0.0975666 0.0611414 0.0906035 0.0963586 
0.0415668 0.204868 0.0741927 0.125821 0.051529 0.102198 0.10432 0.0845933 0.100237 0.110674 
0.0586295 0.0462427 0.0578152 0.0959964 0.214805 0.0980376 0.0823492 0.0983514 0.078065 0.169708 
0.0493076 0.0713054 0.0760446 0.0860361 0.173994 0.119047 0.104846 0.103397 0.069624 0.146397 
0.074374 0.0515702 0.117063 0.146621 0.0497103 0.0472485 0.0202486 0.229329 0.0792426 0.184593 
0.151311 0.0687162 0.209542 0.144087 0.0241124 0.174363 0.0633804 0.00985973 0.12363 0.0309987 
0.135414 0.0650072 0.0724414 0.135992 0.0921099 0.141064 0.0694012 0.0967126 0.0944045 0.0974531 
0.0658716 0.068145 0.318515 0.105276 0.0758725 0.0663831 0.099729 0.033169 0.108882 0.0581568 
0.0510765 0.102243 0.102091 0.125875 0.0807632 0.123995 0.0556764 0.133992 0.103034 0.121253 
0.0520173 0.156033 0.0995879 0.119573 0.059171 0.106558 0.106222 0.110195 0.0880974 0.102545 
0.0629533 0.0576518 0.130687 0.0978573 0.104726 0.151226 0.0811458 0.0799791 0.126366 0.107407 
0.0315711 0.197686 0.08631 0.119453 0.0566681 0.0905456 0.100669 0.106897 0.0984533 0.111745 
0.0475192 0.103818 0.126483 0.121485 0.051414 0.162447 0.0810762 0.0410665 0.189373 0.075318 
0.0319561 0.171725 0.0859947 0.120691 0.0695532 0.0925799 0.081857 0.130034 0.091162 0.124448 
0.0475055 0.0926558 0.134076 0.118295 0.0727743 0.153944 0.109466 0.0348219 0.153465 0.0829967 
0.0833705 0.074415 0.101898 0.122865 0.0771191 0.198195 0.0745114 0.0650915 0.118766 0.0837682 
0.379862 0.00483478 0.0913724 0.0734399 0.053096 0.157468 0.123876 0.0173139 0.0645419 0.0341957 
0.0701466 0.0965297 0.0714157 0.127991 0.0862196 0.149097 0.105043 0.0458474 0.135105 0.112605 
0.0683345 0.0253682 0.0607813 0.0500005 0.159397 0.0606425 0.0941454 0.11971 0.0915817 0.270039 
0.066148 0.08078 0.288852 0.201255 0.0157215 0.0910435 0.0955222 0.0139277 0.121601 0.0251492 
0.0783569 0.0456571 0.11007 0.155158 0.0730577 0.225942 0.0392409 0.0473773 0.119265 0.105875 
0.458828 0.0104853 0.0694191 0.050078 0.0299118 0.159093 0.0534893 0.0382182 0.0785005 0.0519774 
0.046925 0.14346 0.0932151 0.122454 0.0719602 0.136669 0.107816 0.0654433 0.093063 0.118993 
0.0345269 0.186173 0.110756 0.119041 0.0659295 0.0802467 0.0694312 0.110233 0.11519 0.108471 
0.0421446 0.152056 0.0817786 0.105989 0.10428 0.130913 0.0905571 0.0719755 0.101515 0.118791 
0.311714 0.0156802 0.0819231 0.0908547 0.0799524 0.160817 0.0662346 0.0560859 0.0699795 0.0667579 
0.0324478 0.046824 0.089224 0.118162 0.152304 0.120826 0.0816409 0.126429 0.0885581 0.143585 
0.223254 0.0139429 0.0958218 0.0970023 0.0525565 0.171074 0.0440355 0.101419 0.103152 0.097742 
0.0457941 0.115491 0.110454 0.102379 0.121728 0.142066 0.0882261 0.0481967 0.100909 0.124756 
0.0335607 0.184981 0.0874531 0.118506 0.0638818 0.093199 0.132178 0.0628336 0.112616 0.11079 
0.0772364 0.0418563 0.127443 0.062128 0.0616159 0.107734 0.355567 0.024363 0.0886184 0.0534371 
0.0488852 0.0358135 0.0690574 0.0812637 0.200457 0.128657 0.0647725 0.12499 0.0870204 0.159083 
0.0532143 0.043003 0.325392 0.184767 0.0350942 0.0801685 0.0545323 0.035979 0.113037 0.0748116 
0.109863 0.0148668 0.209388 0.33253 0.0288924 0.139428 0.0493396 0.0132732 0.0686555 0.0337633 
0.111751 0.0178416 0.121272 0.0464062 0.0918811 0.0523443 0.385255 0.0242825 0.078491 0.070476 
0.0570163 0.171178 0.126982 0.107796 0.0657628 0.0896612 0.0960665 0.102592 0.10102 0.0819255 
0.0476201 0.148441 0.0732908 0.12042 0.0639561 0.107222 0.0934433 0.115773 0.103598 0.126236 
0.048243 0.168367 0.118746 0.100557 0.0733054 0.0883224 0.112328 0.112846 0.0967398 0.0805468 
0.077216 0.0942994 0.0904889 0.193726 0.0711414 0.139157 0.068656 0.0662144 0.0965367 0.102564 
0.0373217 0.0341501 0.0245436 0.07052 0.106348 0.181126 0.0470895 0.0978841 0.123382 0.277634 
0.0983114 0.0392722 0.0548097 0.10648 0.084407 0.247204 0.0670403 0.0727151 0.114313 0.115447 
0.0722899 0.0481258 0.349517 0.0813719 0.0744516 0.083238 0.10947 0.0272318 0.089089 0.0652146 
0.0271632 0.0620058 0.0158164 0.0837622 0.179846 0.126906 0.0495644 0.0848021 0.0818717 0.288262 
0.0644808 0.0199781 0.0616982 0.0671993 0.171578 0.137802 0.107869 0.127301 0.0885728 0.153521 
0.112791 0.0777561 0.049853 0.106656 0.100343 0.131886 0.0357817 0.16187 0.0827984 0.140264 
0.0195891 0.0494783 0.0483771 0.116985 0.150394 0.119891 0.0631216 0.102758 0.0844725 0.244934 
0.048406 0.0806865 0.126154 0.173728 0.076597 0.107189 0.0694703 0.0818491 0.0803661 0.155554 
0.0301318 0.0480851 0.0615637 0.110572 0.147504 0.108312 0.0625076 0.116099 0.0952629 0.219961 
0.196603 0.0128532 0.100323 0.0751432 0.0788051 0.155189 0.0840392 0.0846607 0.089903 0.122482 
0.0570113 0.0610427 0.112462 0.216309 0.0667944 0.110188 0.0386721 0.0903561 0.0850097 0.162154 
0.0923784 0.059889 0.0827283 0.0599273 0.07041 0.179127 0.268725 0.0280667 0.112878 0.0458703 
0.0875373 0.0740766 0.0663338 0.111429 0.0810011 0.196498 0.0431873 0.121147 0.114652 0.104137 
0.108789 0.0437917 0.0557919 0.154589 0.0717993 0.215913 0.0446035 0.0786078 0.0990326 0.127082 
0.0539933 0.0184069 0.0272988 0.0746937 0.0978235 0.129422 0.0334107 0.272209 0.0754559 0.217286 
0.102613 0.0205758 0.255957 0.126249 0.0605394 0.0956472 0.143592 0.0440431 0.0902181 0.0605649 
0.0733744 0.00513855 0.389085 0.0748341 0.0428089 0.109702 0.0712939 0.0718068 0.0906957 0.0712609 
0.0732477 0.0336749 0.0704328 0.0951936 0.0713367 0.0819059 0.0355969 0.273294 0.0685133 0.196804 
0.0713569 0.151787 0.111917 0.100721 0.0815973 0.094673 0.111837 0.110978 0.0875825 0.0775506 
0.0976679 0.0609199 0.200548 0.149544 0.0694272 0.143285 0.0590961 0.0316985 0.137427 0.0503856 
0.0339275 0.0952303 0.0681314 0.115743 0.0965743 0.155493 0.0666174 0.0841506 0.166487 0.117646 
0.0775855 0.0617274 0.0885418 0.0994587 0.170716 0.0845529 0.11817 0.0728208 0.102014 0.124413 
0.0563407 0.196443 0.120473 0.124532 0.0573765 0.0759347 0.0901566 0.0948287 0.100169 0.083745 
0.0603951 0.0810887 0.095847 0.115087 0.0934713 0.0804749 0.0514747 0.192388 0.0701307 0.159642 
0.106466 0.0740658 0.0908967 0.215335 0.056593 0.132603 0.0469742 0.0902901 0.0841512 0.102625 
0.100385 0.129435 0.0881465 0.172701 0.0607852 0.151299 0.0618064 0.0422182 0.106779 0.0864451 
0.0508428 0.0813026 0.125984 0.0863293 0.0597192 0.18342 0.141367 0.016682 0.17552 0.0788337 
0.0477134 0.0230116 0.0705923 0.118411 0.071188 0.131913 0.0252064 0.191495 0.123411 0.197057 
0.0648101 0.0621535 0.0940616 0.139751 0.0846087 0.0921631 0.0432235 0.176543 0.094048 0.148638 
0.0756686 0.0229957 0.0657092 0.075435 0.127992 0.106348 0.0686176 0.171429 0.0727796 0.213026 
0.0543042 0.0751333 0.26801 0.160161 0.0371938 0.0919712 0.146913 0.0422803 0.0588248 0.0652082 
0.0389213 0.164917 0.277334 0.0838472 0.0489502 0.0486085 0.170998 0.0244311 0.0971063 0.0448859 
0.0521129 0.0226196 0.0447919 0.0542246 0.26689 0.0681191 0.100127 0.0996639 0.0869526 0.204499 
0.0409139 0.179558 0.0650918 0.122951 0.0687113 0.0997983 0.0982487 0.113024 0.0905577 0.121145 
0.0765843 0.0796668 0.0983051 0.126553 0.0604717 0.213825 0.0934706 0.0347865 0.127818 0.0885188 
0.0839268 0.028373 0.113885 0.106761 0.0789501 0.138811 0.0809997 0.102462 0.124912 0.14092 
0.150137 0.0257786 0.0843747 0.0443158 0.0790523 0.0883899 0.0624846 0.080658 0.193829 0.19098 
0.0502975 0.0467867 0.0739079 0.116157 0.151766 0.075964 0.0847199 0.228041 0.0612741 0.111086 
0.0605715 0.101224 0.164776 0.137381 0.0773504 0.0905904 0.0829392 0.0998527 0.0825021 0.102813 
0.0681257 0.118884 0.0890784 0.120223 0.0961684 0.104243 0.160298 0.096269 0.096434 0.0502761 
0.41108 0.00661798 0.161966 0.0703324 0.0260659 0.0938013 0.104592 0.0182009 0.0827412 0.0246027 
0.0538142 0.0653196 0.124251 0.116577 0.149876 0.0759539 0.128996 0.0478381 0.11814 0.119234 
0.0524575 0.0103291 0.0466025 0.0345597 0.292463 0.0769181 0.0922109 0.106111 0.106284 0.182064 
0.0487229 0.165811 0.22384 0.132541 0.0366922 0.086409 0.158901 0.0194594 0.0901364 0.0374872 
0.0250102 0.0406534 0.0541537 0.0901791 0.239496 0.0819936 0.0537592 0.0716628 0.0892795 0.253812 
0.0700475 0.136611 0.0612751 0.103642 0.081029 0.140952 0.0953495 0.0777392 0.108435 0.124919 
0.0278381 0.0472543 0.0297883 0.0666015 0.16394 0.0835923 0.0632331 0.131934 0.0708028 0.315015 
0.105407 0.0581988 0.0823705 0.13558 0.0966799 0.207638 0.0636222 0.0622807 0.0995181 0.088705 
0.0681906 0.0328752 0.0782878 0.160273 0.0800866 0.0922494 0.0354059 0.255863 0.0744013 0.122367 
0.0506056 0.0552795 0.096897 0.137092 0.088342 0.10254 0.0479035 0.19376 0.0766159 0.150964 
0.0511663 0.178753 0.205915 0.165042 0.0292843 0.0978166 0.0801954 0.0355857 0.103584 0.0526578 
0.0555539 0.152086 0.121485 0.149402 0.0697126 0.103946 0.129719 0.0298135 0.117132 0.0711498 
0.0753137 0.018768 0.405575 0.0872011 0.0388323 0.0642486 0.174031 0.0114907 0.0828032 0.0417371 
0.311621 0.0404613 0.0619692 0.0641587 0.0604046 0.0703063 0.216264 0.0484959 0.0872326 0.0390862 
0.101939 0.0496967 0.11965 0.049793 0.0711541 0.189915 0.0717174 0.0950907 0.164721 0.086323 
0.0860566 0.106731 0.108615 0.123014 0.0432778 0.187252 0.0399392 0.0768123 0.134451 0.0938504 
0.0449353 0.045957 0.0419176 0.130628 0.070385 0.0944178 0.0367308 0.309845 0.0763954 0.148788 
0.0297174 0.0671507 0.0715397 0.138673 0.0884765 0.0940875 0.030783 0.230828 0.0826724 0.166072 
0.0286967 0.149685 0.0892545 0.125224 0.103935 0.111664 0.064718 0.0746999 0.0882566 0.163867 
0.0277696 0.207331 0.092407 0.150287 0.0521514 0.0963832 0.099609 0.0693958 0.103412 0.101254 
0.103614 0.0448046 0.0762742 0.0940819 0.0779998 0.165294 0.11309 0.0389804 0.159385 0.126476 
0.0233073 0.217077 0.0756589 0.140798 0.0725682 0.0804926 0.0794761 0.100948 0.0955584 0.114116 
0.115925 0.0329627 0.115654 0.0823195 0.129139 0.102435 0.103818 0.0468083 0.137331 0.133608 
0.318951 0.0180235 0.0905796 0.143703 0.0626041 0.0914017 0.0866407 0.08285 0.0449503 0.0602967 
0.0764526 0.050549 0.100663 0.223906 0.0835881 0.179363 0.0225871 0.0571319 0.111093 0.0946673 
0.232912 0.0129158 0.0841614 0.0856317 0.0645188 0.153894 0.0897363 0.0720295 0.0952411 0.108959 
0.0374566 0.172237 0.0681881 0.124065 0.0615982 0.0955273 0.0880203 0.126826 0.0945208 0.13156 
0.0551353 0.0225968 0.0624682 0.0881068 0.109462 0.0950252 0.0472365 0.152764 0.10702 0.260185 
0.0239459 0.0212026 0.108306 0.094512 0.114217 0.0704768 0.059886 0.15667 0.115369 0.235414 
0.0450837 0.018867 0.0656816 0.0535762 0.215033 0.101582 0.0848217 0.136083 0.0794495 0.199822 
0.0337201 0.199378 0.104969 0.129046 0.0495236 0.107115 0.0951137 0.0825253 0.111901 0.0867088 
0.0413484 0.0448338 0.073287 0.0669435 0.0921039 0.0832081 0.0738977 0.130209 0.176056 0.218113 
0.0933486 0.0402708 0.240748 0.0993942 0.0715033 0.118775 0.081007 0.0453126 0.142879 0.066761 
0.0404162 0.166361 0.0747488 0.133843 0.0800191 0.0887033 0.0965754 0.114644 0.0823693 0.12232 
0.0492724 0.188625 0.207784 0.124249 0.0274605 0.0864844 0.159571 0.00999017 0.110744 0.0358204 
0.0494703 0.0224984 0.0508941 0.0781032 0.145229 0.0526152 0.0582227 0.156539 0.094617 0.291811 
0.0434449 0.100859 0.143748 0.0988357 0.0803192 0.104855 0.0652924 0.136772 0.0950808 0.130794 
0.108122 0.0680235 0.0561347 0.0965779 0.10329 0.188437 0.0468584 0.123212 0.100127 0.109218 
0.0583141 0.0338319 0.0762725 0.0733445 0.131493 0.0958031 0.0761706 0.117219 0.0863416 0.25121 
0.0438434 0.0669026 0.3218 0.184193 0.0302175 0.0849647 0.153901 0.0160691 0.0625081 0.0356007 
0.0494595 0.0802621 0.16512 0.110931 0.083958 0.118182 0.199213 0.0255234 0.109927 0.057424 
0.0390215 0.0216465 0.0456507 0.0895772 0.296801 0.0604683 0.0451779 0.127517 0.063314 0.210825 
0.0428883 0.182512 0.103931 0.137454 0.0495534 0.121992 0.0849061 0.0879692 0.11109 0.0777043 
0.0640633 0.104486 0.0720665 0.12091 0.125826 0.195031 0.11682 0.0290624 0.116193 0.0555411 
0.0417771 0.111814 0.0501576 0.104623 0.158538 0.140901 0.0809446 0.0649823 0.0946557 0.151606 
0.129719 0.102179 0.184712 0.155517 0.0243198 0.144022 0.102756 0.00708926 0.124467 0.0252203 
0.0450512 0.0363342 0.0580043 0.0550681 0.151741 0.111409 0.0591136 0.149961 0.0729581 0.260359 
0.0418552 0.0760367 0.291777 0.133925 0.0931428 0.0472638 0.115636 0.0260301 0.0826176 0.0917162 
0.238912 0.0200448 0.107625 0.0883631 0.053819 0.166339 0.0456963 0.080736 0.107707 0.0907584 
0.0435804 0.0676228 0.0583932 0.113802 0.218097 0.0935927 0.0755568 0.0618556 0.0828664 0.184633 
0.49562 0.00873555 0.0830546 0.107993 0.0368403 0.122646 0.0334874 0.0354379 0.0443425 0.0318428 
0.371614 0.0100466 0.0953114 0.069071 0.0343085 0.140683 0.127414 0.0464144 0.0685316 0.0366057 
0.0965853 0.0539244 0.288836 0.140936 0.0342636 0.113651 0.11306 0.0151788 0.0919505 0.0516143 
0.0802706 0.0907311 0.113908 0.174226 0.056985 0.135639 0.0226386 0.0641861 0.14632 0.115095 
0.0489729 0.0691634 0.11354 0.127726 0.113549 0.0895686 0.146349 0.105892 0.0865061 0.0987326 
0.0348121 0.03708 0.133617 0.101674 0.134787 0.0666818 0.0738632 0.22123 0.0686888 0.127567 
0.0349646 0.197251 0.0626398 0.125229 0.0718954 0.0980589 0.105584 0.100518 0.0977809 0.106078 
0.0542024 0.047953 0.193413 0.0747407 0.0892461 0.0859087 0.131079 0.120173 0.092809 0.110475 
0.0276044 0.0620831 0.0596171 0.0733859 0.187409 0.124291 0.0903214 0.115677 0.100778 0.158834 
0.2447 0.0115396 0.230377 0.0268295 0.0153683 0.272608 0.04158 0.0209357 0.114614 0.0214493 
0.0589202 0.165799 0.281294 0.143557 0.0205072 0.0774652 0.110109 0.0159791 0.0863289 0.0400407 
0.0300834 0.0599271 0.123748 0.109085 0.104075 0.0716962 0.0649983 0.165789 0.113785 0.156813 
0.0310515 0.043445 0.0566922 0.0528293 0.246245 0.109075 0.084189 0.112178 0.137111 0.127184 
0.0662608 0.145536 0.104495 0.219899 0.0494693 0.139591 0.0816551 0.045864 0.0893459 0.0578838 
0.067689 0.0881206 0.107835 0.194992 0.0924791 0.134022 0.0801588 0.038325 0.105893 0.0904855 
0.449138 0.00406582 0.108802 0.0401758 0.0479979 0.0863228 0.113744 0.0269121 0.0856694 0.0371726 
0.268632 0.00948227 0.108296 0.0456696 0.0686069 0.159517 0.106447 0.0557785 0.0881477 0.0894226 
0.0841424 0.0795708 0.0677439 0.166024 0.121363 0.15469 0.0965791 0.0644376 0.112024 0.0534247 
0.0327302 0.198421 0.0699771 0.138509 0.0644299 0.0949683 0.09391 0.0869502 0.109328 0.110776 
0.0838613 0.0113838 0.0876514 0.0658452 0.111473 0.0859841 0.0647768 0.163513 0.133323 0.192188 
0.107673 0.0836838 0.0646486 0.0679965 0.086859 0.111169 0.319112 0.0210058 0.0814708 0.0563816 
0.0504806 0.0893993 0.0380594 0.0611829 0.117703 0.242541 0.0837891 0.0967258 0.134467 0.0856521 
0.129731 0.0309694 0.161518 0.203898 0.109982 0.0914039 0.100531 0.0271579 0.112467 0.0323427 
0.0974924 0.0342457 0.0699119 0.0803545 0.108228 0.245903 0.152202 0.0251863 0.136069 0.0504075 
0.0340077 0.127524 0.054547 0.0998467 0.0714112 0.126021 0.0591152 0.188949 0.102757 0.135821 
0.0579437 0.0766295 0.122264 0.156408 0.0504916 0.115466 0.038787 0.171382 0.106933 0.103694 
0.0346117 0.0743422 0.0310486 0.138889 0.109641 0.135885 0.0532106 0.118712 0.0796674 0.223992 
0.0766822 0.115028 0.0898225 0.219977 0.0670713 0.144776 0.0467284 0.0402002 0.117563 0.0821519 
0.151807 0.063364 0.0863408 0.111179 0.0752231 0.118035 0.0657197 0.100593 0.0838 0.143938 
0.0631636 0.0359839 0.100699 0.0681885 0.152247 0.0900666 0.10153 0.122235 0.107039 0.158847 
0.0895091 0.11467 0.25589 0.102032 0.0264859 0.094019 0.159444 0.00872921 0.108684 0.0405365 
0.336339 0.00822773 0.062425 0.042361 0.105184 0.140639 0.086377 0.0515191 0.0883635 0.0785639 
0.0337949 0.0950451 0.0805675 0.0903009 0.0970648 0.100032 0.0511909 0.196682 0.101019 0.154303 
0.0291714 0.199613 0.0862217 0.135376 0.0577267 0.0928097 0.090413 0.0904283 0.108531 0.109709 
0.0303755 0.198156 0.0780884 0.128975 0.0628204 0.0926783 0.100565 0.100833 0.0924801 0.115028 
0.0505287 0.140163 0.238335 0.160814 0.045135 0.0880266 0.10024 0.0288691 0.118105 0.0297833 
0.0278105 0.214468 0.082767 0.125179 0.0630412 0.079714 0.0885368 0.112423 0.0950642 0.110996 
0.0671342 0.042691 0.121452 0.0974861 0.0618767 0.296635 0.0468175 0.0452314 0.152918 0.067758 
0.0811657 0.0799154 0.110009 0.255199 0.058909 0.134849 0.0307272 0.0636224 0.0974609 0.0881426 
0.0629117 0.0931415 0.136621 0.182954 0.0646936 0.137364 0.0900549 0.0415624 0.119274 0.0714228 
0.0357891 0.03852 0.0901564 0.0839834 0.168839 0.0836066 0.0732744 0.0952118 0.0797949 0.250825 
0.0526142 0.0407394 0.072435 0.145087 0.0727485 0.0874628 0.0351104 0.299702 0.0698255 0.124275 
0.137949 0.0269032 0.10452 0.0872793 0.0852558 0.192241 0.0438438 0.0487969 0.132266 0.140945 
0.0461999 0.065139 0.167837 0.0625756 0.130653 0.116554 0.229977 0.0179868 0.117567 0.0455101 
0.0575916 0.112461 0.10279 0.190589 0.0568309 0.115429 0.104605 0.0788511 0.0903404 0.0905116 
0.0670702 0.0696044 0.0809773 0.107877 0.116041 0.111028 0.158008 0.0981987 0.0990596 0.0921365 
0.0339067 0.199771 0.0782222 0.120722 0.0536561 0.10221 0.0830739 0.11486 0.100429 0.113148 
0.135138 0.0577145 0.0614798 0.21992 0.0520101 0.207184 0.0419694 0.0297767 0.115938 0.0788695 
0.0562178 0.101534 0.0958489 0.124523 0.0606643 0.177481 0.136641 0.0375926 0.124737 0.0847601 
0.0263218 0.204206 0.073326 0.124825 0.0512258 0.0908202 0.0703369 0.108088 0.108645 0.142205 
0.236681 0.0191108 0.0989338 0.12943 0.0500024 0.123966 0.0538803 0.0647133 0.1129 0.110383 
0.0490515 0.0658035 0.042256 0.0800825 0.0819371 0.274718 0.0828706 0.054011 0.144249 0.125021 
0.0380511 0.169541 0.127049 0.110746 0.0509135 0.0952489 0.118853 0.0940505 0.112038 0.0835084 
0.0395057 0.0438866 0.11383 0.177228 0.0806103 0.107842 0.0486079 0.150784 0.0865539 0.151152 
0.0265898 0.195231 0.0699653 0.149539 0.0761138 0.0980585 0.0739249 0.0667078 0.0865332 0.157337 
0.0902875 0.042102 0.0968127 0.109599 0.0534247 0.277875 0.0769692 0.0368104 0.121413 0.0947068 
0.333891 0.031238 0.0711799 0.100629 0.0568112 0.129937 0.0853718 0.0530567 0.100251 0.037634 
0.0656526 0.0224072 0.135665 0.0573136 0.136422 0.0603719 0.189824 0.0370616 0.104341 0.190941 
0.0513604 0.150736 0.145304 0.118181 0.0712345 0.0856129 0.0800173 0.0774806 0.122465 0.0976082 
0.0870508 0.0770667 0.0901545 0.0837899 0.0620848 0.129171 0.13208 0.0564862 0.161929 0.120187 
0.0981524 0.0311998 0.0312439 0.120874 0.0850669 0.284481 0.0345058 0.0719549 0.1038 0.138721 
0.0526524 0.137637 0.094434 0.126024 0.0779681 0.103196 0.0876524 0.123748 0.0843755 0.112313 
0.060282 0.123742 0.0404265 0.0897388 0.123762 0.126426 0.0514566 0.116605 0.101429 0.166131 
0.0467542 0.0553262 0.0541074 0.0836554 0.147584 0.10707 0.0617856 0.0997149 0.119196 0.224806 
0.033822 0.042649 0.110472 0.101319 0.280652 0.0509338 0.0727711 0.1055 0.0913692 0.110511 
0.0413656 0.0379077 0.102666 0.066383 0.117587 0.0971585 0.296053 0.0392294 0.0845034 0.117146 
0.0669139 0.031846 0.115954 0.119258 0.0608076 0.16244 0.036788 0.177983 0.107901 0.120108 
0.0326354 0.169384 0.247558 0.144486 0.0123708 0.083541 0.200776 0.0154179 0.0658154 0.0280154 
0.105868 0.0482611 0.111858 0.10188 0.084081 0.204526 0.0582422 0.0603168 0.128668 0.0962992 
0.19854 0.0195453 0.0906771 0.0977739 0.0739037 0.170049 0.0699006 0.0812562 0.0964824 0.101871 
0.0823291 0.0813822 0.113957 0.0838818 0.0984238 0.0920808 0.154717 0.114904 0.0782475 0.100077 
0.088691 0.0270832 0.135852 0.104542 0.0977274 0.203009 0.0696393 0.0479507 0.115248 0.110256 
0.0674418 0.0822705 0.13662 0.0852169 0.114791 0.125009 0.200287 0.0283537 0.0989827 0.0610274 
0.109198 0.0489802 0.0858867 0.2013 0.0559943 0.153217 0.0299339 0.0965024 0.0936922 0.125295 
0.0431641 0.04233 0.0693746 0.156062 0.0783018 0.104041 0.0394625 0.244945 0.0702559 0.152063 
0.044668 0.151761 0.252127 0.179213 0.0168413 0.0746155 0.164804 0.0222108 0.0593511 0.0344084 
0.198341 0.0393948 0.156801 0.0903089 0.063921 0.110754 0.110404 0.0791604 0.0983104 0.0526036 
0.056669 0.086023 0.144623 0.136154 0.043417 0.183159 0.0455297 0.0474378 0.134981 0.122006 
0.0520135 0.0618856 0.155014 0.106872 0.0847164 0.125045 0.0737619 0.0591946 0.143581 0.137916 
0.0739915 0.0451479 0.0782072 0.0709685 0.0716477 0.287183 0.112731 0.050282 0.103902 0.105939 
0.0419333 0.0665857 0.0559877 0.096181 0.21161 0.102565 0.0739476 0.100807 0.072042 0.178341 
0.0366985 0.170455 0.102636 0.116536 0.0640453 0.0971821 0.0833347 0.13158 0.0879211 0.10961 
0.0293635 0.202755 0.0922764 0.138415 0.0674444 0.0868729 0.0853066 0.102578 0.0855121 0.109476 
0.0827631 0.0236944 0.0592387 0.0655197 0.221624 0.119655 0.0770917 0.0927352 0.0788246 0.178854 
0.294389 0.0110085 0.0955115 0.0278943 0.0250698 0.264755 0.138373 0.025 0.0998798 0.0181194 
0.0469146 0.0812156 0.114874 0.167217 0.0833602 0.0532896 0.0498593 0.206823 0.0910212 0.105425 
0.0594563 0.0662298 0.0675385 0.173528 0.0709926 0.185417 0.122287 0.0641973 0.0877337 0.10262 
0.0704039 0.0472465 0.0853335 0.149584 0.0911927 0.0907929 0.0442543 0.195883 0.0717521 0.153557 
0.0633339 0.0353763 0.106873 0.0448001 0.121136 0.102958 0.356909 0.0346771 0.0650488 0.0688889 
0.0396163 0.204522 0.104705 0.12821 0.0517816 0.0877476 0.092644 0.110161 0.0851127 0.0954991 
0.12772 0.0386271 0.0659448 0.107597 0.0986202 0.143854 0.140886 0.0644806 0.105073 0.107198 
0.0646959 0.090688 0.199358 0.10493 0.0853521 0.118205 0.0973417 0.0603725 0.085699 0.0933578 
0.0541489 0.154442 0.135992 0.130327 0.0612142 0.0852855 0.0706771 0.0974981 0.110095 0.10032 
0.0236739 0.0848942 0.0283686 0.117392 0.122491 0.121692 0.0520313 0.145256 0.0966384 0.207562 
0.121297 0.00733198 0.33364 0.0849993 0.0687398 0.0725543 0.100744 0.0685259 0.0723235 0.069844 
0.0905303 0.0268246 0.184407 0.103553 0.0620363 0.2039 0.0648047 0.0577243 0.118375 0.0878442 
0.0595474 0.0488326 0.170675 0.0575934 0.103828 0.106914 0.23498 0.0556384 0.0702169 0.0917744 
0.0320675 0.166504 0.104253 0.127187 0.0683499 0.091667 0.0759261 0.140378 0.0856029 0.108064 
0.105557 0.0338735 0.0551362 0.0780407 0.123315 0.0934037 0.0676527 0.147092 0.109695 0.186234 
0.0834787 0.0485203 0.0605202 0.117416 0.0589481 0.220604 0.107228 0.0484899 0.130187 0.124607 
0.0452068 0.0585153 0.312845 0.125424 0.0707131 0.0590453 0.165562 0.0270391 0.0867403 0.0489088 
0.0727642 0.088732 0.121817 0.121095 0.0746132 0.201381 0.0872064 0.0427846 0.113483 0.0761236 
0.065471 0.0217276 0.0565716 0.060413 0.199213 0.13523 0.0972688 0.088604 0.0999412 0.175559 
0.0872151 0.0143846 0.093289 0.0907879 0.222385 0.0762009 0.126961 0.0732909 0.0749791 0.140507 
0.222379 0.0135678 0.201172 0.0832689 0.0758132 0.117128 0.0761323 0.0400669 0.0983818 0.0720896 
0.0545026 0.0948799 0.125941 0.144678 0.0582579 0.132528 0.0704291 0.0616298 0.152302 0.104852 
0.126925 0.0460442 0.0906535 0.267109 0.0796197 0.143496 0.0691322 0.0512493 0.0833403 0.0424303 
0.0774061 0.0494516 0.0944159 0.0558443 0.125403 0.153861 0.0850679 0.126475 0.101007 0.131067 
0.0593635 0.0733018 0.201433 0.125073 0.0508154 0.121896 0.058997 0.0928572 0.124989 0.0912744 
0.0302022 0.0145638 0.101354 0.129576 0.287967 0.0638818 0.0625379 0.0661676 0.067884 0.175865 
0.142632 0.0224902 0.0380963 0.0693225 0.086029 0.179737 0.132452 0.0449089 0.114658 0.169674 
0.29353 0.0112851 0.0844332 0.0968465 0.0541852 0.163833 0.0174823 0.0717507 0.091092 0.115562 
0.121079 0.0690181 0.103059 0.203443 0.0408991 0.154929 0.100446 0.0327939 0.127755 0.0465771 
0.0343048 0.168951 0.0722471 0.124858 0.0638096 0.103364 0.0932163 0.103252 0.111512 0.124486 
0.0526194 0.0450529 0.0345699 0.0947006 0.0781895 0.133693 0.0305455 0.306856 0.0702239 0.153549 
0.0435115 0.0997864 0.114726 0.108754 0.0666583 0.113277 0.0435873 0.183729 0.0955067 0.130463 
0.0623964 0.0298498 0.0299894 0.21933 0.0621231 0.219008 0.0130252 0.131752 0.101426 0.131099 
0.0471514 0.00846367 0.0213689 0.10867 0.0605475 0.125275 0.0168419 0.35821 0.0924266 0.161045 
0.0377698 0.100547 0.0955426 0.0962128 0.108986 0.0836838 0.086866 0.115418 0.0836493 0.191325 
0.0639341 0.0275085 0.0196503 0.0702256 0.108676 0.107603 0.0401737 0.260529 0.0886096 0.21309 
0.0301305 0.206164 0.0966646 0.113034 0.0583075 0.0925158 0.125426 0.0839325 0.106395 0.0874292 
