0.0878409 0.0334451 0.0741821 0.161372 0.0790586 0.114576 0.0242956 0.228581 0.0932822 0.103367 
0.0940663 0.0993915 0.301096 0.0899754 0.0175855 0.133409 0.135582 0.00424114 0.0973882 0.0272648 
0.0454992 0.171207 0.119171 0.10976 0.0784266 0.107093 0.0878194 0.0999263 0.0965478 0.0845508 
0.281318 0.0281684 0.0960805 0.0673524 0.0535089 0.134304 0.0910153 0.101372 0.0675361 0.0793452 
0.107316 0.0519746 0.0800789 0.0464183 0.209226 0.0776149 0.101017 0.107788 0.0961689 0.122398 
0.0425235 0.193992 0.108468 0.112424 0.0762751 0.0892841 0.065324 0.111314 0.102479 0.0979166 
0.0464804 0.0396596 0.0367046 0.0725352 0.212479 0.135588 0.0485329 0.124758 0.129549 0.153714 
0.02584 0.0816611 0.108216 0.110719 0.113496 0.109824 0.0649522 0.0795324 0.118055 0.187705 
0.112405 0.0539755 0.118566 0.0379772 0.134635 0.16155 0.198994 0.038908 0.0880374 0.0549527 
0.0724699 0.0129823 0.0434078 0.0546356 0.173019 0.0828483 0.054494 0.184315 0.124747 0.19708 
0.241907 0.0248511 0.106028 0.0889958 0.0596468 0.191642 0.0865114 0.0343709 0.105793 0.0602537 
0.0911085 0.0643529 0.123826 0.10019 0.103044 0.0780324 0.169163 0.0549364 0.124977 0.0903704 
0.0584239 0.0319536 0.0732309 0.100374 0.132041 0.112922 0.0586652 0.131942 0.123955 0.176494 
0.234645 0.0213525 0.0980642 0.0668947 0.0649455 0.158567 0.0344275 0.0817282 0.124695 0.114681 
0.0340828 0.241818 0.0972126 0.157015 0.050667 0.0793357 0.0774597 0.0671536 0.109805 0.085451 
0.0768808 0.0531102 0.10289 0.130772 0.0817171 0.250647 0.0778516 0.037508 0.111149 0.0774744 
0.0798138 0.0291868 0.103865 0.0705441 0.157474 0.0794721 0.0780276 0.119786 0.109456 0.172374 
0.0846224 0.0171097 0.0790565 0.194996 0.0733756 0.0836246 0.0257547 0.293102 0.0796692 0.068689 
0.060976 0.0509418 0.166176 0.0949039 0.10395 0.183289 0.0689984 0.0571616 0.111777 0.101826 
0.08151 0.0617507 0.0826951 0.0867462 0.188134 0.105184 0.0798544 0.110181 0.090508 0.113436 
0.0683164 0.0361231 0.0320158 0.106569 0.129803 0.10471 0.0259503 0.206589 0.0901444 0.199779 
0.0665058 0.0588808 0.129249 0.0801824 0.0915678 0.161358 0.224244 0.0243617 0.102551 0.0611001 
0.0554099 0.0591021 0.11088 0.0506371 0.177279 0.0576972 0.184241 0.11936 0.0947331 0.0906611 
0.0713746 0.0496103 0.0946732 0.130101 0.116 0.227913 0.099706 0.0326187 0.116254 0.0617493 
0.0781881 0.0659753 0.0678156 0.0807381 0.189617 0.0888384 0.0854222 0.127125 0.0745857 0.141694 
0.48105 0.0024303 0.0450698 0.0204243 0.0447997 0.180257 0.115657 0.0272164 0.0558909 0.0272046 
0.090775 0.0343729 0.0790899 0.0996023 0.0611402 0.105904 0.0361185 0.218704 0.0981894 0.176104 
0.0822444 0.0412551 0.0671946 0.0678485 0.233584 0.0990442 0.0895525 0.0878029 0.0977782 0.133695 
0.326614 0.0249708 0.113903 0.0857086 0.0311753 0.126949 0.0365077 0.0792983 0.0923486 0.0825243 
0.0417703 0.139416 0.0881316 0.120581 0.0684152 0.154086 0.10849 0.0743136 0.112682 0.0921142 
0.0413377 0.0526013 0.0580426 0.233818 0.0608687 0.169259 0.0407015 0.109194 0.0908134 0.143364 
0.0438566 0.148509 0.0820395 0.129584 0.095394 0.100735 0.0815895 0.117602 0.0947647 0.105925 
0.0432102 0.041289 0.104473 0.195491 0.076199 0.227685 0.0480053 0.0380083 0.131313 0.0943256 
0.148865 0.0160431 0.127222 0.0258281 0.146038 0.190613 0.139758 0.0657534 0.0847228 0.0551576 
0.0561557 0.0317892 0.0855581 0.173091 0.0838512 0.0946837 0.0298372 0.20085 0.121256 0.122928 
0.0945292 0.0525761 0.222193 0.124388 0.0731253 0.200976 0.0645619 0.020657 0.118695 0.0282982 
0.0565812 0.0356957 0.0781709 0.175228 0.0693446 0.0980305 0.0316565 0.213171 0.110822 0.131299 
0.0287012 0.210708 0.0830394 0.115539 0.0595458 0.11624 0.088161 0.096704 0.102464 0.0988986 
0.137585 0.0871687 0.181195 0.130272 0.0346413 0.116028 0.12228 0.0261226 0.11003 0.0546768 
0.0329875 0.198174 0.0996376 0.133035 0.048818 0.115896 0.0974764 0.0543982 0.131382 0.0881959 
0.0452686 0.163246 0.109631 0.118611 0.0643112 0.128996 0.0931958 0.0754753 0.100582 0.100682 
0.0625199 0.0673076 0.0838354 0.158221 0.092166 0.0838176 0.0410543 0.183197 0.0802643 0.147617 
0.0244661 0.0636817 0.0716354 0.089193 0.222303 0.0649447 0.0615142 0.129602 0.10791 0.16475 
0.0599935 0.0767295 0.207404 0.126452 0.0861868 0.10152 0.0983244 0.0364869 0.115715 0.0911884 
0.0492816 0.0668444 0.123824 0.168772 0.0715817 0.162751 0.0955448 0.0527183 0.100228 0.108455 
0.0820096 0.0600158 0.0706041 0.142835 0.0710127 0.251019 0.0797127 0.0338424 0.105919 0.10303 
0.0204858 0.142216 0.111028 0.177546 0.0992137 0.110564 0.0732287 0.0645825 0.0954452 0.105689 
0.0698538 0.0938048 0.176946 0.153575 0.0668182 0.0750182 0.175491 0.0422168 0.0924289 0.0538476 
0.0263405 0.024055 0.0433945 0.0794235 0.268483 0.0995145 0.0516892 0.0862016 0.134411 0.186487 
0.0571536 0.0301681 0.112384 0.0553063 0.255164 0.042255 0.0946514 0.103523 0.114342 0.135053 
0.125936 0.0440441 0.0870475 0.0890686 0.0861708 0.175193 0.226945 0.034981 0.0736673 0.0569469 
0.0818926 0.0431456 0.134292 0.234715 0.0691204 0.134875 0.0610753 0.0953889 0.0810259 0.06447 
0.126672 0.0697659 0.0760005 0.0916583 0.124897 0.190299 0.0707387 0.0792178 0.081776 0.0889751 
0.0782538 0.0458543 0.0928552 0.120759 0.147843 0.175736 0.0930535 0.0657747 0.0970864 0.0827836 
0.063778 0.0316145 0.299612 0.0538295 0.105668 0.0334435 0.243536 0.0265937 0.099326 0.0425983 
0.183069 0.0250192 0.0963131 0.0806133 0.0682586 0.191988 0.0593012 0.0634746 0.138887 0.0930764 
0.0625734 0.0176738 0.0833167 0.0505719 0.331446 0.0691702 0.0973875 0.0839305 0.101647 0.102283 
0.0466662 0.186094 0.121277 0.117791 0.0730284 0.085927 0.0716445 0.099696 0.104736 0.0931397 
0.0695579 0.0219335 0.0725776 0.0643587 0.183538 0.0811936 0.0674047 0.150727 0.107066 0.181642 
0.122796 0.0829904 0.0834164 0.0889409 0.0909779 0.157309 0.0569794 0.107332 0.128517 0.0807399 
0.0201918 0.0323058 0.0776658 0.19888 0.0647394 0.0682844 0.0197231 0.379395 0.0682027 0.0706122 
0.10162 0.0229428 0.184185 0.0992667 0.0751427 0.11985 0.0935718 0.0445149 0.1869 0.0720052 
0.0631832 0.0451538 0.114178 0.0739263 0.144085 0.132836 0.0929983 0.0988753 0.101836 0.132928 
0.0737886 0.0867978 0.145927 0.208058 0.0862965 0.0959095 0.0765436 0.0366846 0.10802 0.0819739 
0.056435 0.0165044 0.108337 0.128856 0.119127 0.0754745 0.032645 0.262963 0.0933227 0.106335 
0.0545061 0.0748615 0.0654155 0.117037 0.157264 0.125828 0.0671777 0.0901176 0.109682 0.138111 
0.0799987 0.0698753 0.104185 0.10218 0.135714 0.0938326 0.146781 0.131176 0.0703887 0.0658692 
0.0933108 0.0572131 0.0693908 0.0463139 0.256604 0.0711408 0.080899 0.113467 0.0798952 0.131766 
0.0493275 0.0483601 0.0934751 0.260455 0.0700355 0.130307 0.048224 0.0634676 0.122241 0.114108 
0.337837 0.0106903 0.106438 0.0831676 0.0155072 0.192915 0.104325 0.0396047 0.0750159 0.034499 
0.0714686 0.0211909 0.0722107 0.164569 0.071619 0.0689372 0.0305014 0.356107 0.0786634 0.0647327 
0.349124 0.00790105 0.14945 0.0508542 0.0291619 0.171951 0.0904927 0.0174778 0.0966749 0.0369121 
0.116517 0.018837 0.253977 0.14163 0.0441931 0.169197 0.0939867 0.0179766 0.0990587 0.0446273 
0.0327934 0.0826169 0.051498 0.151848 0.0811694 0.0976819 0.0333504 0.17371 0.125547 0.169786 
0.0360401 0.201368 0.0867378 0.128721 0.0547525 0.11139 0.0832062 0.0764932 0.1304 0.0908909 
0.0279898 0.0777007 0.102348 0.106639 0.0980047 0.0720729 0.0428612 0.255556 0.102829 0.113998 
0.0584976 0.0988757 0.0903331 0.186499 0.0629804 0.168817 0.0743426 0.0405457 0.118642 0.100467 
0.0794851 0.131966 0.10601 0.0717686 0.0820179 0.112976 0.0600428 0.119871 0.104959 0.130903 
0.0392068 0.113476 0.0498388 0.142957 0.0887433 0.118981 0.0691067 0.120242 0.127082 0.130366 
0.0407905 0.0133261 0.024101 0.0855962 0.0769177 0.0680254 0.0132231 0.392639 0.119727 0.165654 
0.065275 0.0454637 0.0538873 0.118498 0.108858 0.145264 0.0370812 0.184578 0.092291 0.148803 
0.128534 0.045221 0.112114 0.0748052 0.112948 0.156271 0.165665 0.052829 0.0799871 0.0716261 
0.0750863 0.0328583 0.296825 0.141511 0.0662627 0.0947382 0.0967508 0.0105233 0.13477 0.050675 
0.0717484 0.0417322 0.0701177 0.0969076 0.113935 0.103513 0.0390234 0.202169 0.0948424 0.166011 
0.0618609 0.067966 0.0940755 0.0736035 0.161358 0.149188 0.0677431 0.0555784 0.184048 0.0845783 
0.0384026 0.0215303 0.0238805 0.0578239 0.414676 0.0633119 0.0652892 0.0785217 0.113463 0.123101 
0.0334598 0.0809637 0.0711351 0.127205 0.0709403 0.0743298 0.0261184 0.294323 0.103175 0.11835 
0.0547497 0.0399703 0.06748 0.175897 0.115286 0.204267 0.0618162 0.10905 0.0756223 0.0958612 
0.101843 0.02662 0.157478 0.0589189 0.133117 0.0816336 0.246269 0.0422888 0.0764531 0.075378 
0.0402381 0.229741 0.110453 0.101942 0.0825943 0.0894987 0.0769813 0.0774513 0.113146 0.0779556 
0.0784082 0.0625618 0.0582633 0.320006 0.0513713 0.138269 0.0237947 0.061026 0.109413 0.0968863 
0.048099 0.0624414 0.126606 0.0985525 0.0881263 0.141464 0.280274 0.0347229 0.0691164 0.0505983 
0.0627805 0.0990368 0.0957282 0.088908 0.140445 0.108361 0.080508 0.101407 0.110892 0.111934 
0.0576629 0.0567669 0.072709 0.25404 0.0490412 0.14248 0.0299014 0.111626 0.101775 0.123997 
0.0172541 0.206183 0.0960145 0.12646 0.0648261 0.139473 0.0736933 0.0438367 0.13224 0.100019 
0.0503465 0.0464983 0.0848006 0.0277254 0.256359 0.0637976 0.113365 0.127069 0.0817259 0.148313 
0.0389485 0.124478 0.0730745 0.137044 0.0976622 0.0998907 0.0711366 0.131469 0.107054 0.119242 
0.0296281 0.0528327 0.0857017 0.138026 0.0941563 0.0907083 0.0787117 0.212782 0.126945 0.0905086 
0.107249 0.0559291 0.133125 0.0675174 0.063554 0.196833 0.244489 0.0219533 0.0806071 0.028742 
0.0341789 0.0302879 0.086582 0.0673886 0.163101 0.0467782 0.0568975 0.126159 0.118696 0.26993 
0.0816933 0.0789255 0.142119 0.100933 0.105921 0.0717516 0.194057 0.0611391 0.0862382 0.0772225 
0.242911 0.0245864 0.121442 0.0849054 0.0435913 0.161992 0.0566002 0.0505292 0.126545 0.0868978 
0.0418765 0.0148983 0.024336 0.115611 0.105977 0.314351 0.0227378 0.106566 0.146227 0.10742 
0.0605329 0.0457844 0.0707918 0.0809796 0.327708 0.0671624 0.0916015 0.0676904 0.0629289 0.12482 
0.0572594 0.0456147 0.122232 0.0782375 0.115942 0.147674 0.0712779 0.0825295 0.100502 0.178731 
0.072816 0.0404754 0.0806456 0.0888784 0.159341 0.101456 0.0690249 0.0905886 0.118591 0.178183 
0.112094 0.0164692 0.203277 0.159628 0.0870959 0.104227 0.10732 0.034134 0.117793 0.0579615 
0.0905323 0.157834 0.118642 0.113514 0.056184 0.117226 0.0897461 0.0518612 0.118061 0.0863994 
0.0459133 0.0384005 0.0375545 0.105637 0.167407 0.126622 0.0462762 0.101294 0.107361 0.223535 
0.0924402 0.0549289 0.119709 0.0608474 0.160943 0.0808762 0.0997533 0.108847 0.0845754 0.137079 
0.0523747 0.108091 0.0952366 0.160632 0.0680958 0.125832 0.0777899 0.0221538 0.179214 0.11058 
0.0399912 0.150649 0.101302 0.134445 0.0657121 0.0792032 0.0495138 0.15293 0.107244 0.11901 
0.105646 0.07634 0.0868797 0.16702 0.0731767 0.152066 0.0636766 0.0526199 0.104172 0.118402 
0.0332402 0.0631458 0.0669725 0.10826 0.150281 0.0717896 0.0508072 0.140651 0.112489 0.202364 
0.0467715 0.0707501 0.160822 0.0920459 0.0973615 0.0678601 0.0603881 0.161159 0.095608 0.147234 
0.0567769 0.0881725 0.109533 0.0741032 0.149317 0.102889 0.113961 0.0798376 0.0968549 0.128555 
0.0354108 0.0753551 0.0893948 0.0996755 0.175887 0.101253 0.0737966 0.114822 0.107889 0.126516 
0.0548905 0.0292985 0.069897 0.0490481 0.332167 0.0681132 0.113433 0.0647536 0.101008 0.117391 
0.0751253 0.0650201 0.097776 0.0782146 0.136562 0.0891879 0.0646373 0.139998 0.101803 0.151675 
0.095401 0.0331749 0.129512 0.0686503 0.0929431 0.130438 0.0817973 0.125971 0.131455 0.110657 
0.0599899 0.0285619 0.0719196 0.152209 0.107784 0.256629 0.0489249 0.037708 0.147745 0.088529 
0.115105 0.0251363 0.144591 0.0539452 0.144329 0.0880937 0.119289 0.0795197 0.126153 0.103838 
0.0428217 0.0549825 0.0996789 0.146209 0.112356 0.0942331 0.0405249 0.21481 0.0847515 0.109632 
0.0533243 0.076583 0.115144 0.112045 0.122388 0.108391 0.214494 0.0547191 0.0826913 0.0602207 
0.0350008 0.01665 0.0173682 0.0796006 0.212546 0.0555456 0.0450741 0.242712 0.130105 0.165398 
0.0373425 0.0912351 0.134242 0.0933747 0.139088 0.077969 0.0745826 0.0624637 0.121491 0.168212 
0.227964 0.012329 0.162581 0.171937 0.0365319 0.141479 0.0416242 0.0764689 0.0719278 0.0571572 
0.0868015 0.0465422 0.0812615 0.0941805 0.109868 0.285085 0.0520049 0.0491299 0.121802 0.0733242 
0.0233736 0.0440165 0.0744697 0.162916 0.0995725 0.137372 0.0260792 0.0599705 0.251738 0.120493 
0.0858652 0.0443586 0.0886678 0.125702 0.0930573 0.256824 0.0543908 0.0418152 0.111919 0.0974002 
0.0588874 0.0388184 0.0919445 0.0517505 0.1658 0.147879 0.26012 0.042388 0.0775498 0.0648625 
0.0600733 0.0347566 0.12211 0.044218 0.10875 0.137839 0.336571 0.0270767 0.0868102 0.0417949 
0.0484879 0.0271489 0.139033 0.140581 0.0581692 0.310268 0.0878814 0.0166003 0.129073 0.0427582 
0.0457329 0.0273494 0.138506 0.0667421 0.122687 0.0447117 0.0437422 0.316275 0.091827 0.102426 
0.0293715 0.0850718 0.0779916 0.1506 0.103203 0.141118 0.0445004 0.0387454 0.217684 0.111714 
0.0324055 0.220037 0.109513 0.132118 0.0487139 0.0942704 0.100855 0.0565597 0.124489 0.0810379 
0.206388 0.0292771 0.109545 0.0821088 0.0652077 0.18258 0.0787867 0.0585326 0.106532 0.0810412 
0.0437792 0.221119 0.10967 0.118118 0.0690851 0.0767919 0.0824484 0.0678884 0.126921 0.0841782 
0.0873854 0.0528867 0.124522 0.0680952 0.0975161 0.0896207 0.250327 0.0586708 0.0926067 0.0783696 
0.0722994 0.0400731 0.0907306 0.0497378 0.195701 0.0673921 0.0954132 0.11977 0.159699 0.109184 
0.109295 0.0695354 0.101074 0.0957238 0.0923184 0.151972 0.186431 0.0511633 0.0736137 0.0688742 
0.05967 0.0683003 0.0613207 0.139742 0.0726232 0.0983957 0.0262513 0.334482 0.0699277 0.0692872 
0.0515402 0.0442055 0.184446 0.189865 0.110352 0.0909698 0.02486 0.0934487 0.121249 0.0890635 
0.0421086 0.21647 0.125706 0.109159 0.0584649 0.101192 0.0990686 0.0679542 0.0971626 0.0827151 
0.0735746 0.0544951 0.144413 0.0897875 0.102693 0.0727855 0.0616637 0.179959 0.0811842 0.139445 
0.0509231 0.168561 0.0924854 0.122486 0.0690746 0.115004 0.0913477 0.0822583 0.111206 0.0966543 
0.0572054 0.0686635 0.108326 0.0992335 0.114845 0.118293 0.0537671 0.0729194 0.195551 0.111195 
0.0472432 0.0246869 0.327859 0.193098 0.0960795 0.142203 0.0755238 0.0110495 0.0642054 0.0180522 
0.213103 0.0388128 0.106298 0.079731 0.0633785 0.172533 0.076046 0.0591612 0.113282 0.0776542 
0.0383893 0.0889262 0.124711 0.0936584 0.132385 0.0893411 0.0843422 0.0564824 0.0900231 0.201742 
0.0669878 0.040815 0.0936943 0.106964 0.142142 0.0981663 0.076239 0.0772227 0.12284 0.174929 
0.0862481 0.0253275 0.130694 0.0700724 0.0798565 0.104374 0.0336905 0.0744508 0.146982 0.248304 
0.114725 0.0478584 0.0778252 0.0471607 0.0854185 0.283464 0.0698043 0.0666339 0.142431 0.0646786 
0.0611094 0.0561579 0.12295 0.158276 0.0611616 0.17291 0.0568891 0.0614298 0.136523 0.112592 
0.0396016 0.169541 0.0903328 0.129118 0.0866602 0.08811 0.10041 0.0875935 0.0957332 0.1129 
0.0790803 0.0390504 0.0495195 0.0686641 0.15887 0.283336 0.118254 0.0327377 0.110864 0.059625 
0.096344 0.0218676 0.11628 0.0630116 0.1663 0.0888683 0.197272 0.071086 0.0840589 0.0949117 
0.201502 0.0352727 0.124599 0.0683812 0.0569007 0.122118 0.100389 0.0756284 0.104444 0.110764 
0.0972374 0.0706702 0.175596 0.198268 0.0385886 0.124666 0.0536215 0.108937 0.0731475 0.0592675 
0.0606481 0.103222 0.0930721 0.0827458 0.157874 0.080895 0.10202 0.102349 0.0876073 0.129566 
0.0305273 0.0561573 0.108854 0.0895856 0.211225 0.0907375 0.066918 0.09201 0.123319 0.130666 
0.121673 0.0447348 0.111831 0.0691566 0.112502 0.125811 0.270514 0.0339264 0.0622725 0.0475786 
0.0615223 0.0223028 0.0813937 0.11809 0.0577939 0.413401 0.0265416 0.0258474 0.1507 0.0424074 
0.0425296 0.0217047 0.0380223 0.072114 0.297588 0.0568563 0.0540865 0.189038 0.0814892 0.146572 
0.0467676 0.0343075 0.107304 0.060364 0.148258 0.0649993 0.227066 0.105404 0.08347 0.122059 
0.0673552 0.0401662 0.0970971 0.133676 0.0954643 0.233753 0.0795802 0.0349068 0.127645 0.0903555 
0.0783985 0.0459959 0.0954521 0.0560287 0.201881 0.0861104 0.0663944 0.0990093 0.109903 0.160826 
0.0850573 0.0497113 0.0652684 0.108068 0.105675 0.247355 0.0877284 0.0651602 0.0919831 0.0939927 
0.0366969 0.210288 0.0958625 0.122587 0.048736 0.124978 0.100916 0.069052 0.107834 0.083049 
0.0640648 0.0444508 0.0621797 0.0832928 0.231597 0.103675 0.0530335 0.111843 0.0979574 0.147906 
0.0470697 0.0647001 0.0752876 0.109036 0.200162 0.111985 0.0682627 0.0873036 0.111934 0.124259 
0.0507086 0.048141 0.100377 0.160244 0.0509443 0.0553999 0.0309036 0.290811 0.10155 0.110921 
0.100635 0.0753351 0.247912 0.143873 0.0254678 0.15724 0.0777536 0.00485554 0.13816 0.0287673 
0.116896 0.0472794 0.108905 0.168015 0.0697025 0.116796 0.0517303 0.0629566 0.118683 0.139036 
0.0675995 0.113827 0.235096 0.106722 0.0747849 0.0635732 0.101887 0.0539159 0.106273 0.0763214 
0.0613147 0.111904 0.0899144 0.127405 0.0905526 0.0984888 0.0634229 0.145446 0.088264 0.123287 
0.0438968 0.187047 0.107003 0.125806 0.0528203 0.124245 0.0952215 0.0718425 0.105893 0.0862237 
0.0525461 0.0648534 0.153506 0.120411 0.0974134 0.128204 0.0797085 0.0667512 0.143596 0.0930094 
0.0386825 0.209822 0.107939 0.119763 0.0555049 0.0977478 0.103017 0.0804204 0.0988478 0.0882553 
0.0289272 0.0998251 0.13912 0.120086 0.0646106 0.150718 0.0674537 0.0292685 0.210424 0.0895672 
0.0343993 0.205824 0.101607 0.123954 0.0632156 0.0939174 0.0790706 0.0921282 0.096331 0.109553 
0.0274504 0.0914258 0.144488 0.120951 0.0732585 0.134719 0.120158 0.0255447 0.190403 0.0716019 
0.0621307 0.0751897 0.0927471 0.1167 0.0988794 0.209616 0.0751323 0.0477872 0.133485 0.0883325 
0.313128 0.00667683 0.0775418 0.0896363 0.0409172 0.244745 0.118366 0.01656 0.066888 0.0255409 
0.0675262 0.0921225 0.068613 0.14204 0.0984677 0.143541 0.112977 0.04198 0.144283 0.0884496 
0.0575626 0.0492007 0.0744689 0.0458541 0.238907 0.0576394 0.0889686 0.0997012 0.103472 0.184225 
0.046416 0.0695116 0.348684 0.20594 0.0156971 0.0736163 0.0743957 0.00842815 0.114675 0.0426363 
0.0696878 0.0427839 0.13367 0.135654 0.0512662 0.273631 0.0331607 0.0284221 0.144533 0.0871916 
0.372619 0.0091971 0.0750956 0.0608421 0.0280288 0.196795 0.0505855 0.0356053 0.11419 0.0570418 
0.0597954 0.157159 0.0959242 0.129713 0.0966332 0.107737 0.0782482 0.091433 0.0920436 0.0913142 
0.042135 0.20129 0.0877856 0.11736 0.0762991 0.0678752 0.0585419 0.113468 0.126962 0.108284 
0.0359556 0.130487 0.0957264 0.138709 0.0966634 0.115828 0.0810266 0.107236 0.10295 0.0954174 
0.251025 0.0153267 0.0768944 0.0887888 0.0853296 0.236893 0.0848873 0.0511163 0.0637979 0.045941 
0.0319043 0.0467091 0.0913707 0.127279 0.148525 0.109447 0.053864 0.112992 0.115308 0.1626 
0.19254 0.0159622 0.12693 0.0865476 0.0586777 0.172315 0.0415415 0.0921418 0.0958015 0.117543 
0.038443 0.0817361 0.102271 0.128667 0.0876322 0.139703 0.0800588 0.0823448 0.126664 0.13248 
0.0349679 0.222258 0.112583 0.104838 0.0535479 0.101446 0.104783 0.0513201 0.131154 0.0831026 
0.0493038 0.0392751 0.0942908 0.0632039 0.0993633 0.182789 0.291774 0.0237632 0.117517 0.03872 
0.0469376 0.0444102 0.0822977 0.106525 0.192054 0.110138 0.0663491 0.103194 0.109833 0.138262 
0.0528048 0.0754248 0.224582 0.190696 0.0567836 0.0837579 0.0664198 0.0491091 0.124027 0.0763953 
0.0530223 0.0166627 0.126703 0.442386 0.0251852 0.183534 0.0326876 0.0124783 0.0691519 0.0381895 
0.150929 0.0276741 0.15293 0.050006 0.0979182 0.0575709 0.301511 0.0473822 0.0648712 0.0492076 
0.0450117 0.180824 0.119839 0.112195 0.0857411 0.0788006 0.0659465 0.100234 0.116348 0.0950592 
0.0469622 0.184178 0.0925134 0.130478 0.068607 0.113674 0.0906022 0.076885 0.0961584 0.0999429 
0.0441401 0.17574 0.113426 0.115932 0.07308 0.10563 0.0774685 0.108917 0.0951422 0.0905232 
0.0665835 0.0761453 0.089026 0.192345 0.0785937 0.143183 0.0751667 0.0569466 0.116079 0.10593 
0.0259954 0.0371335 0.0399142 0.073683 0.132581 0.178752 0.0319001 0.117034 0.127674 0.235333 
0.0943547 0.0357506 0.0654824 0.0934651 0.0955248 0.253739 0.0511945 0.0859241 0.120017 0.104548 
0.073063 0.0626389 0.326019 0.085831 0.0706507 0.0781563 0.123005 0.0294479 0.0901048 0.0610838 
0.0193127 0.0670297 0.0266014 0.0790931 0.117807 0.151159 0.0296555 0.131471 0.106405 0.271466 
0.0636667 0.0228795 0.0580507 0.0730029 0.183888 0.141381 0.0903149 0.141505 0.0972567 0.128054 
0.129551 0.0499348 0.0565702 0.0960939 0.0959618 0.195443 0.0406617 0.144085 0.104119 0.0875798 
0.018013 0.0620835 0.0604979 0.0993979 0.0955227 0.160991 0.0437985 0.135717 0.0991925 0.224785 
0.063443 0.0897563 0.133343 0.169547 0.0873375 0.0972785 0.0462751 0.08356 0.0954091 0.13405 
0.0297844 0.0515407 0.0896424 0.137395 0.159209 0.100773 0.0476353 0.0833562 0.128144 0.17252 
0.222817 0.0256773 0.0901511 0.0870855 0.0851766 0.154686 0.0679526 0.0741876 0.0939613 0.0983045 
0.0594952 0.0523171 0.108063 0.214096 0.0757816 0.114092 0.067683 0.0877744 0.0980885 0.122609 
0.0963873 0.10335 0.0728299 0.104736 0.0886324 0.191923 0.133394 0.0250491 0.140806 0.0428918 
0.108856 0.052163 0.0767066 0.108061 0.0934983 0.181373 0.0457875 0.131586 0.120109 0.0818594 
0.100371 0.0365099 0.0463562 0.176842 0.0688833 0.285688 0.0294281 0.0712108 0.0844518 0.100259 
0.0693762 0.0225354 0.0502128 0.0921988 0.0885498 0.128094 0.0295221 0.262376 0.0923405 0.164794 
0.101956 0.0422998 0.2466 0.135242 0.0813108 0.0608861 0.102466 0.0527641 0.0930741 0.0834003 
0.0954282 0.0149856 0.497047 0.0559284 0.0378151 0.0812279 0.0603913 0.0259596 0.0771375 0.0540797 
0.0747954 0.0366116 0.0759078 0.123374 0.0711716 0.067737 0.0286744 0.272286 0.0915284 0.157913 
0.0595615 0.146993 0.116334 0.103942 0.0994085 0.103588 0.0773046 0.103286 0.0989193 0.0906642 
0.0851793 0.0569181 0.229057 0.135284 0.0755209 0.156051 0.0413283 0.0293804 0.138382 0.0528989 
0.0233044 0.0764057 0.0938459 0.138178 0.126963 0.138606 0.04298 0.0993379 0.166583 0.0937961 
0.0826008 0.0744111 0.101276 0.111393 0.142101 0.0866727 0.0924026 0.0819498 0.098933 0.128261 
0.0482826 0.222027 0.112224 0.105394 0.0595614 0.0897795 0.0792973 0.0819009 0.101271 0.100261 
0.0671156 0.0810042 0.0796652 0.133363 0.073912 0.0862084 0.0365712 0.205768 0.0947305 0.141662 
0.0902344 0.0890553 0.096838 0.177448 0.0538032 0.163494 0.0637874 0.0988723 0.0778996 0.0885679 
0.0652092 0.120536 0.100361 0.189272 0.0816565 0.15342 0.0500489 0.0448525 0.111694 0.0829505 
0.039771 0.0712838 0.163115 0.0775973 0.0947702 0.150432 0.155706 0.0171887 0.163105 0.0670317 
0.0548377 0.0273644 0.0703674 0.147248 0.0701979 0.114762 0.017537 0.195238 0.168317 0.13413 
0.0634238 0.0580989 0.0748236 0.144767 0.0793393 0.0916297 0.043691 0.215086 0.102138 0.127003 
0.0887613 0.0248205 0.0951233 0.0763919 0.109358 0.116177 0.0534787 0.162667 0.0959587 0.177264 
0.0695113 0.0774986 0.294978 0.143677 0.0582484 0.0820642 0.100676 0.0323109 0.0789415 0.0620944 
0.0379309 0.126157 0.217442 0.128084 0.0709394 0.0630127 0.163596 0.0389309 0.102134 0.0517732 
0.0525289 0.0459098 0.0497378 0.0423147 0.333426 0.0506686 0.119228 0.0929656 0.0723647 0.140856 
0.0416252 0.221866 0.0842219 0.127363 0.0634964 0.100761 0.0965606 0.0794384 0.0919339 0.0927327 
0.0584904 0.0579465 0.0932767 0.140802 0.0827548 0.226648 0.0597476 0.0358735 0.149511 0.0949498 
0.0709346 0.0351275 0.125728 0.14541 0.0966316 0.124979 0.0618973 0.0980676 0.124386 0.116839 
0.0942923 0.0142096 0.0950894 0.0556326 0.0658622 0.104047 0.0606355 0.0628448 0.278937 0.16845 
0.0400685 0.0470198 0.132199 0.117851 0.149728 0.078353 0.064466 0.196293 0.0826464 0.0913759 
0.0569508 0.0972563 0.180487 0.136976 0.0997498 0.0769508 0.0606971 0.0854712 0.0760565 0.129405 
0.0691685 0.0524276 0.0605056 0.188983 0.0776957 0.172081 0.127349 0.0692356 0.101068 0.0814856 
0.308203 0.0086424 0.224833 0.0514758 0.0240539 0.136156 0.0820326 0.0181466 0.102437 0.0440198 
0.0585126 0.0810144 0.123393 0.142176 0.09134 0.0904348 0.178141 0.0355657 0.092782 0.10664 
0.0531021 0.0229323 0.0489693 0.0258568 0.363295 0.0540486 0.0957378 0.10397 0.106381 0.125708 
0.0486248 0.184205 0.176691 0.148948 0.0612988 0.0905478 0.120063 0.0356574 0.102123 0.0318423 
0.0402561 0.052345 0.0714381 0.0882023 0.229621 0.106035 0.0512679 0.0801753 0.108687 0.171972 
0.06405 0.127352 0.0890135 0.105787 0.0637447 0.155247 0.0897973 0.0758513 0.127118 0.102038 
0.0372146 0.0633182 0.0554887 0.0794722 0.170837 0.0942208 0.0596395 0.115332 0.0923657 0.232111 
0.0774565 0.0517023 0.0685457 0.142779 0.0914445 0.25901 0.0605238 0.036136 0.112931 0.0994705 
0.0544388 0.0525941 0.0817908 0.143068 0.0787985 0.0844272 0.0278171 0.236117 0.0927858 0.148163 
0.0420852 0.0652993 0.0990446 0.126131 0.0939149 0.083694 0.0380693 0.239652 0.0798015 0.132309 
0.0549079 0.159475 0.193107 0.161913 0.0434398 0.0991094 0.0974991 0.0340806 0.106966 0.0495026 
0.0443386 0.132193 0.147372 0.120583 0.0558143 0.123797 0.11914 0.0325751 0.1477 0.076487 
0.0822062 0.0304364 0.407266 0.0912933 0.0631272 0.0601426 0.136817 0.0134266 0.0789494 0.0363347 
0.360859 0.0232972 0.107408 0.0504507 0.0578375 0.0975535 0.119756 0.0401791 0.0954684 0.0471903 
0.0837209 0.0341855 0.117886 0.0506677 0.0732919 0.202195 0.0554851 0.0481851 0.259439 0.0749442 
0.102751 0.117851 0.0912118 0.106401 0.0471076 0.170647 0.0424173 0.111517 0.124121 0.0859753 
0.0688739 0.0513167 0.09123 0.135462 0.0724652 0.084033 0.0291075 0.286299 0.0755895 0.105623 
0.0352745 0.0894403 0.0704734 0.11743 0.0755796 0.0807461 0.0246884 0.259476 0.0891492 0.157743 
0.030466 0.119599 0.0893472 0.111542 0.107198 0.130082 0.04014 0.0744953 0.135671 0.161459 
0.0306758 0.228459 0.107326 0.127738 0.0536216 0.0945109 0.0948449 0.0601309 0.117562 0.0851304 
0.0911924 0.0606277 0.0753079 0.127667 0.0820132 0.172217 0.0880402 0.0401435 0.148545 0.114246 
0.0239219 0.242235 0.0823545 0.136506 0.0659773 0.0786462 0.0851851 0.0802993 0.102271 0.102604 
0.0675517 0.0181044 0.157113 0.143385 0.0924174 0.124158 0.0585928 0.0519796 0.16598 0.120717 
0.247054 0.0202253 0.0984855 0.175393 0.0398129 0.109544 0.0760347 0.12467 0.0630418 0.0457398 
0.0508491 0.0445688 0.0929978 0.159823 0.0552592 0.232561 0.0208466 0.0480748 0.168432 0.126587 
0.239353 0.032969 0.120974 0.0816855 0.0599953 0.114742 0.108526 0.0789578 0.0781344 0.0846621 
0.0415715 0.202439 0.0889743 0.12342 0.064695 0.105041 0.0900988 0.0857483 0.0964095 0.101603 
0.0603738 0.0505029 0.0849837 0.0844556 0.119876 0.0803103 0.0477522 0.121925 0.145038 0.204783 
0.0186628 0.037265 0.0786044 0.0931054 0.133773 0.0532967 0.0338201 0.158924 0.130838 0.261711 
0.0447324 0.0267828 0.0811222 0.0705408 0.236583 0.0895249 0.070473 0.123583 0.113612 0.143046 
0.0321197 0.227562 0.110861 0.133616 0.047755 0.097252 0.088504 0.0598332 0.117094 0.085403 
0.0290127 0.0366273 0.117688 0.0946137 0.09564 0.0881376 0.052815 0.088663 0.221368 0.175435 
0.0876014 0.0438112 0.225109 0.0983069 0.0843857 0.0954138 0.100078 0.0428219 0.136328 0.0861442 
0.0449128 0.192814 0.101545 0.12303 0.0707639 0.0979917 0.0994238 0.0760622 0.0895964 0.103859 
0.0458388 0.151491 0.203584 0.174496 0.0396883 0.0756963 0.125201 0.012551 0.142772 0.0286815 
0.0522203 0.0372968 0.0782739 0.0786808 0.159899 0.0824784 0.0621956 0.12372 0.126503 0.198732 
0.0541135 0.127153 0.12231 0.109155 0.0887931 0.0874982 0.050049 0.141151 0.095102 0.124675 
0.0871307 0.0503991 0.0499001 0.121628 0.0912204 0.278442 0.0399952 0.124326 0.0981871 0.0587718 
0.064016 0.0397159 0.113036 0.066309 0.118751 0.0806961 0.0740385 0.110011 0.10229 0.231137 
0.0659462 0.0598412 0.311345 0.153362 0.0609126 0.0702233 0.143208 0.0158408 0.0817167 0.0376039 
0.0465126 0.0727993 0.143298 0.0903675 0.0958448 0.168219 0.21219 0.0191012 0.103606 0.0480625 
0.0567347 0.0149625 0.0406307 0.120209 0.267402 0.0757431 0.0698919 0.112743 0.0757887 0.165895 
0.049396 0.184099 0.104254 0.115956 0.0584054 0.11902 0.0797742 0.0587013 0.135799 0.0945945 
0.056853 0.0551667 0.110976 0.10415 0.103113 0.203523 0.122323 0.0384905 0.118965 0.0864383 
0.0384982 0.0772214 0.0822341 0.0855139 0.124131 0.18665 0.074514 0.0601627 0.129424 0.14165 
0.080144 0.0820969 0.164276 0.203298 0.0296905 0.196656 0.109842 0.00671211 0.109926 0.0173585 
0.0495796 0.0414226 0.100869 0.0633809 0.101465 0.104283 0.0440926 0.152645 0.094996 0.247266 
0.0464541 0.109706 0.277855 0.085153 0.094066 0.0578735 0.106618 0.0238004 0.0940312 0.104442 
0.182851 0.0281267 0.141922 0.0937158 0.0489198 0.177128 0.0368063 0.0688916 0.121917 0.0997213 
0.040749 0.0593069 0.0705734 0.0888577 0.234459 0.0977297 0.0665206 0.0769717 0.0930546 0.171777 
0.420652 0.00567867 0.118207 0.122722 0.0212384 0.163478 0.0459072 0.0247829 0.0514273 0.0259067 
0.298092 0.0124849 0.1032 0.0951693 0.0300174 0.18627 0.104586 0.0621856 0.070542 0.0374522 
0.086062 0.0903464 0.254026 0.130611 0.0406922 0.126377 0.110995 0.00859759 0.115049 0.0372425 
0.0640181 0.111554 0.0965068 0.172718 0.0491111 0.143084 0.039165 0.040386 0.168034 0.115423 
0.0599274 0.101226 0.0994347 0.0833568 0.122118 0.113124 0.143757 0.087855 0.0850956 0.104106 
0.0372558 0.0587516 0.143716 0.088441 0.113323 0.0629681 0.058303 0.26118 0.0761005 0.0999601 
0.0268618 0.222858 0.0938528 0.127908 0.0565383 0.0979632 0.102506 0.0697712 0.109822 0.0919178 
0.0771866 0.0374484 0.165005 0.0930167 0.112197 0.0833124 0.0934905 0.100084 0.0953804 0.142879 
0.0432711 0.0690265 0.0819931 0.0867602 0.187287 0.0966068 0.0634095 0.122853 0.117397 0.131396 
0.187878 0.0113664 0.240302 0.0496386 0.0315776 0.259645 0.0452961 0.0206083 0.125241 0.0284468 
0.0528081 0.142257 0.25732 0.156694 0.0345214 0.0772412 0.11051 0.0216567 0.102015 0.0449763 
0.0334886 0.085183 0.121675 0.10983 0.107503 0.063687 0.0620198 0.13096 0.122472 0.163181 
0.0462716 0.0491782 0.0775044 0.0667203 0.217468 0.094724 0.0805416 0.107301 0.161649 0.0986425 
0.0631626 0.0868448 0.131534 0.190666 0.0604692 0.163668 0.0776463 0.0298681 0.108011 0.0881305 
0.0659667 0.0907083 0.104956 0.188354 0.0881566 0.133788 0.05307 0.0613569 0.115411 0.098233 
0.463039 0.00299706 0.151477 0.0365298 0.027309 0.0980514 0.0862464 0.0201241 0.0773552 0.0368714 
0.320063 0.0182066 0.0812816 0.0547985 0.080014 0.136475 0.0973662 0.0456899 0.0941341 0.0719714 
0.055881 0.0280704 0.122939 0.146498 0.133024 0.225133 0.0579686 0.0326173 0.117279 0.0805888 
0.0291564 0.225833 0.0884634 0.149885 0.0659446 0.0966632 0.096922 0.0687013 0.0972492 0.0811816 
0.0830676 0.0284298 0.110701 0.0503389 0.154386 0.0542954 0.0786832 0.123742 0.140589 0.175768 
0.07035 0.0808109 0.064355 0.0646855 0.101688 0.143008 0.260311 0.0248376 0.138219 0.0517348 
0.0489146 0.0728745 0.0241328 0.0621971 0.146778 0.234926 0.0927587 0.10322 0.136416 0.0777819 
0.0965811 0.0303169 0.185916 0.15441 0.11994 0.116688 0.0696027 0.0301405 0.136124 0.0602799 
0.0794707 0.0281182 0.115182 0.0956816 0.102116 0.292161 0.0943598 0.0152161 0.111019 0.0666754 
0.0265734 0.133979 0.0774977 0.131577 0.0598739 0.120659 0.0579773 0.164077 0.121908 0.105879 
0.0421555 0.0895992 0.0989938 0.157792 0.064927 0.0957413 0.0408379 0.190592 0.106275 0.113086 
0.0336421 0.0744788 0.0498243 0.15955 0.104864 0.135665 0.0471588 0.108783 0.105823 0.180211 
0.0850287 0.097886 0.0896522 0.202373 0.0857709 0.117615 0.0368531 0.048144 0.113239 0.123438 
0.131272 0.0841731 0.102231 0.0845935 0.0709337 0.130682 0.0635835 0.0943869 0.10873 0.129414 
0.0781412 0.035101 0.114351 0.0880991 0.144314 0.103761 0.0876843 0.0880835 0.135141 0.125324 
0.0523702 0.0839731 0.209401 0.10836 0.0259817 0.141283 0.194607 0.00626697 0.133596 0.0441613 
0.265212 0.0137334 0.0765009 0.0549647 0.086642 0.180231 0.114819 0.049343 0.0908377 0.0677162 
0.0457852 0.0791669 0.112148 0.0878288 0.0874139 0.0942309 0.0444283 0.218346 0.119785 0.110866 
0.0282497 0.221969 0.0991557 0.141737 0.0577666 0.086539 0.0945285 0.0707847 0.104603 0.0946679 
0.039412 0.20328 0.0960865 0.133816 0.0644992 0.10041 0.101298 0.0725358 0.0931199 0.0955419 
0.0409905 0.148121 0.220693 0.163787 0.0765968 0.0886405 0.0878223 0.023269 0.106315 0.0437647 
0.0328124 0.216274 0.0984723 0.122577 0.0635113 0.0812352 0.0876384 0.0943776 0.102732 0.10037 
0.0736092 0.0422927 0.0890096 0.108049 0.148807 0.239958 0.0365109 0.038733 0.154539 0.0684907 
0.0774464 0.0693611 0.0822315 0.239543 0.0890976 0.134983 0.0376843 0.0685181 0.0993445 0.101791 
0.0530342 0.092175 0.156277 0.176598 0.0850008 0.13555 0.0661429 0.0550576 0.107056 0.0731087 
0.0529335 0.0495412 0.129284 0.0875472 0.17148 0.0667103 0.0644033 0.0776706 0.0971784 0.203251 
0.0596159 0.0444561 0.04755 0.179804 0.082049 0.0786133 0.0261454 0.282527 0.0691624 0.130077 
0.0629359 0.0221155 0.0843664 0.0918864 0.0662253 0.267311 0.0294851 0.028121 0.20259 0.144963 
0.0524155 0.0442089 0.16387 0.0759284 0.100243 0.133287 0.278376 0.01625 0.105741 0.0296802 
0.0570734 0.111517 0.086282 0.226547 0.0483195 0.150633 0.103644 0.0803179 0.0694698 0.0661956 
0.0445145 0.0609464 0.124458 0.0946729 0.123172 0.0668526 0.198336 0.112255 0.0722909 0.102502 
0.0342822 0.223658 0.0938131 0.125369 0.0467108 0.102507 0.0861833 0.0794966 0.112152 0.0958286 
0.112933 0.0821127 0.070776 0.197137 0.0575981 0.227649 0.0396203 0.0335665 0.100745 0.0778627 
0.0603065 0.0710691 0.119424 0.103919 0.0959198 0.179321 0.0942766 0.0367425 0.155666 0.0833557 
0.0264317 0.226418 0.0940347 0.146968 0.0527624 0.0758818 0.0651357 0.0904423 0.111094 0.110831 
0.255958 0.0249129 0.0852483 0.107975 0.0497714 0.135598 0.0610437 0.0566851 0.11445 0.108358 
0.0521084 0.0842082 0.0534485 0.104854 0.110047 0.289374 0.0450026 0.0386192 0.153886 0.0684521 
0.0418305 0.214422 0.114799 0.111874 0.053026 0.111991 0.103823 0.065283 0.104402 0.0785494 
0.0310808 0.0652569 0.0946602 0.207431 0.0899571 0.0747981 0.0346314 0.146006 0.113777 0.142402 
0.0306804 0.176606 0.0911912 0.152256 0.0878657 0.109738 0.0653655 0.0673582 0.0930802 0.125858 
0.0604672 0.0306445 0.107875 0.132959 0.0657644 0.305641 0.0576264 0.0271138 0.126748 0.0851609 
0.219352 0.016974 0.13662 0.140942 0.0480106 0.154126 0.0557036 0.0421976 0.146358 0.0397159 
0.0643713 0.0316666 0.120569 0.0413191 0.159132 0.0712132 0.250306 0.0537842 0.109488 0.0981518 
0.0403364 0.177412 0.11876 0.109682 0.104281 0.0794775 0.0933485 0.0793863 0.123715 0.0736018 
0.0715936 0.096605 0.0807932 0.101322 0.0742491 0.128857 0.0994309 0.0458663 0.20705 0.0942327 
0.0633412 0.0329902 0.036646 0.140128 0.0805301 0.354313 0.0346827 0.0430138 0.110775 0.103579 
0.0709414 0.155538 0.107706 0.110546 0.0744992 0.110094 0.0926853 0.0978301 0.0870006 0.0931598 
0.0360461 0.0735316 0.043752 0.0995765 0.0994516 0.0908885 0.029115 0.205095 0.124119 0.198425 
0.0436867 0.0642436 0.0616838 0.0865094 0.183774 0.102034 0.0513817 0.112802 0.121489 0.172396 
0.0406503 0.0110714 0.0739431 0.0793357 0.314193 0.0858504 0.0803335 0.133715 0.106217 0.0746904 
0.0501498 0.0509849 0.124663 0.0645655 0.145584 0.103378 0.245963 0.0476579 0.0901062 0.0769484 
0.0794496 0.0265196 0.104433 0.139461 0.0783714 0.105243 0.0273582 0.206752 0.131347 0.101065 
0.046553 0.15108 0.271398 0.160222 0.0294124 0.0753618 0.147678 0.00906064 0.0794571 0.0297771 
0.0871268 0.034612 0.136655 0.10735 0.0813029 0.212115 0.0572918 0.0440513 0.15337 0.086126 
0.18548 0.0280984 0.0774179 0.0904436 0.0748417 0.19705 0.0660677 0.056704 0.121358 0.102539 
0.084277 0.0754812 0.120279 0.113493 0.0851738 0.126953 0.142099 0.0885135 0.084351 0.0793795 
0.0449836 0.0207628 0.11511 0.110193 0.135459 0.224329 0.0408629 0.0339271 0.145452 0.12892 
0.0767745 0.0507381 0.139402 0.0881356 0.0731426 0.147508 0.232622 0.0273927 0.106081 0.0582024 
0.0844155 0.0592295 0.0636026 0.185282 0.0793903 0.181504 0.0323723 0.0939311 0.0989717 0.121302 
0.0340999 0.0349247 0.0671276 0.170742 0.0933458 0.0890677 0.0218594 0.267119 0.0858825 0.135831 
0.0481081 0.0996523 0.337455 0.145205 0.0200776 0.105219 0.127441 0.0116503 0.0684238 0.036768 
0.182621 0.0287823 0.185331 0.0965381 0.0529135 0.110919 0.0690767 0.0500597 0.125333 0.0984254 
0.0660323 0.0754909 0.143654 0.126924 0.0749099 0.161802 0.0403344 0.0334923 0.181024 0.0963356 
0.0716716 0.0643927 0.114487 0.114592 0.116143 0.0985056 0.0609883 0.0515954 0.195535 0.112089 
0.0648442 0.0461435 0.073352 0.106169 0.0809339 0.359114 0.0714351 0.0261516 0.116104 0.0557521 
0.0399859 0.058096 0.0746313 0.100305 0.192888 0.113031 0.0533283 0.113832 0.088903 0.164999 
0.0437591 0.201053 0.10605 0.120975 0.057887 0.102712 0.0930451 0.0763834 0.0958012 0.102334 
0.0307683 0.243114 0.0947816 0.125849 0.0572961 0.0967376 0.0887822 0.0641589 0.101754 0.096759 
0.0851931 0.0428525 0.0720319 0.0708482 0.193553 0.116134 0.0933743 0.0988742 0.108816 0.118323 
0.151854 0.0113519 0.174471 0.034398 0.0323884 0.355196 0.0804321 0.0194366 0.113593 0.0268786 
0.056365 0.070119 0.113645 0.177012 0.0966738 0.0510038 0.0670721 0.217719 0.0810851 0.0693059 
0.0559608 0.0730183 0.0834442 0.204337 0.0572497 0.190136 0.0572351 0.0554289 0.107025 0.116164 
0.0648561 0.0545755 0.0747033 0.137762 0.0687952 0.115001 0.0423738 0.215675 0.0956354 0.130623 
0.0528145 0.0553556 0.111145 0.0642313 0.101095 0.0918804 0.390491 0.0413109 0.0621204 0.0295563 
0.0476912 0.210288 0.111397 0.115356 0.0568922 0.102178 0.0942549 0.0728836 0.104126 0.0849323 
0.102339 0.0689172 0.0585381 0.112882 0.0878698 0.182447 0.119594 0.0848355 0.0911034 0.0914735 
0.0583363 0.090216 0.183478 0.0996754 0.129393 0.0876688 0.0669832 0.0808761 0.113313 0.0900607 
0.0423971 0.183021 0.119572 0.122666 0.0865374 0.0933766 0.0630661 0.07804 0.115663 0.0956609 
0.0224447 0.072481 0.0505244 0.116324 0.140238 0.109288 0.0507753 0.180563 0.10938 0.147981 
0.12502 0.0140831 0.397729 0.100717 0.0504929 0.0773871 0.0808825 0.050269 0.0601544 0.0432649 
0.108562 0.0374529 0.111618 0.0907549 0.0951476 0.255865 0.0555505 0.0500162 0.137208 0.057826 
0.0658486 0.0475402 0.141424 0.0762249 0.109878 0.144275 0.226887 0.0414941 0.0829314 0.0634969 
0.042997 0.207214 0.102325 0.132207 0.0625336 0.0890333 0.0812262 0.0856082 0.0965433 0.100312 
0.111073 0.0471388 0.0579216 0.0646439 0.139682 0.100034 0.0783367 0.138396 0.107875 0.154898 
0.057159 0.052869 0.0683557 0.122595 0.0715254 0.2281 0.0818937 0.0480396 0.161922 0.107541 
0.0431197 0.0922176 0.301595 0.135781 0.066505 0.0767586 0.111049 0.0307041 0.0923903 0.0498793 
0.0570293 0.0494295 0.115595 0.154222 0.08399 0.224526 0.0526053 0.0352292 0.15276 0.0746129 
0.0584503 0.0301291 0.0682229 0.0640708 0.235611 0.109895 0.101086 0.088451 0.108214 0.13587 
0.0967207 0.0359383 0.0722149 0.0518939 0.307551 0.056755 0.148977 0.0635419 0.0715738 0.0948336 
0.184764 0.0182958 0.24428 0.0875314 0.0621612 0.151655 0.0726885 0.0261773 0.101651 0.0507957 
0.0301937 0.0886566 0.120704 0.141196 0.0917225 0.131778 0.0579274 0.0415309 0.186813 0.109478 
0.0714932 0.0293691 0.147589 0.21257 0.0720675 0.228062 0.0448419 0.0565697 0.0773156 0.060122 
0.0939773 0.0513064 0.0938833 0.0635506 0.133703 0.142023 0.0782506 0.0834381 0.130195 0.129673 
0.0689273 0.110865 0.150086 0.148793 0.0793651 0.105261 0.0897503 0.0640867 0.109509 0.073357 
0.0432597 0.0159832 0.0772138 0.0679879 0.30928 0.0630251 0.0473233 0.0970801 0.0997076 0.17914 
0.110593 0.0268652 0.072405 0.0705589 0.0804156 0.192196 0.0854369 0.0541038 0.146673 0.160752 
0.261662 0.0155564 0.127814 0.0737614 0.0510752 0.173369 0.0278402 0.0702684 0.0803689 0.118284 
0.0876678 0.109946 0.122155 0.182812 0.0404614 0.129062 0.0821632 0.0460086 0.131005 0.0687187 
0.0310274 0.198783 0.0836954 0.126137 0.0701512 0.107821 0.0845437 0.0753503 0.1197 0.102791 
0.0556668 0.0320471 0.0534765 0.112455 0.0590582 0.0969423 0.0271267 0.303617 0.10488 0.154731 
0.0391934 0.116382 0.0858571 0.145517 0.0679074 0.0953386 0.0448083 0.165087 0.10856 0.13135 
0.0339381 0.0290607 0.0266013 0.220167 0.049567 0.28293 0.00973983 0.132526 0.108601 0.106868 
0.0541058 0.011341 0.0416216 0.100986 0.0452104 0.105994 0.0105336 0.386983 0.106412 0.136813 
0.0455936 0.116276 0.0797114 0.0978026 0.147142 0.0803318 0.0623439 0.0834593 0.100152 0.187186 
0.0445229 0.0318013 0.0470338 0.100229 0.0973982 0.123197 0.0360018 0.255779 0.11044 0.153597 
0.0355777 0.227522 0.105863 0.110887 0.0583414 0.100809 0.116235 0.0580935 0.109653 0.0770184 
