0.0751584 0.0219522 0.10302 0.165887 0.0561454 0.079354 0.0271726 0.268759 0.0780134 0.124539 
0.089735 0.110755 0.245536 0.112099 0.0166806 0.124335 0.180511 0.00578464 0.102472 0.0120931 
0.0652722 0.187413 0.120327 0.1075 0.0743801 0.0908489 0.0936553 0.104531 0.0881622 0.0679102 
0.246493 0.0222239 0.0813848 0.0902995 0.0764757 0.138813 0.0982763 0.0866191 0.081967 0.0774474 
0.0902751 0.0309352 0.0922533 0.0771851 0.16828 0.0839795 0.0942276 0.103068 0.100651 0.159145 
0.052915 0.212584 0.10756 0.124188 0.0573999 0.0893143 0.0725204 0.110613 0.0910539 0.0818516 
0.0312908 0.0340687 0.0452394 0.0827932 0.191545 0.11141 0.083815 0.123451 0.139267 0.157121 
0.0229025 0.147107 0.0742375 0.0934143 0.111431 0.112835 0.0513447 0.0545685 0.0661291 0.26603 
0.0981085 0.043354 0.081558 0.0456308 0.0903369 0.196902 0.277403 0.0420716 0.0754616 0.0491737 
0.0509657 0.0174056 0.0351959 0.0639492 0.200359 0.0759627 0.0395245 0.150595 0.0929744 0.273069 
0.256454 0.0196466 0.138468 0.0893042 0.053517 0.166525 0.0763074 0.0338179 0.108749 0.0572114 
0.0881306 0.0557635 0.116986 0.0877001 0.103846 0.0655078 0.216584 0.0558532 0.119273 0.0903562 
0.0462997 0.0390423 0.0540605 0.0884216 0.146309 0.105229 0.056499 0.145508 0.0937895 0.224841 
0.234555 0.022471 0.0777076 0.0915108 0.0779288 0.123542 0.0391359 0.0849283 0.105305 0.142915 
0.028131 0.235199 0.0917855 0.127695 0.0496199 0.104647 0.10248 0.0690243 0.0961157 0.0953014 
0.069468 0.0674957 0.0844834 0.123759 0.10988 0.228197 0.0579312 0.0526508 0.143768 0.0623677 
0.0766464 0.0203909 0.0627569 0.0784822 0.161612 0.0817206 0.0623985 0.139774 0.0992214 0.216997 
0.0692861 0.0179358 0.0966618 0.1598 0.0546655 0.0649854 0.0233269 0.373212 0.061131 0.0789959 
0.0448827 0.0966104 0.141959 0.156223 0.0638656 0.120069 0.161033 0.0708118 0.111525 0.0330211 
0.0537968 0.0575594 0.0768406 0.095018 0.207985 0.0973256 0.0968398 0.0779706 0.0868574 0.149807 
0.0587117 0.0371195 0.0277377 0.132532 0.144058 0.0913349 0.0237524 0.148464 0.0983201 0.23797 
0.0662786 0.0682259 0.105388 0.0735533 0.0858029 0.137845 0.263143 0.0314241 0.105376 0.0629635 
0.0487894 0.0536931 0.0848625 0.0903814 0.141434 0.0527473 0.226745 0.123884 0.091272 0.0861912 
0.0809662 0.0640336 0.099045 0.101431 0.0933012 0.239486 0.125996 0.0319437 0.0954657 0.0683319 
0.0714424 0.0675665 0.0859262 0.0997337 0.158906 0.0873569 0.0761835 0.124956 0.0741335 0.153796 
0.445355 0.00297254 0.0586771 0.0276444 0.0552416 0.147547 0.137525 0.0251972 0.0559466 0.043894 
0.0644396 0.0486493 0.0732392 0.137096 0.0605289 0.115033 0.0447234 0.253524 0.0698953 0.13287 
0.0686197 0.0307385 0.0844192 0.0689422 0.221456 0.0941575 0.0854407 0.0822817 0.0902376 0.173706 
0.322125 0.0190091 0.0982572 0.0913419 0.0375019 0.125381 0.0339458 0.0782292 0.102179 0.0920306 
0.0487624 0.167658 0.0637736 0.0945344 0.0711385 0.14779 0.105598 0.0666786 0.116749 0.117318 
0.0544346 0.0533714 0.0613985 0.240781 0.0522093 0.123286 0.0425912 0.124296 0.0840883 0.163543 
0.0460374 0.156343 0.0729838 0.120463 0.0811239 0.110668 0.089577 0.0831756 0.101292 0.138336 
0.0385946 0.0741326 0.0925713 0.218451 0.0970693 0.208118 0.038117 0.0432933 0.114861 0.0747918 
0.2099 0.0178931 0.114077 0.0275432 0.129022 0.131932 0.17306 0.0430387 0.0788689 0.0746657 
0.0644784 0.0408588 0.12382 0.148181 0.0771452 0.0936962 0.0222966 0.199068 0.0982556 0.1322 
0.0958587 0.0443465 0.278858 0.140022 0.0474266 0.168376 0.052286 0.0211718 0.11807 0.0335842 
0.0377712 0.0523618 0.0975095 0.143984 0.0632556 0.0931036 0.0426645 0.225168 0.104107 0.140075 
0.0316909 0.214872 0.0663456 0.0961547 0.0686283 0.128557 0.0833405 0.0899814 0.101056 0.119374 
0.0749523 0.0972505 0.185027 0.150353 0.0268868 0.162085 0.0782032 0.0532836 0.112583 0.0593762 
0.0373487 0.222608 0.0868302 0.110922 0.0566893 0.114117 0.102808 0.0785905 0.104564 0.085522 
0.0430514 0.165262 0.0853652 0.125184 0.0730129 0.10678 0.102414 0.104746 0.101287 0.0928971 
0.0495124 0.051828 0.106403 0.147869 0.0907132 0.08324 0.0475105 0.155414 0.090326 0.177185 
0.0235004 0.0645017 0.0510419 0.0932789 0.191908 0.0867061 0.0491985 0.11514 0.113568 0.211156 
0.077624 0.0911324 0.178415 0.117314 0.0951765 0.111958 0.11771 0.0588011 0.088934 0.062935 
0.0547746 0.0933209 0.0910832 0.167043 0.0824654 0.14537 0.104017 0.0588125 0.101595 0.101519 
0.0951816 0.0677208 0.0882115 0.134139 0.0773957 0.205364 0.077291 0.0389541 0.116485 0.0992576 
0.0224292 0.18599 0.0854892 0.16315 0.0705353 0.124811 0.0670848 0.0505393 0.106016 0.123955 
0.0468079 0.162133 0.191051 0.132826 0.0550727 0.0868266 0.164503 0.0354795 0.0665148 0.0587854 
0.0222739 0.0197839 0.0252593 0.0958431 0.245954 0.119218 0.0362689 0.0757115 0.12194 0.237747 
0.0512757 0.0317787 0.096872 0.0512574 0.253533 0.0637911 0.0865823 0.110888 0.10062 0.153402 
0.113082 0.0493298 0.11909 0.102301 0.063786 0.117337 0.260854 0.0379607 0.0885839 0.0476744 
0.0592616 0.0843313 0.147098 0.20894 0.0719313 0.111465 0.0818596 0.0860155 0.0883332 0.0607643 
0.0822014 0.0701507 0.0499545 0.0917975 0.160876 0.216637 0.060041 0.0840818 0.0928107 0.0914491 
0.0732261 0.064275 0.0844245 0.0902252 0.131883 0.185122 0.0854185 0.0666542 0.1066 0.112171 
0.0735635 0.0433472 0.279415 0.0658222 0.0399206 0.0512008 0.266679 0.0280814 0.117704 0.0342661 
0.179387 0.0315607 0.0849076 0.100077 0.0812745 0.185002 0.0690796 0.0495639 0.134927 0.0842199 
0.0490189 0.0168575 0.0608781 0.0701771 0.310812 0.104351 0.0849244 0.087854 0.0920795 0.123048 
0.0572845 0.180819 0.113679 0.115396 0.0629089 0.0902921 0.0787191 0.114279 0.100683 0.0859397 
0.0590387 0.023105 0.0411333 0.0697334 0.184873 0.0884133 0.0485232 0.143609 0.0886479 0.252923 
0.170685 0.0904304 0.0688491 0.0766602 0.0865688 0.169635 0.0633443 0.104931 0.100291 0.0686056 
0.0297069 0.0597283 0.0648918 0.169606 0.0521332 0.0709836 0.0159901 0.374159 0.0741212 0.0886802 
0.0958278 0.0255155 0.151463 0.0662523 0.0717608 0.108003 0.13751 0.0405041 0.15481 0.148353 
0.0466754 0.0456984 0.0942773 0.0929688 0.136215 0.104688 0.102677 0.107366 0.11018 0.159254 
0.0632789 0.0842509 0.204226 0.179327 0.0642966 0.0878215 0.0913647 0.0300211 0.127287 0.0681267 
0.047207 0.0222632 0.150919 0.132165 0.138911 0.0665086 0.0281314 0.224103 0.0632116 0.12658 
0.0605292 0.0919829 0.0695453 0.112362 0.174857 0.0934277 0.106842 0.0647078 0.108042 0.117704 
0.0846787 0.0537875 0.110307 0.127887 0.10311 0.0991248 0.130005 0.11733 0.0889024 0.0848678 
0.0735162 0.0362262 0.064342 0.051646 0.251532 0.0768769 0.11501 0.109129 0.0804468 0.141275 
0.0393086 0.0815964 0.0981918 0.224958 0.0696511 0.16814 0.0342175 0.0589917 0.125616 0.0993279 
0.358014 0.0241853 0.0806369 0.0611848 0.0182686 0.172258 0.137551 0.0427688 0.0577728 0.0473594 
0.0905873 0.0273775 0.066042 0.120892 0.0708777 0.0509035 0.019886 0.385229 0.0792388 0.0889665 
0.367963 0.0127981 0.108041 0.0818163 0.0445061 0.138506 0.0878264 0.0251434 0.0922131 0.0411866 
0.151857 0.0251486 0.303376 0.188521 0.031803 0.101714 0.0596795 0.021821 0.1003 0.0157802 
0.0395548 0.0821267 0.0567238 0.155266 0.0586194 0.0748342 0.0283868 0.160839 0.0988131 0.244837 
0.0319047 0.195892 0.0839121 0.100613 0.0595624 0.135287 0.0963817 0.0772607 0.10639 0.112797 
0.0176053 0.0967215 0.0558805 0.110373 0.124334 0.119303 0.0402368 0.204446 0.0969161 0.134183 
0.0636709 0.142052 0.0811136 0.215928 0.0701246 0.148869 0.0453958 0.0456659 0.116966 0.0702136 
0.0600232 0.123531 0.173775 0.0998346 0.0679902 0.0843927 0.0912323 0.0854699 0.0872724 0.126479 
0.0404675 0.103467 0.0598634 0.139847 0.124943 0.108735 0.0476229 0.113488 0.115449 0.146117 
0.05348 0.0208198 0.0261047 0.0707134 0.0670564 0.0822392 0.0138559 0.338125 0.0879906 0.239615 
0.0542351 0.0677799 0.058331 0.115049 0.091764 0.113339 0.0473166 0.197315 0.0703036 0.184566 
0.0729109 0.0463543 0.109751 0.0835915 0.109455 0.144472 0.206289 0.0568255 0.0865417 0.0838096 
0.0779637 0.0306835 0.353837 0.14967 0.0617648 0.0746332 0.0880769 0.0142429 0.122151 0.0269769 
0.0465373 0.0334222 0.055981 0.14999 0.0919967 0.0837016 0.0333497 0.264555 0.0728207 0.167646 
0.0580603 0.098058 0.124046 0.0705059 0.0976707 0.169435 0.0843564 0.0498258 0.153562 0.0944805 
0.0317973 0.0161032 0.0307874 0.0739794 0.332506 0.0771698 0.0885491 0.0527662 0.101722 0.19462 
0.039973 0.0500519 0.0790923 0.118439 0.068239 0.0728435 0.0281822 0.330289 0.0851163 0.127773 
0.0546242 0.0527111 0.0623541 0.188341 0.0863578 0.195471 0.0790003 0.100422 0.0820857 0.0986325 
0.0613889 0.0397233 0.119721 0.0500401 0.128247 0.077931 0.329085 0.0592873 0.053784 0.0807929 
0.036867 0.235734 0.110188 0.113554 0.067534 0.101921 0.0995989 0.0732754 0.0990905 0.062237 
0.0678335 0.0616644 0.116196 0.299839 0.0482586 0.129759 0.0199456 0.067751 0.101386 0.0873668 
0.0424673 0.0713583 0.132879 0.0658897 0.073253 0.106374 0.302959 0.0444066 0.0805034 0.0799087 
0.0651419 0.0848578 0.0982045 0.0988379 0.125363 0.112286 0.0740419 0.0860926 0.112829 0.142345 
0.0490993 0.0628877 0.0727161 0.287653 0.0535164 0.136271 0.0223702 0.103696 0.0906914 0.121099 
0.0160309 0.25168 0.0735904 0.115293 0.0908047 0.104644 0.093649 0.051564 0.109976 0.0927673 
0.0488124 0.0390944 0.0500356 0.0320766 0.280431 0.0760958 0.137428 0.0964785 0.075688 0.16386 
0.0424936 0.148729 0.0664422 0.128009 0.0844105 0.104998 0.07693 0.0980495 0.101927 0.148011 
0.0397647 0.0622283 0.119378 0.106991 0.0935809 0.108782 0.0765136 0.210743 0.088273 0.0937457 
0.132099 0.064973 0.139484 0.0572194 0.0604901 0.152296 0.248559 0.0213856 0.0883742 0.0351202 
0.0289871 0.0254836 0.0605826 0.0645389 0.153261 0.0719193 0.0511923 0.167078 0.0949996 0.281958 
0.0768977 0.0969041 0.106957 0.0941036 0.0635363 0.0699801 0.241957 0.0750324 0.0856535 0.0889781 
0.276131 0.03544 0.11621 0.0612659 0.0627939 0.138194 0.0647559 0.046046 0.0876326 0.111531 
0.0602583 0.0448984 0.030206 0.112903 0.0962045 0.285382 0.0230614 0.100214 0.138791 0.108082 
0.0761897 0.0272386 0.0880278 0.0878144 0.266441 0.0896345 0.0735017 0.0488666 0.0714245 0.170861 
0.046513 0.04229 0.0942412 0.108857 0.155243 0.121003 0.078639 0.0672393 0.0772563 0.208719 
0.0625384 0.0421997 0.0731312 0.111172 0.148643 0.0832585 0.0639928 0.119804 0.0895942 0.205667 
0.113821 0.0181553 0.272928 0.123371 0.083762 0.0895908 0.064403 0.0404858 0.136826 0.0566577 
0.101036 0.17165 0.121048 0.116635 0.0430824 0.104041 0.120785 0.0444898 0.106134 0.0710992 
0.0322185 0.0462338 0.0390539 0.12188 0.14011 0.106745 0.0630275 0.107826 0.0854281 0.257477 
0.0496766 0.0500295 0.0843071 0.0687806 0.235248 0.0700392 0.0840372 0.110086 0.069996 0.1778 
0.0628324 0.107322 0.120436 0.143122 0.0847677 0.12614 0.068899 0.0279135 0.164035 0.0945318 
0.0340246 0.162648 0.109274 0.128228 0.0627146 0.0827426 0.0495842 0.169982 0.0840247 0.116777 
0.0791417 0.0901826 0.106325 0.183223 0.0607511 0.155651 0.0674482 0.052686 0.113933 0.0906593 
0.0300045 0.075287 0.065271 0.121161 0.129214 0.0609202 0.0580363 0.120585 0.100324 0.239196 
0.0244533 0.0622562 0.12233 0.0867553 0.124107 0.0879847 0.0725736 0.189123 0.0843875 0.146029 
0.032006 0.0876333 0.075255 0.0665906 0.197347 0.0799499 0.1248 0.101703 0.0873256 0.14739 
0.0317479 0.0862333 0.0758819 0.0972931 0.171756 0.0837992 0.091215 0.0937644 0.107863 0.160447 
0.0341451 0.0436955 0.0702362 0.0634457 0.298951 0.0785403 0.111294 0.0707475 0.105846 0.123099 
0.0608789 0.0650014 0.0637111 0.0771988 0.163929 0.090119 0.0628162 0.124684 0.0973228 0.19434 
0.0818649 0.035889 0.128236 0.104564 0.0579195 0.138144 0.0854062 0.088576 0.140028 0.139373 
0.049549 0.0315467 0.109327 0.159689 0.063757 0.267248 0.048927 0.0367025 0.146603 0.086651 
0.0852533 0.0266176 0.0779452 0.0425319 0.227037 0.0801818 0.128693 0.103962 0.0912474 0.136531 
0.0472114 0.0691251 0.0951589 0.134047 0.0998049 0.0934642 0.0491114 0.209434 0.08776 0.114883 
0.05 0.125364 0.110085 0.0726728 0.0982917 0.10546 0.155504 0.0666278 0.0906963 0.125299 
0.0253489 0.044502 0.0205597 0.0959489 0.235959 0.0706997 0.0448238 0.170597 0.109039 0.182522 
0.0310035 0.100774 0.111695 0.101017 0.134816 0.0674664 0.0873825 0.083674 0.0941424 0.18803 
0.180125 0.0226016 0.147256 0.126083 0.0490357 0.163756 0.0659714 0.0779293 0.0819133 0.0853284 
0.0981302 0.0608698 0.0683756 0.0740684 0.08492 0.309066 0.0636115 0.0470745 0.117146 0.0767377 
0.0318249 0.0428762 0.098873 0.171872 0.0619027 0.174402 0.0237963 0.055526 0.181141 0.157786 
0.0734969 0.0577027 0.092225 0.150526 0.0901951 0.212689 0.0519273 0.0602196 0.107094 0.103924 
0.055486 0.0250639 0.0841733 0.0539107 0.144857 0.0993916 0.322678 0.0403639 0.0836194 0.090456 
0.0619449 0.0247652 0.127152 0.0375082 0.073746 0.122793 0.383772 0.0193175 0.0842197 0.0647819 
0.0560329 0.0522196 0.099965 0.167812 0.0474796 0.268401 0.0982195 0.0199605 0.12587 0.0640403 
0.0428242 0.0208908 0.148089 0.1063 0.102278 0.0413177 0.0540273 0.286898 0.100948 0.0964281 
0.0526442 0.0970995 0.102543 0.130357 0.071798 0.174489 0.047573 0.0364407 0.180135 0.10692 
0.029836 0.228969 0.0978796 0.110348 0.0536984 0.114462 0.0969602 0.0799365 0.10814 0.0797705 
0.197903 0.0289093 0.110081 0.0903422 0.055575 0.182269 0.0893487 0.0525515 0.128682 0.0643383 
0.0465223 0.252547 0.110707 0.110896 0.0391159 0.0968289 0.0945048 0.0719477 0.113861 0.0630699 
0.0773332 0.0508011 0.0932434 0.0674379 0.100645 0.0694396 0.324362 0.0677441 0.0599735 0.08902 
0.0709989 0.029334 0.0928418 0.0417646 0.173717 0.0915883 0.0924946 0.110523 0.128048 0.16869 
0.0747492 0.0666353 0.0986844 0.0765554 0.117292 0.141717 0.22165 0.0482356 0.0916955 0.0627859 
0.0730017 0.0672864 0.0749874 0.159679 0.0642433 0.0644678 0.0236519 0.283274 0.079062 0.110347 
0.0448609 0.0620466 0.172726 0.195151 0.100321 0.0978645 0.0176281 0.0921561 0.119154 0.0980917 
0.0377881 0.208869 0.111967 0.111718 0.0575951 0.0937186 0.106387 0.0960417 0.0946521 0.0812627 
0.051223 0.0511143 0.116881 0.101999 0.128134 0.0872558 0.0483543 0.158815 0.0850486 0.171176 
0.0461553 0.178377 0.076527 0.107128 0.0628252 0.126956 0.094766 0.0671611 0.119276 0.120828 
0.0604173 0.0659688 0.117056 0.0969688 0.10245 0.153492 0.0595906 0.0553018 0.163561 0.125193 
0.0775054 0.0162563 0.408224 0.176365 0.0471764 0.111487 0.0626106 0.00704886 0.0732327 0.0200937 
0.227586 0.0365872 0.0974562 0.0832471 0.0680391 0.148692 0.110659 0.0538439 0.102282 0.0716073 
0.0529676 0.0675267 0.0994874 0.0884887 0.148947 0.137985 0.117555 0.0660782 0.0820886 0.138876 
0.0582808 0.0417255 0.0909153 0.112804 0.133332 0.092024 0.0777528 0.0824292 0.104739 0.205998 
0.0828482 0.0422261 0.116753 0.132534 0.109711 0.0852262 0.0364748 0.079368 0.11653 0.198329 
0.112566 0.0451705 0.0963618 0.0452561 0.117309 0.238871 0.0515911 0.0600556 0.15191 0.0809092 
0.0822027 0.0971771 0.0849202 0.126221 0.0731909 0.174976 0.0751398 0.0546067 0.105986 0.12558 
0.0301339 0.177184 0.0828727 0.115016 0.0941686 0.111048 0.0811225 0.102781 0.085984 0.119689 
0.0727513 0.0534556 0.0501843 0.0753889 0.13006 0.252617 0.154709 0.0322987 0.104085 0.0744499 
0.0859257 0.0279799 0.103721 0.0556145 0.134241 0.100904 0.276198 0.0741699 0.0528443 0.0884019 
0.18406 0.0388836 0.108095 0.0877811 0.0657382 0.134347 0.113194 0.0868151 0.103495 0.0775906 
0.102833 0.104028 0.16973 0.209059 0.0226161 0.109338 0.0897607 0.103827 0.0567854 0.0320228 
0.0413838 0.0953452 0.0623718 0.082865 0.177329 0.0931733 0.11367 0.105537 0.0752891 0.153035 
0.0182987 0.0735595 0.0823917 0.115885 0.256437 0.093963 0.066652 0.0674803 0.114539 0.110794 
0.12981 0.0312506 0.11474 0.0784729 0.0833644 0.123982 0.264525 0.0432152 0.058521 0.0721185 
0.0808021 0.0456739 0.0803355 0.119913 0.0454367 0.374028 0.0298917 0.0310422 0.135082 0.0577949 
0.0384301 0.0250311 0.0642724 0.0903785 0.249603 0.057738 0.0826526 0.153992 0.0870427 0.150859 
0.0530284 0.0452338 0.126728 0.0726963 0.131839 0.0585956 0.239114 0.101618 0.0804457 0.0907006 
0.0662701 0.0459047 0.081086 0.124851 0.07193 0.257264 0.0857257 0.0371579 0.149408 0.080403 
0.064455 0.0402807 0.0744207 0.058415 0.217329 0.0720014 0.11328 0.1079 0.105186 0.146732 
0.0810229 0.0583418 0.0869397 0.104611 0.112814 0.214395 0.104888 0.0624739 0.0843762 0.0901378 
0.0368985 0.218429 0.0895089 0.117972 0.0547696 0.108549 0.111982 0.0794062 0.0937941 0.0886905 
0.0550477 0.0468136 0.0614584 0.099127 0.20833 0.0966669 0.081118 0.0922576 0.0916815 0.167499 
0.0484151 0.0939922 0.0811024 0.106898 0.158537 0.127242 0.0877336 0.077547 0.0807338 0.137799 
0.045626 0.049699 0.134133 0.139189 0.0622992 0.0492387 0.0183754 0.250242 0.0865753 0.164622 
0.104776 0.0652294 0.241486 0.165989 0.0247028 0.154125 0.0423651 0.00934607 0.175555 0.0164243 
0.156682 0.0765907 0.0804931 0.16385 0.0698448 0.132845 0.0379188 0.0853775 0.102156 0.094243 
0.0617225 0.101017 0.264224 0.131789 0.0764398 0.0661559 0.0828759 0.0446306 0.119348 0.0517968 
0.0659515 0.118962 0.0803374 0.118295 0.0825913 0.125698 0.0729614 0.131958 0.0865308 0.116715 
0.045692 0.173278 0.0916226 0.11469 0.0632247 0.102975 0.112604 0.108831 0.101315 0.0857681 
0.0545341 0.0684557 0.132302 0.129959 0.099974 0.137026 0.0654942 0.067249 0.130563 0.114443 
0.028018 0.221416 0.0864873 0.115819 0.062529 0.102352 0.0912167 0.105948 0.0937391 0.0924748 
0.0373715 0.110103 0.137647 0.108883 0.0412178 0.181469 0.105219 0.0424581 0.176847 0.0587846 
0.0275679 0.209121 0.078236 0.126218 0.0710024 0.112511 0.06404 0.114161 0.0943667 0.102776 
0.0373301 0.0957233 0.121808 0.128474 0.0598862 0.165793 0.0950236 0.0384776 0.190303 0.0671819 
0.0822153 0.10893 0.084053 0.112954 0.0796646 0.201401 0.0866758 0.0430399 0.121607 0.0794592 
0.417042 0.00874655 0.103058 0.0777849 0.0392766 0.142891 0.0909738 0.0162875 0.074269 0.0296707 
0.0619962 0.105887 0.0890924 0.123549 0.0834977 0.152468 0.110495 0.0434975 0.149771 0.0797459 
0.054844 0.0404946 0.0632136 0.0486361 0.190636 0.0595482 0.0971783 0.105647 0.0959639 0.243838 
0.0438829 0.152299 0.275669 0.190215 0.0137963 0.0898054 0.0620224 0.0162956 0.137169 0.0188451 
0.0625644 0.055786 0.146005 0.160657 0.0666689 0.191867 0.0491151 0.0252679 0.127927 0.114142 
0.445204 0.0160507 0.0773649 0.0559227 0.0438196 0.136205 0.0484153 0.0285547 0.0882535 0.0602096 
0.0599595 0.139394 0.0998789 0.133126 0.0700097 0.118837 0.0929306 0.059447 0.110826 0.115592 
0.0370282 0.213997 0.12848 0.120757 0.0563159 0.0779623 0.0721092 0.0931461 0.112616 0.0875887 
0.0445197 0.154419 0.0787447 0.123414 0.0844449 0.138916 0.0914043 0.0614093 0.0992974 0.123431 
0.296221 0.0232451 0.101917 0.0827573 0.0741024 0.176564 0.0780189 0.0446562 0.0576537 0.0648639 
0.0254278 0.0486323 0.0805108 0.131533 0.149159 0.111354 0.0652375 0.144082 0.0985983 0.145466 
0.191776 0.0155778 0.0935796 0.0960699 0.0756783 0.144091 0.0325237 0.101175 0.111322 0.138207 
0.0460031 0.0877668 0.123927 0.131776 0.110576 0.134775 0.0738994 0.059281 0.100678 0.131318 
0.0309819 0.228933 0.092839 0.0924804 0.05751 0.123037 0.125531 0.0590217 0.103414 0.0862516 
0.0742693 0.059853 0.130351 0.0674093 0.0629506 0.10197 0.342326 0.0190255 0.0888269 0.0530182 
0.04181 0.0435636 0.0755691 0.113451 0.187572 0.12124 0.0620264 0.0990065 0.109819 0.145943 
0.0511066 0.0528948 0.346942 0.206368 0.0292309 0.0662148 0.0381515 0.0368851 0.11764 0.0545668 
0.082185 0.0231139 0.186732 0.371209 0.0276928 0.143737 0.0466012 0.0115309 0.085499 0.0216989 
0.143814 0.0261482 0.121279 0.0542004 0.0921623 0.0538677 0.31483 0.050367 0.0697908 0.0735406 
0.0646291 0.18066 0.13357 0.116765 0.0622219 0.0985888 0.0820845 0.080702 0.106424 0.0743545 
0.0422183 0.180782 0.0762138 0.114624 0.0655316 0.124201 0.078704 0.0937579 0.0997904 0.124177 
0.0648449 0.190086 0.111357 0.105418 0.0655402 0.0917019 0.094529 0.113746 0.0939176 0.0688594 
0.0544469 0.0992431 0.0995559 0.175165 0.0759378 0.143368 0.0767942 0.0696223 0.106249 0.0996178 
0.0220865 0.0449982 0.0237689 0.0790955 0.137522 0.177578 0.0414131 0.0842396 0.101488 0.287811 
0.0872774 0.0462363 0.0682562 0.140646 0.0947765 0.203071 0.0712088 0.0664157 0.112524 0.109587 
0.0833969 0.0453266 0.327666 0.0961615 0.0680348 0.077293 0.102722 0.0348458 0.117845 0.0467088 
0.0178838 0.0608458 0.0205545 0.0955151 0.189602 0.128684 0.0493739 0.0775084 0.0802208 0.279811 
0.0902543 0.0209622 0.061319 0.0908188 0.200399 0.122322 0.0783309 0.103532 0.0949064 0.137155 
0.0936343 0.0721974 0.0522028 0.0855482 0.112748 0.157314 0.0398593 0.171824 0.0862673 0.128404 
0.0218311 0.0646947 0.0604807 0.139703 0.159471 0.131995 0.0546744 0.098209 0.0837673 0.185174 
0.0449635 0.0958815 0.125714 0.178257 0.0789621 0.104904 0.0550075 0.0734324 0.105497 0.137382 
0.0215487 0.0650204 0.0666093 0.127992 0.139273 0.112358 0.0422041 0.111021 0.1072 0.206774 
0.187149 0.0188303 0.10899 0.0955235 0.0770045 0.128676 0.0790738 0.0886186 0.103825 0.112308 
0.0354956 0.0570156 0.120332 0.223302 0.0728229 0.104763 0.0327433 0.0788883 0.102875 0.171763 
0.0732473 0.0851748 0.0761647 0.0637013 0.0760909 0.215917 0.232583 0.0249473 0.119498 0.0326752 
0.0924073 0.0699536 0.0720698 0.0973377 0.0907335 0.187439 0.0422894 0.128901 0.1118 0.107069 
0.101448 0.0573425 0.05793 0.186826 0.0712892 0.20469 0.0391142 0.0806434 0.0972732 0.103443 
0.0536566 0.0200012 0.0390423 0.0966049 0.104338 0.119534 0.0253618 0.255274 0.0740126 0.212176 
0.100356 0.0289097 0.294097 0.129719 0.0565199 0.0803095 0.129781 0.0371486 0.100282 0.0428763 
0.0584304 0.00936859 0.391143 0.101639 0.0477768 0.109132 0.0523979 0.0580469 0.10707 0.064995 
0.0630793 0.0292932 0.095736 0.11201 0.0690771 0.0881249 0.0245354 0.2509 0.0678113 0.199433 
0.0857525 0.157318 0.115555 0.106954 0.0792629 0.102099 0.0842299 0.0966532 0.0966408 0.0755345 
0.100873 0.0475011 0.239478 0.189511 0.0576555 0.136044 0.03254 0.0325248 0.121715 0.0421577 
0.0337897 0.0833505 0.0731093 0.1307 0.0876588 0.170071 0.0550645 0.0967715 0.156209 0.113276 
0.0548033 0.0755592 0.093199 0.0970715 0.175354 0.0912553 0.115027 0.0753939 0.0868781 0.135458 
0.0511312 0.205101 0.131655 0.12049 0.0468874 0.0872985 0.0824855 0.0925206 0.100194 0.0822356 
0.0566362 0.073161 0.0912092 0.11009 0.0759173 0.0840765 0.0521872 0.197957 0.0811719 0.177594 
0.100715 0.0857127 0.117946 0.196008 0.0466414 0.116895 0.0529746 0.100328 0.0875468 0.0952326 
0.0827728 0.131713 0.0993712 0.177529 0.0752648 0.133714 0.0597508 0.0474379 0.114549 0.0778968 
0.0432605 0.071477 0.121909 0.0815274 0.0548231 0.171294 0.21608 0.0193609 0.168404 0.0518637 
0.0538229 0.0212308 0.069624 0.160853 0.0814091 0.100113 0.0234382 0.192277 0.128026 0.169206 
0.0514894 0.0757337 0.099047 0.143624 0.0854141 0.102102 0.0517077 0.170109 0.091204 0.129569 
0.0636706 0.0318255 0.066418 0.0966017 0.125157 0.0961226 0.0563682 0.168807 0.0731156 0.221914 
0.047426 0.0843506 0.279586 0.212493 0.0341238 0.0857046 0.120944 0.0458415 0.0466681 0.0428627 
0.0420249 0.180261 0.227978 0.0968836 0.0562071 0.0659506 0.146029 0.0337593 0.0974891 0.0534175 
0.0505584 0.0354985 0.0457666 0.0564508 0.270728 0.0808259 0.112708 0.0798246 0.092684 0.174956 
0.0301652 0.21207 0.0783468 0.116615 0.0643304 0.117937 0.0897944 0.0934929 0.0879632 0.109285 
0.0613325 0.0702681 0.0891342 0.134472 0.0538278 0.235592 0.0941737 0.0368803 0.137123 0.0871973 
0.0678065 0.0320136 0.119683 0.126493 0.0937195 0.15111 0.0512722 0.0782893 0.139319 0.140293 
0.125989 0.0242263 0.0944791 0.0420793 0.108363 0.0876798 0.0677964 0.0598277 0.17731 0.212249 
0.0387001 0.0608218 0.0856996 0.0907839 0.188269 0.0840014 0.0814322 0.188402 0.0645382 0.117353 
0.0630501 0.0894511 0.156551 0.156417 0.0775186 0.111842 0.0863142 0.0876027 0.0872513 0.0840018 
0.0981033 0.108065 0.096532 0.137655 0.0963097 0.0911116 0.125091 0.109767 0.0613423 0.0760228 
0.417114 0.0102392 0.176216 0.0687784 0.0221494 0.0810597 0.0950602 0.0190362 0.0901626 0.0201843 
0.0360544 0.0698467 0.159422 0.117289 0.14967 0.076474 0.147807 0.0368543 0.100096 0.106487 
0.0581828 0.0134878 0.0587712 0.0519228 0.300579 0.0860817 0.0917132 0.0874804 0.100045 0.151735 
0.0512514 0.198467 0.197784 0.135748 0.0327812 0.0843976 0.130995 0.0384112 0.101047 0.0291164 
0.0244745 0.0573219 0.0551186 0.112362 0.213627 0.0867789 0.056201 0.0799577 0.105869 0.20829 
0.0619264 0.128222 0.0820931 0.0984969 0.0833083 0.128682 0.100986 0.0835247 0.11181 0.12095 
0.026423 0.0645675 0.0333835 0.0825204 0.161051 0.0767348 0.0534581 0.114739 0.0677489 0.319374 
0.112937 0.0670957 0.0982168 0.135193 0.0837789 0.193185 0.0649916 0.0512062 0.101264 0.092133 
0.0565112 0.0582505 0.0873097 0.160532 0.0772915 0.0797633 0.0301063 0.236438 0.0794106 0.134388 
0.0360128 0.0610988 0.101444 0.134928 0.0965263 0.0904881 0.0471522 0.194288 0.0793929 0.158669 
0.0406823 0.180495 0.217608 0.152796 0.0260863 0.109757 0.0647099 0.0437219 0.112788 0.0513561 
0.0646672 0.164886 0.126507 0.126642 0.0547994 0.116552 0.135008 0.0329461 0.129665 0.0483269 
0.0921918 0.0265297 0.360726 0.111199 0.0419076 0.0583077 0.170385 0.0186104 0.0907925 0.0293503 
0.287513 0.0453878 0.0629047 0.053783 0.0623833 0.0688101 0.212882 0.0832906 0.0820859 0.0409588 
0.111299 0.0542602 0.147111 0.0646271 0.0790309 0.144986 0.0580613 0.062894 0.183176 0.0945545 
0.0815448 0.140949 0.12285 0.112704 0.0358687 0.180033 0.0355033 0.0837148 0.128189 0.0786425 
0.0352779 0.0619408 0.0561104 0.189855 0.0574493 0.0753536 0.0209537 0.319593 0.0757164 0.107749 
0.0291204 0.071866 0.0594686 0.124848 0.0733759 0.0904571 0.0380751 0.251334 0.0737609 0.187694 
0.0274119 0.145746 0.0908365 0.146992 0.0957705 0.116831 0.0590258 0.0745747 0.0808998 0.161912 
0.0227369 0.246367 0.0990029 0.132164 0.0569583 0.0946522 0.101977 0.065 0.0984958 0.0826466 
0.0945451 0.0582954 0.0813286 0.114858 0.0733962 0.15846 0.130577 0.0369335 0.160395 0.0912117 
0.0182189 0.240225 0.078211 0.126793 0.076471 0.0777162 0.0924357 0.0934253 0.0901046 0.106399 
0.108598 0.0221063 0.152903 0.0849996 0.118584 0.11346 0.0798611 0.0439714 0.139937 0.135579 
0.254928 0.0307125 0.10052 0.154428 0.0565331 0.0864462 0.0753103 0.101331 0.0564423 0.0833476 
0.0551975 0.0605458 0.0917196 0.259349 0.0662819 0.169719 0.0260499 0.0530777 0.110716 0.107343 
0.213532 0.0201721 0.133164 0.115014 0.0606366 0.131268 0.0767181 0.0740172 0.0921982 0.0832801 
0.0301689 0.216937 0.0744589 0.119918 0.0618296 0.114832 0.0787542 0.0931563 0.0892574 0.120688 
0.0433495 0.0397324 0.0610725 0.0980299 0.116972 0.0815905 0.0491029 0.118631 0.127381 0.264138 
0.022036 0.034118 0.0965128 0.110772 0.120139 0.0676459 0.0408812 0.150999 0.114376 0.242521 
0.0467137 0.0275108 0.0633711 0.066552 0.22332 0.0921534 0.0842472 0.111217 0.0890837 0.195831 
0.0418466 0.221817 0.11045 0.120033 0.0540753 0.0981446 0.0905226 0.0848037 0.100714 0.0775934 
0.0444252 0.0378665 0.0709015 0.0786558 0.0840097 0.0974006 0.0712447 0.116954 0.156432 0.24211 
0.061337 0.050497 0.252589 0.122094 0.0536626 0.109414 0.0757431 0.0370094 0.179635 0.0580197 
0.0290184 0.198871 0.0777989 0.128099 0.0697035 0.117286 0.0768081 0.103441 0.0922224 0.106752 
0.0499001 0.23022 0.201617 0.116659 0.0276704 0.0814114 0.124409 0.0142814 0.133012 0.0208187 
0.041346 0.029766 0.0435699 0.0707615 0.16702 0.0611642 0.0732617 0.132519 0.0941279 0.286464 
0.0467679 0.0991178 0.122536 0.13088 0.0755832 0.0981988 0.0780116 0.133581 0.102006 0.113319 
0.0736414 0.0732319 0.0672905 0.100707 0.116399 0.205233 0.0529133 0.129213 0.0979848 0.0833868 
0.0532185 0.0392501 0.0837318 0.0994525 0.115238 0.106638 0.0695138 0.101475 0.102864 0.228618 
0.0513866 0.0798401 0.318644 0.20402 0.0222014 0.0757576 0.157566 0.019585 0.0504529 0.0205469 
0.0459246 0.0815993 0.157488 0.107368 0.0777706 0.11835 0.238721 0.023781 0.0969695 0.0520271 
0.0315514 0.0347879 0.0568284 0.0938817 0.260737 0.0723567 0.0536056 0.0949209 0.0580605 0.24327 
0.0567023 0.194357 0.0934669 0.115722 0.0465578 0.130782 0.0913206 0.0837958 0.110442 0.0768541 
0.0535878 0.0838911 0.0780921 0.136012 0.109129 0.203473 0.114303 0.0394653 0.111907 0.0701392 
0.0309937 0.109835 0.0601774 0.122624 0.121247 0.155156 0.0872388 0.0727258 0.0973479 0.142653 
0.11744 0.0998241 0.229269 0.141714 0.0201571 0.164974 0.0994647 0.00552312 0.102592 0.0190416 
0.0473856 0.0445251 0.066156 0.0874823 0.14759 0.120926 0.047378 0.143946 0.0783598 0.216252 
0.0374395 0.104552 0.300015 0.107222 0.0910594 0.0484483 0.139564 0.0266905 0.0694527 0.0755575 
0.216773 0.0299888 0.109459 0.0971595 0.0655761 0.178001 0.0302037 0.0745738 0.104148 0.094117 
0.0464046 0.054641 0.0718759 0.128787 0.205817 0.0782769 0.0690469 0.0748543 0.0854121 0.184884 
0.416791 0.0132059 0.0966285 0.127686 0.0298372 0.159352 0.0297712 0.0343945 0.0595241 0.0328095 
0.329829 0.0177355 0.085365 0.0924342 0.0271464 0.185536 0.10689 0.0431216 0.0704918 0.0414518 
0.0643191 0.0703386 0.308863 0.167096 0.0341679 0.118709 0.0802735 0.0112525 0.106721 0.0382588 
0.0685176 0.111558 0.119202 0.190107 0.0493086 0.14088 0.0235311 0.0491428 0.147048 0.100706 
0.0549888 0.109316 0.118019 0.127902 0.116782 0.0994717 0.122108 0.0706349 0.0819454 0.0988322 
0.0263379 0.0517561 0.144728 0.0900932 0.160403 0.0721855 0.0872958 0.166317 0.0738996 0.126984 
0.0277029 0.242742 0.0795837 0.122447 0.065303 0.0995111 0.0953575 0.0773536 0.0933311 0.0966676 
0.0658457 0.0520621 0.208352 0.0920521 0.0991247 0.0872364 0.108391 0.0981811 0.0995296 0.0892245 
0.0260074 0.0606505 0.0759738 0.0799673 0.176857 0.11939 0.0935626 0.10496 0.124624 0.138007 
0.216055 0.0139869 0.182396 0.0509204 0.0184605 0.323842 0.0348826 0.0141546 0.121162 0.0241387 
0.0759375 0.175317 0.235165 0.143203 0.0227953 0.0735642 0.101181 0.0237827 0.115308 0.0337464 
0.0322299 0.0838588 0.10806 0.0977872 0.107314 0.0935699 0.072128 0.139823 0.122137 0.143092 
0.0322001 0.0417813 0.0632457 0.0570567 0.241994 0.106829 0.0887254 0.12047 0.134494 0.113203 
0.0664622 0.124678 0.10699 0.23581 0.057907 0.155781 0.0740957 0.0456656 0.0820526 0.050558 
0.0735734 0.0876209 0.136706 0.181711 0.0899066 0.143394 0.0709471 0.0428163 0.108017 0.0653089 
0.440679 0.00452822 0.130404 0.0484698 0.0418741 0.0858107 0.105795 0.0276359 0.0836761 0.0311271 
0.298627 0.00929922 0.0916402 0.0542579 0.0677568 0.120906 0.134316 0.0403338 0.0901823 0.0926807 
0.063022 0.0820616 0.095466 0.163563 0.0918192 0.182759 0.112163 0.048534 0.104218 0.0563949 
0.0254699 0.231041 0.0848909 0.130428 0.0695397 0.10162 0.0979735 0.0652266 0.0908077 0.103002 
0.0673747 0.0185191 0.0699384 0.0637453 0.140602 0.0851253 0.0821905 0.127584 0.119287 0.225635 
0.0635594 0.0820974 0.0573317 0.0584823 0.0676835 0.138603 0.383493 0.0208906 0.0847151 0.0431434 
0.0512257 0.0979875 0.0422739 0.0690054 0.151926 0.221048 0.0994575 0.0612041 0.129187 0.0766848 
0.115994 0.0350862 0.204354 0.195087 0.092553 0.0849142 0.1055 0.0309904 0.104555 0.0309664 
0.0693933 0.0323882 0.0928146 0.0870928 0.116974 0.264855 0.123983 0.0212321 0.143599 0.0476671 
0.0298376 0.146461 0.0477172 0.102385 0.0750196 0.128924 0.0483314 0.171502 0.11277 0.137052 
0.0496872 0.0925602 0.118604 0.139545 0.0528697 0.121589 0.0300835 0.179518 0.10202 0.113523 
0.0235877 0.0973292 0.0424984 0.145153 0.11013 0.116402 0.0450547 0.118702 0.0719291 0.229214 
0.0851905 0.114983 0.0870971 0.228012 0.0678308 0.13504 0.0411725 0.0457622 0.126949 0.0679637 
0.122719 0.0787514 0.112442 0.120038 0.0838228 0.119653 0.065432 0.0832045 0.0939676 0.11997 
0.0584673 0.0331909 0.0916851 0.0746375 0.186627 0.0888677 0.0946906 0.0997882 0.0990421 0.173004 
0.0584426 0.0932015 0.276047 0.113817 0.0298726 0.100777 0.167421 0.00834231 0.117535 0.0345428 
0.276765 0.00973065 0.0992919 0.0532484 0.0937114 0.151378 0.11098 0.0457 0.0845068 0.0746881 
0.0359902 0.0857539 0.0730563 0.0888665 0.0908592 0.12781 0.049157 0.207411 0.0996632 0.141432 
0.0238465 0.228973 0.0822052 0.118668 0.0664516 0.0985936 0.0861785 0.0954684 0.0944244 0.105192 
0.0234025 0.207202 0.0749922 0.120694 0.0653978 0.110705 0.0959492 0.10204 0.0985923 0.101025 
0.0501129 0.173814 0.211053 0.172511 0.0384025 0.101365 0.0961594 0.0268312 0.108622 0.021129 
0.0262544 0.240349 0.0828915 0.113076 0.0643423 0.0945449 0.0741113 0.109552 0.0915049 0.103373 
0.0781122 0.0329749 0.102988 0.103574 0.0829543 0.276746 0.031061 0.042864 0.175009 0.0737161 
0.08891 0.0746162 0.119363 0.252804 0.0597179 0.122255 0.0215315 0.0679082 0.122506 0.0703885 
0.0610682 0.114761 0.143082 0.167754 0.0675461 0.144458 0.0686713 0.0506361 0.124835 0.0571872 
0.0334175 0.0376916 0.106654 0.112661 0.168945 0.0699976 0.053384 0.102701 0.0842984 0.23025 
0.0550942 0.0425951 0.0998008 0.125447 0.0753765 0.0769988 0.0340028 0.300731 0.0553359 0.134618 
0.178688 0.0181449 0.114464 0.101591 0.096192 0.139361 0.0455594 0.0364473 0.168667 0.100885 
0.0716574 0.056664 0.169981 0.0774381 0.1037 0.131804 0.234648 0.0207165 0.0933769 0.040013 
0.0542762 0.112115 0.107465 0.175549 0.0481378 0.113238 0.111006 0.0936827 0.088406 0.0961249 
0.073831 0.0563526 0.0971183 0.0971602 0.110659 0.11073 0.137988 0.167562 0.0617337 0.0868649 
0.0271125 0.215871 0.0862668 0.125258 0.0550794 0.107801 0.0872598 0.0976469 0.0966416 0.101064 
0.124064 0.0814583 0.0753981 0.225375 0.0549469 0.200957 0.0384197 0.0342341 0.112431 0.0527156 
0.0530681 0.116961 0.087175 0.127976 0.0617509 0.200138 0.11058 0.0303447 0.131402 0.080605 
0.0248485 0.204844 0.0788099 0.122802 0.0719332 0.0914827 0.069164 0.0975656 0.0948413 0.143709 
0.209144 0.0249888 0.120257 0.119527 0.0527125 0.138526 0.0647681 0.051973 0.116623 0.10148 
0.0604573 0.0950947 0.0458691 0.0915499 0.0688012 0.291104 0.0752805 0.0582624 0.141787 0.0717938 
0.0464822 0.208863 0.120509 0.108397 0.0426279 0.094247 0.117429 0.0831002 0.112458 0.0658855 
0.0329922 0.046003 0.117423 0.201235 0.0788553 0.0827527 0.0383745 0.141789 0.104873 0.155702 
0.0247516 0.187623 0.0807495 0.148161 0.0691064 0.11518 0.0779621 0.0695381 0.0948471 0.132081 
0.0758687 0.0436556 0.103362 0.139229 0.0566766 0.265424 0.0817213 0.0244091 0.130959 0.0786935 
0.26954 0.0373133 0.0972548 0.104147 0.0423576 0.133004 0.0848289 0.0597812 0.131198 0.0405745 
0.0590051 0.0179826 0.11333 0.060487 0.145425 0.0714112 0.244275 0.0473044 0.100997 0.139784 
0.0543721 0.17512 0.156186 0.106322 0.0618295 0.0966248 0.0884407 0.0647626 0.117185 0.0791575 
0.0779661 0.101044 0.0830528 0.0874006 0.079108 0.128032 0.112496 0.0453482 0.181138 0.104415 
0.0777594 0.045436 0.0362259 0.151578 0.0923334 0.265386 0.0288779 0.0632464 0.111697 0.127461 
0.0448429 0.160254 0.0957673 0.129223 0.0786714 0.110583 0.0785499 0.112764 0.0890111 0.100334 
0.0545287 0.161235 0.0424066 0.129087 0.107741 0.10121 0.0355414 0.129795 0.10011 0.138344 
0.0396899 0.0665905 0.0702039 0.10539 0.150058 0.0908834 0.0720475 0.087671 0.109351 0.208115 
0.0330084 0.0599131 0.111396 0.122301 0.26744 0.0472146 0.0629579 0.0902954 0.0766216 0.128852 
0.0377516 0.0509246 0.110164 0.0711811 0.102735 0.0972323 0.301706 0.0482593 0.0762497 0.103796 
0.0736782 0.0438203 0.136226 0.18622 0.0619619 0.117424 0.0266523 0.15913 0.106194 0.088693 
0.0273883 0.210513 0.230475 0.137882 0.0133361 0.0687047 0.214926 0.0183298 0.0573168 0.0211284 
0.0883357 0.0565655 0.113521 0.0968517 0.100232 0.222027 0.0430962 0.0565277 0.134309 0.0885347 
0.205665 0.0287263 0.100297 0.10598 0.0743251 0.159745 0.0747967 0.0712305 0.0951781 0.084056 
0.0616171 0.110645 0.123593 0.120265 0.0863314 0.0743975 0.148719 0.0919299 0.0812132 0.101288 
0.0779715 0.0309837 0.132082 0.12436 0.0886139 0.218114 0.0706216 0.0433747 0.109691 0.104188 
0.0622637 0.0737333 0.133849 0.0846348 0.0997912 0.133449 0.202326 0.0396724 0.115544 0.0547368 
0.101575 0.0494424 0.104291 0.205379 0.0764571 0.131337 0.0262303 0.0865826 0.0939736 0.124733 
0.0369143 0.0585532 0.0702476 0.160799 0.0848323 0.081587 0.0247746 0.282382 0.0630131 0.136898 
0.0434265 0.18277 0.218012 0.140075 0.0161393 0.0843716 0.180317 0.029221 0.0766244 0.0290422 
0.195788 0.0481917 0.170291 0.0904291 0.0635663 0.126034 0.0889919 0.0492798 0.102337 0.0650906 
0.0491708 0.0947336 0.16009 0.147345 0.0392565 0.181235 0.0304738 0.0337383 0.16323 0.100726 
0.044155 0.0718018 0.140373 0.13079 0.0950342 0.107561 0.0747612 0.0487676 0.163291 0.123466 
0.0668253 0.0525571 0.0860061 0.0866295 0.0656081 0.306426 0.108447 0.0395515 0.122638 0.0653115 
0.043713 0.0751516 0.060367 0.0995427 0.198218 0.103969 0.0736903 0.0943435 0.0920458 0.158959 
0.0370531 0.204545 0.0870079 0.122047 0.0608788 0.104517 0.0884173 0.106884 0.090293 0.0983576 
0.0234401 0.210177 0.091172 0.131176 0.0659564 0.0929609 0.0942126 0.0964042 0.0941903 0.100311 
0.0764889 0.0334988 0.0744248 0.0761688 0.203903 0.13011 0.0797166 0.0788795 0.0928056 0.154004 
0.300286 0.01662 0.109102 0.0326626 0.0269985 0.266821 0.108961 0.0152731 0.106641 0.0166344 
0.0513819 0.101305 0.0901092 0.158552 0.0749972 0.0543946 0.0420454 0.24172 0.0937425 0.0917516 
0.0510088 0.0669175 0.0906622 0.195504 0.0654472 0.176613 0.0940875 0.056007 0.112129 0.0916232 
0.0534696 0.0523458 0.0809451 0.15654 0.0837841 0.0872798 0.048878 0.210182 0.0796543 0.146922 
0.0815409 0.0259686 0.121734 0.0519892 0.0842456 0.128193 0.328019 0.0388898 0.0643842 0.0750359 
0.0332638 0.200654 0.102013 0.119778 0.058508 0.0922782 0.10141 0.109825 0.0969372 0.0853326 
0.106652 0.050327 0.0806484 0.116937 0.0988205 0.116892 0.169815 0.0719312 0.0961452 0.0918321 
0.0516644 0.0803103 0.205752 0.117868 0.0784125 0.107962 0.0743463 0.0783327 0.0961836 0.109169 
0.073466 0.176474 0.129143 0.117926 0.0520357 0.0961908 0.0811491 0.0760827 0.114348 0.0831851 
0.0158752 0.0830539 0.0367561 0.120124 0.131169 0.127951 0.0461834 0.139795 0.102778 0.196314 
0.134692 0.00678938 0.281946 0.101934 0.0793464 0.0822475 0.0996097 0.0619683 0.0673775 0.0840888 
0.107173 0.0288682 0.175254 0.129741 0.0727019 0.176531 0.0690529 0.0404482 0.117846 0.0823841 
0.0584904 0.0555661 0.14681 0.0611491 0.0965341 0.0974468 0.237311 0.0649262 0.0726422 0.109125 
0.0328249 0.191586 0.0965382 0.124973 0.0669141 0.108886 0.073354 0.109726 0.0908923 0.104306 
0.0965855 0.0434467 0.0625535 0.0771614 0.116376 0.0981942 0.0626864 0.132542 0.114659 0.195796 
0.0784673 0.0582143 0.066195 0.114396 0.0471953 0.247042 0.105854 0.036376 0.142228 0.104033 
0.059507 0.0695443 0.309101 0.110995 0.0816778 0.0675219 0.161495 0.0321025 0.0788643 0.0291912 
0.0552999 0.0787706 0.102893 0.123069 0.086377 0.215837 0.0883919 0.0473247 0.114811 0.0872258 
0.0519568 0.0233794 0.0599286 0.0505052 0.193285 0.144958 0.105481 0.0909688 0.0958819 0.183656 
0.0913875 0.0232307 0.108213 0.0976009 0.198789 0.084472 0.140924 0.0518148 0.0766908 0.126877 
0.211094 0.011146 0.237546 0.0879771 0.0552903 0.137385 0.0557208 0.033723 0.116155 0.0539632 
0.0394468 0.12928 0.124103 0.142724 0.0508702 0.142564 0.05903 0.0687082 0.14571 0.0975641 
0.08654 0.0570948 0.118659 0.263315 0.0424244 0.185517 0.0651464 0.048169 0.0870575 0.0460763 
0.0886432 0.0563392 0.0881818 0.0708507 0.126388 0.163547 0.0941796 0.0867579 0.105074 0.120038 
0.0513144 0.0656237 0.177123 0.142731 0.0460682 0.125489 0.0775808 0.0993178 0.126089 0.0886627 
0.0363168 0.0246347 0.114677 0.120865 0.259507 0.0698721 0.055787 0.0586361 0.0649057 0.194799 
0.118735 0.0368127 0.051441 0.086608 0.0838411 0.159119 0.146163 0.0487708 0.129422 0.139088 
0.250467 0.0200723 0.103328 0.123339 0.0549304 0.177666 0.0155389 0.0632974 0.0771796 0.114181 
0.105591 0.103173 0.126212 0.214545 0.0448081 0.131378 0.0707968 0.0446739 0.121828 0.0369949 
0.0299656 0.205291 0.0812127 0.132781 0.0634535 0.0957336 0.0903145 0.0789683 0.105572 0.116708 
0.0361133 0.0508811 0.0498455 0.148969 0.0545386 0.0950001 0.0233954 0.332607 0.0698265 0.138823 
0.0563164 0.10432 0.0894359 0.115538 0.063594 0.107342 0.0560816 0.189227 0.0970824 0.121063 
0.0515956 0.0334232 0.0408444 0.241673 0.0545739 0.245912 0.0106191 0.10873 0.116596 0.096032 
0.0589062 0.0148878 0.0248511 0.101228 0.0604686 0.106276 0.0140344 0.375092 0.0933517 0.150905 
0.0395767 0.127721 0.0819204 0.108023 0.113751 0.0779775 0.0807265 0.0873529 0.0826247 0.200327 
0.0544343 0.0402024 0.0259108 0.0838925 0.0949247 0.131047 0.0400613 0.24599 0.085913 0.197624 
0.0264514 0.21653 0.105931 0.107175 0.0537212 0.101365 0.120144 0.0906394 0.102181 0.0758608 
