0.0702714 0.0320079 0.0724496 0.164425 0.0800651 0.104755 0.0220839 0.24592 0.0938813 0.114141 
0.111163 0.0759948 0.264289 0.11618 0.0120586 0.147295 0.113422 0.00687924 0.114942 0.0377759 
0.0482155 0.143224 0.11045 0.105855 0.0908047 0.108433 0.0893606 0.109625 0.0946699 0.0993616 
0.355456 0.017991 0.0923765 0.0724651 0.0349961 0.120363 0.0824016 0.0628515 0.080878 0.0802203 
0.085741 0.0451026 0.0855764 0.0538327 0.220666 0.0720012 0.0842132 0.110659 0.104631 0.137577 
0.038936 0.165392 0.101991 0.130135 0.0798422 0.0931088 0.065173 0.125142 0.0975258 0.102754 
0.0593449 0.0487329 0.0303159 0.0730384 0.202129 0.140949 0.0581887 0.136197 0.121533 0.129571 
0.0393735 0.0594856 0.0899646 0.088562 0.106119 0.117615 0.0705163 0.108061 0.100637 0.219666 
0.129569 0.0357772 0.0923958 0.0257174 0.155625 0.157235 0.179493 0.0405363 0.117502 0.0661492 
0.0721852 0.0182188 0.0393036 0.0416891 0.235909 0.0687293 0.046653 0.176771 0.105479 0.195061 
0.284092 0.026514 0.101414 0.0674773 0.0551191 0.160943 0.0897514 0.0376325 0.101433 0.0756234 
0.0721439 0.0545144 0.115638 0.0859931 0.110042 0.0867414 0.168527 0.0522575 0.143061 0.111082 
0.0647802 0.0325372 0.0782833 0.104099 0.13888 0.109989 0.0560758 0.125748 0.113923 0.175685 
0.296523 0.0147538 0.106187 0.0556231 0.0829525 0.127751 0.0378103 0.0616267 0.10774 0.109033 
0.0287991 0.219491 0.083082 0.161214 0.0501773 0.109457 0.0767512 0.0883613 0.103793 0.0788737 
0.0925263 0.049615 0.102227 0.128402 0.0713175 0.279468 0.0642816 0.0429418 0.103054 0.0661661 
0.072758 0.0248883 0.0933826 0.0662026 0.152316 0.0790473 0.0695422 0.140626 0.124379 0.176857 
0.0714396 0.0132929 0.0923842 0.197343 0.06129 0.0594459 0.018584 0.32504 0.0885792 0.0726005 
0.0726407 0.0310821 0.154598 0.134903 0.101459 0.150775 0.0706987 0.0598664 0.163255 0.0607218 
0.0712514 0.0451989 0.0680127 0.0874568 0.189139 0.1056 0.0777814 0.122185 0.107905 0.125469 
0.0815611 0.0361412 0.0309079 0.103668 0.144178 0.12037 0.0212472 0.180559 0.0916243 0.189743 
0.0719677 0.0540148 0.108546 0.0861628 0.0841035 0.168872 0.206867 0.0297408 0.11641 0.073315 
0.049848 0.0409326 0.0892089 0.0609173 0.151999 0.0832525 0.144541 0.18005 0.109822 0.0894282 
0.0819436 0.0381388 0.126776 0.0917575 0.116595 0.228493 0.108449 0.0432032 0.08914 0.0755041 
0.0887595 0.0619199 0.0851063 0.0733595 0.209114 0.0784026 0.0899558 0.102857 0.0813759 0.12915 
0.455204 0.00444195 0.0449442 0.0171224 0.0531004 0.156976 0.119241 0.0371629 0.0627683 0.0490389 
0.0676444 0.0441317 0.0769059 0.12266 0.0545118 0.110238 0.0357891 0.24211 0.0806377 0.165371 
0.0714093 0.0338163 0.0746563 0.0731761 0.222061 0.1044 0.0876495 0.0796175 0.110652 0.142562 
0.396663 0.0127334 0.112004 0.0894375 0.0343029 0.110708 0.0393624 0.0478801 0.0867571 0.0701519 
0.0427977 0.150674 0.0789807 0.125135 0.0589015 0.158573 0.109858 0.0548305 0.114721 0.105527 
0.0610925 0.0373034 0.0558207 0.276856 0.0525112 0.140397 0.03805 0.144221 0.0805183 0.11323 
0.0412087 0.144383 0.0737945 0.128978 0.0723876 0.1187 0.0739297 0.112985 0.11289 0.120743 
0.045607 0.0288047 0.10013 0.196614 0.0796187 0.233975 0.0378597 0.0487625 0.122731 0.105898 
0.162881 0.011137 0.139351 0.0243892 0.147513 0.162225 0.140881 0.037273 0.0952257 0.0791238 
0.0828173 0.0256369 0.087836 0.122817 0.102716 0.0952575 0.0243105 0.230449 0.100573 0.127587 
0.103339 0.0578719 0.174832 0.155197 0.0379834 0.231058 0.0523688 0.0363497 0.11237 0.0386307 
0.0500772 0.0263788 0.0706042 0.155076 0.0592288 0.106406 0.0276531 0.244867 0.124976 0.134732 
0.0347714 0.186416 0.0774089 0.130634 0.0581967 0.134273 0.0758711 0.0886512 0.11075 0.103028 
0.099402 0.0821131 0.194725 0.147457 0.0403768 0.132057 0.103507 0.0363623 0.103077 0.0609221 
0.0346939 0.177712 0.0946405 0.123281 0.0514311 0.116624 0.0969198 0.0850274 0.130501 0.0891689 
0.0530904 0.156373 0.119906 0.11044 0.068661 0.107326 0.0824308 0.100452 0.0954019 0.105919 
0.062919 0.0624406 0.0999162 0.121369 0.0898304 0.0845817 0.0392945 0.179961 0.0948772 0.16481 
0.0251284 0.0481206 0.0531053 0.103082 0.230928 0.0781403 0.0509117 0.14947 0.103979 0.157134 
0.0646174 0.060666 0.211102 0.127055 0.0839133 0.0985082 0.0845592 0.0478167 0.109395 0.112368 
0.0668978 0.0534684 0.108079 0.199408 0.0622411 0.160896 0.0824754 0.0504153 0.106775 0.109344 
0.0926353 0.0475994 0.0666646 0.156126 0.0682099 0.23206 0.0946511 0.0338469 0.107019 0.101187 
0.0339577 0.139733 0.0841506 0.173809 0.0796275 0.126601 0.0733337 0.06193 0.0984329 0.128425 
0.0820284 0.0753816 0.172111 0.14849 0.0591892 0.100394 0.15059 0.0410715 0.11719 0.0535536 
0.0207559 0.0252556 0.0343501 0.092426 0.268937 0.101363 0.0466757 0.0858535 0.147336 0.177047 
0.0753855 0.0252964 0.100638 0.0459678 0.235515 0.0483255 0.0763169 0.141471 0.100055 0.151028 
0.139683 0.0449098 0.0848962 0.107115 0.0669493 0.168809 0.207698 0.0493692 0.074804 0.0557663 
0.138127 0.0240332 0.161733 0.241955 0.0661746 0.112356 0.0485663 0.0813116 0.0854182 0.040325 
0.119491 0.0581454 0.0764716 0.0794294 0.11792 0.198174 0.0795008 0.0742123 0.0986113 0.0980446 
0.102998 0.0483706 0.0723367 0.107504 0.106575 0.181403 0.0795562 0.0843403 0.113966 0.102949 
0.0845432 0.0275132 0.245249 0.0863546 0.0765276 0.0661372 0.206565 0.0298637 0.139893 0.0373532 
0.233406 0.0177624 0.0995459 0.0887331 0.0442058 0.196194 0.0519782 0.0545669 0.127972 0.0856363 
0.0569452 0.0159002 0.0853531 0.0629444 0.272393 0.0951415 0.0757238 0.102344 0.130547 0.102707 
0.0384376 0.157037 0.0879351 0.123816 0.0802343 0.0972561 0.0687998 0.122315 0.113772 0.110397 
0.0646266 0.0253457 0.0728194 0.0722433 0.161807 0.0979611 0.0549742 0.146473 0.119595 0.184155 
0.12505 0.06685 0.089293 0.0789371 0.112884 0.15537 0.0633873 0.125572 0.107493 0.0751633 
0.0250656 0.0221306 0.0875304 0.190913 0.0435734 0.0617869 0.0207634 0.416834 0.0584758 0.0729277 
0.11339 0.0262738 0.161534 0.0910908 0.0722939 0.126815 0.0674719 0.0413758 0.194418 0.105337 
0.065898 0.0426559 0.0985719 0.0910696 0.132925 0.113245 0.0985227 0.116808 0.0922251 0.148079 
0.0712201 0.0951901 0.152914 0.191501 0.0682298 0.0882386 0.0751619 0.049313 0.106704 0.101528 
0.0547528 0.0111663 0.109277 0.179556 0.120185 0.0670141 0.0201178 0.267217 0.0671984 0.103515 
0.0691216 0.0731007 0.0693994 0.112457 0.153561 0.118286 0.0870038 0.0836731 0.104757 0.12864 
0.0655626 0.0751075 0.101064 0.115381 0.106221 0.104749 0.11466 0.127764 0.0990536 0.0904383 
0.0892908 0.0455208 0.055079 0.0467766 0.289714 0.0708503 0.0663394 0.125899 0.0863996 0.124131 
0.0585031 0.0306035 0.0796504 0.285923 0.0788001 0.137623 0.0363331 0.07931 0.114652 0.0986019 
0.370288 0.0172629 0.0874509 0.0589076 0.0170697 0.225817 0.0901618 0.0272853 0.0641184 0.0416379 
0.0713518 0.0197807 0.0791092 0.172132 0.0586239 0.042635 0.0251064 0.344809 0.0878794 0.0985722 
0.433207 0.0117218 0.0865098 0.0349142 0.0269318 0.132986 0.114203 0.0160709 0.096694 0.046762 
0.138236 0.0256058 0.229573 0.17715 0.0511502 0.13872 0.0834902 0.0294272 0.0836841 0.0429641 
0.0452798 0.0743235 0.0616037 0.161375 0.0775705 0.0946301 0.0338335 0.179443 0.103481 0.16846 
0.0365136 0.191731 0.0835687 0.134052 0.0558267 0.130554 0.0721786 0.0829201 0.123735 0.0889193 
0.0284741 0.0452515 0.0888047 0.114282 0.107324 0.0677442 0.0289363 0.267827 0.0929331 0.158422 
0.0694404 0.105702 0.0764212 0.178212 0.0686333 0.175017 0.0605033 0.0480143 0.115778 0.102278 
0.100286 0.153224 0.103611 0.0677375 0.0616309 0.0870428 0.0608474 0.114178 0.126529 0.124914 
0.0325208 0.0851399 0.0642545 0.147683 0.102131 0.126205 0.0577817 0.119029 0.123555 0.1417 
0.0660384 0.0193606 0.0347153 0.0725858 0.0766439 0.0656954 0.0126869 0.391219 0.106931 0.154123 
0.0664333 0.0502412 0.057767 0.108766 0.100823 0.114547 0.0483729 0.232841 0.0728757 0.147334 
0.153045 0.0336117 0.122978 0.0652402 0.105626 0.163352 0.155796 0.049572 0.0731147 0.0776649 
0.0897397 0.0306386 0.293454 0.175959 0.0476206 0.0860102 0.0809271 0.0188728 0.109971 0.0668072 
0.0730213 0.0523943 0.0685824 0.100582 0.10179 0.107785 0.0352605 0.231765 0.0805944 0.148225 
0.0513558 0.0707356 0.0873984 0.0662143 0.152519 0.144084 0.0710062 0.0682092 0.183077 0.1054 
0.03354 0.0186345 0.0238269 0.0584745 0.343941 0.0851324 0.0593537 0.066824 0.150319 0.159954 
0.0382775 0.0720162 0.065418 0.119799 0.0701428 0.0700513 0.0260744 0.306833 0.0982718 0.133116 
0.0799658 0.0256652 0.0605983 0.154707 0.104835 0.236449 0.0547803 0.0961549 0.0949523 0.0918919 
0.0863905 0.0327181 0.125221 0.0407118 0.121634 0.105818 0.277869 0.0393795 0.0848773 0.0853807 
0.036645 0.192883 0.11326 0.105766 0.0764511 0.107462 0.0847337 0.0924992 0.114605 0.075695 
0.0869166 0.0518896 0.059213 0.300635 0.057195 0.137512 0.0197864 0.0744565 0.101321 0.111075 
0.0549684 0.0635033 0.12962 0.0642843 0.0882645 0.15458 0.261759 0.0606226 0.0643565 0.058041 
0.0791721 0.0732083 0.11156 0.0901695 0.145306 0.106408 0.105281 0.103622 0.0900251 0.0952484 
0.0764834 0.0412953 0.0657097 0.268219 0.0477871 0.175449 0.0243913 0.0901154 0.0969852 0.113565 
0.0257309 0.193339 0.107284 0.112619 0.0743478 0.114358 0.0931428 0.0489349 0.135135 0.0951093 
0.060564 0.0390188 0.0576345 0.0239376 0.285613 0.0592245 0.10036 0.126422 0.0958322 0.151393 
0.040174 0.139718 0.0645589 0.129795 0.0844457 0.120399 0.0732906 0.109887 0.118017 0.119714 
0.0300515 0.0480276 0.0931289 0.147084 0.0876678 0.0975337 0.0501967 0.218278 0.121522 0.106509 
0.115535 0.0489736 0.110147 0.0681654 0.0580282 0.201458 0.247566 0.0319332 0.0877498 0.030444 
0.0489068 0.0327128 0.0864843 0.0548739 0.131712 0.0450525 0.0569591 0.172329 0.120472 0.250497 
0.0813791 0.0813552 0.0899122 0.0838882 0.0963817 0.0696542 0.20257 0.06844 0.115255 0.111164 
0.271529 0.0268804 0.105248 0.0584729 0.0502005 0.16948 0.0702552 0.0415867 0.123968 0.082379 
0.05391 0.0178551 0.0273435 0.104434 0.0857327 0.329712 0.0165164 0.0805743 0.16498 0.118942 
0.0658948 0.035699 0.0811922 0.0742111 0.289597 0.0871507 0.0902955 0.0866075 0.0589117 0.130441 
0.0825485 0.0365029 0.102825 0.0739603 0.11036 0.127725 0.0743255 0.0974917 0.131233 0.163028 
0.071955 0.0429771 0.112973 0.0783326 0.141912 0.10525 0.0669142 0.104291 0.107993 0.167401 
0.12354 0.0149737 0.200452 0.176282 0.0786217 0.0869625 0.085958 0.0436505 0.12535 0.0642096 
0.0718187 0.164066 0.110922 0.11124 0.0610212 0.114762 0.0917817 0.0698269 0.11517 0.0893918 
0.0435363 0.0532516 0.0326948 0.0950876 0.173951 0.127562 0.0602812 0.0957136 0.119607 0.198316 
0.104746 0.0394184 0.0774518 0.0605598 0.176541 0.0863415 0.102391 0.11625 0.0912671 0.145034 
0.0681971 0.0944814 0.103171 0.192271 0.0689558 0.106883 0.080572 0.0291488 0.152207 0.104114 
0.0353672 0.123511 0.11485 0.12983 0.073573 0.0794577 0.053867 0.166339 0.0990501 0.124155 
0.0816469 0.0573552 0.0882811 0.207418 0.0617666 0.162165 0.0757543 0.0588604 0.103875 0.102878 
0.0463229 0.0632503 0.0739246 0.0972002 0.13793 0.0766098 0.0659417 0.150344 0.104192 0.184285 
0.0448061 0.0607731 0.144218 0.0889051 0.108153 0.0694335 0.0499029 0.204246 0.0803946 0.149167 
0.066583 0.0655251 0.105034 0.0701866 0.155295 0.0848144 0.120809 0.0912304 0.0961883 0.144335 
0.0319084 0.0647328 0.0790854 0.106808 0.165463 0.0894979 0.0856268 0.115552 0.109343 0.151983 
0.050826 0.0281171 0.0683557 0.0491313 0.30466 0.0582362 0.0741635 0.0910212 0.143701 0.131788 
0.0736233 0.0489849 0.094355 0.0893942 0.132876 0.100673 0.0661447 0.120817 0.113279 0.159853 
0.0928178 0.031776 0.128576 0.0777427 0.095966 0.141584 0.0765711 0.115803 0.120277 0.118887 
0.0772526 0.0142984 0.058693 0.140161 0.0805482 0.287629 0.0512566 0.0433291 0.159015 0.0878177 
0.101195 0.0281842 0.122719 0.0495838 0.180086 0.0796008 0.0979717 0.0931107 0.123779 0.123769 
0.0571492 0.0426055 0.104074 0.140641 0.107291 0.105026 0.045916 0.206095 0.07208 0.119121 
0.0786205 0.0635273 0.0982995 0.0979582 0.0854809 0.113667 0.216615 0.0795862 0.0865235 0.0797213 
0.0440158 0.0323204 0.0212189 0.0887797 0.200528 0.0469443 0.0720709 0.199002 0.149033 0.146087 
0.0513122 0.0863454 0.111936 0.0808197 0.138475 0.0807099 0.0774938 0.0873261 0.122663 0.162919 
0.280402 0.0148807 0.143891 0.165391 0.0310591 0.130172 0.0362756 0.0582771 0.0788427 0.0608089 
0.0751637 0.0439393 0.0858179 0.0783504 0.112416 0.282798 0.0603933 0.0588399 0.117071 0.0852103 
0.0185879 0.0299654 0.0883722 0.164694 0.0682387 0.150359 0.049664 0.0723182 0.23452 0.123281 
0.0919253 0.0341491 0.0789171 0.123157 0.09094 0.232603 0.0709077 0.0605743 0.11251 0.104316 
0.0916442 0.019537 0.0857875 0.0479019 0.116464 0.158037 0.265095 0.0600068 0.0868337 0.068693 
0.0774409 0.0166309 0.109115 0.0433431 0.104657 0.165315 0.319252 0.0346165 0.07813 0.0514999 
0.0935327 0.0255294 0.0977953 0.117052 0.043115 0.329343 0.0960743 0.0209876 0.113118 0.0634531 
0.0715856 0.0150982 0.143841 0.0855349 0.117031 0.0494248 0.0312707 0.260825 0.109292 0.116096 
0.0381652 0.0684678 0.0876353 0.15146 0.0907469 0.14508 0.0530083 0.0530546 0.20296 0.109422 
0.0281275 0.217639 0.094342 0.12371 0.055528 0.0949346 0.0914851 0.0807863 0.126007 0.0874403 
0.246669 0.0254936 0.0932334 0.0746227 0.0565873 0.156273 0.074135 0.0681902 0.121527 0.0832692 
0.0448789 0.179473 0.127931 0.127367 0.0552094 0.0840235 0.0877686 0.0860314 0.108809 0.0985085 
0.122493 0.0401491 0.105369 0.0506196 0.0890421 0.104836 0.272759 0.052154 0.0853513 0.0772279 
0.0682088 0.0302625 0.0934592 0.0417618 0.219806 0.0719253 0.0894952 0.112116 0.162913 0.110052 
0.112348 0.075768 0.110131 0.100081 0.0772218 0.156603 0.185554 0.0502525 0.075788 0.0562528 
0.051833 0.0558283 0.0710172 0.154833 0.0482472 0.0547893 0.0346116 0.360633 0.0756082 0.0925996 
0.0608222 0.0275893 0.210826 0.157779 0.104113 0.0861184 0.0222428 0.109666 0.118202 0.102641 
0.0360233 0.177754 0.109103 0.120292 0.072107 0.0963622 0.0823449 0.118279 0.100336 0.087398 
0.0914174 0.0423649 0.13659 0.0773558 0.110426 0.0757833 0.0476673 0.178591 0.0687094 0.171095 
0.0443873 0.162678 0.0717869 0.139119 0.0690328 0.13569 0.0942718 0.0714068 0.113456 0.0981717 
0.0491216 0.0531593 0.103003 0.0874303 0.133345 0.13995 0.0696091 0.0855474 0.170708 0.108126 
0.0560572 0.0205436 0.304376 0.225863 0.070947 0.132386 0.0618888 0.0229001 0.0799575 0.0250796 
0.262267 0.021104 0.106004 0.0798443 0.0625388 0.157294 0.0942885 0.0508785 0.0984647 0.0673161 
0.0416603 0.0770881 0.0916099 0.095876 0.12395 0.10877 0.0830293 0.0623838 0.091415 0.224217 
0.0703896 0.038887 0.0819104 0.080075 0.148886 0.0981429 0.076649 0.0965449 0.119518 0.188997 
0.106555 0.0133167 0.132661 0.0817007 0.0696582 0.113968 0.026829 0.0618495 0.172278 0.221183 
0.0943736 0.0336511 0.100295 0.0534255 0.124153 0.279815 0.0612277 0.0481809 0.12949 0.0753871 
0.0987029 0.0699311 0.103777 0.143281 0.0462781 0.186757 0.0581846 0.049851 0.125053 0.118184 
0.0336467 0.164925 0.0902005 0.117341 0.0763919 0.0900432 0.0949377 0.120308 0.0897445 0.122461 
0.0686925 0.0451739 0.0518174 0.0538507 0.196326 0.250932 0.117193 0.0370787 0.108359 0.0705772 
0.0892134 0.0174916 0.0815886 0.0516679 0.155041 0.125314 0.201541 0.101576 0.0854074 0.0911605 
0.2985 0.0248973 0.101069 0.0646749 0.0494778 0.125795 0.0818419 0.0715273 0.097777 0.0844394 
0.126157 0.0510935 0.190732 0.173654 0.0376156 0.105302 0.0459391 0.150592 0.0646424 0.0542725 
0.0557182 0.075851 0.0848469 0.0878394 0.152748 0.116549 0.111919 0.101029 0.0864656 0.127034 
0.0273646 0.0533281 0.0884572 0.079208 0.274964 0.0793488 0.0757211 0.101729 0.104248 0.115632 
0.122862 0.0171199 0.124745 0.0559257 0.0947595 0.176515 0.25043 0.0318323 0.0614497 0.0643611 
0.0636485 0.022199 0.0771381 0.110246 0.0549777 0.406798 0.029649 0.0308358 0.144825 0.059682 
0.0409555 0.0119617 0.056802 0.0672443 0.262826 0.066419 0.0447831 0.197327 0.0957063 0.155976 
0.0537311 0.0308415 0.0963648 0.0805179 0.116547 0.0810948 0.216275 0.138751 0.0898482 0.0960288 
0.0908495 0.0296702 0.0868271 0.113052 0.088872 0.237251 0.0783121 0.0392433 0.145985 0.0899373 
0.115763 0.0378998 0.101794 0.0625151 0.198336 0.0870263 0.0811846 0.0784963 0.0998628 0.137123 
0.0665938 0.0629829 0.0711828 0.130653 0.114366 0.224491 0.0624155 0.0763966 0.0976768 0.0932424 
0.0480169 0.202298 0.0884376 0.122049 0.0468526 0.125496 0.102521 0.0709636 0.107018 0.0863475 
0.06724 0.0362335 0.0467038 0.0946941 0.213244 0.114456 0.0598635 0.123246 0.0939268 0.150392 
0.0526103 0.0546369 0.0860048 0.0831863 0.163817 0.108373 0.08616 0.105524 0.126731 0.132957 
0.0546431 0.0422296 0.105613 0.171902 0.0611203 0.0449133 0.0195354 0.291686 0.0756866 0.132671 
0.104544 0.0722924 0.235894 0.183466 0.0185755 0.124466 0.0547108 0.00812848 0.168201 0.0297211 
0.151522 0.0392769 0.0959048 0.15915 0.084773 0.120709 0.0519949 0.0689691 0.09459 0.133111 
0.118913 0.100304 0.223933 0.096819 0.0666033 0.0745832 0.0945897 0.0394375 0.105935 0.0788825 
0.0550788 0.112629 0.0979186 0.139793 0.0837691 0.0934199 0.073332 0.131394 0.0964089 0.116257 
0.0513684 0.171071 0.104731 0.115012 0.0600877 0.108616 0.0793517 0.101348 0.107575 0.10084 
0.061602 0.0474003 0.117023 0.118332 0.112813 0.136253 0.0823629 0.0818517 0.13813 0.104232 
0.0334508 0.212017 0.0937846 0.125141 0.0608833 0.0952615 0.080684 0.105581 0.098585 0.094612 
0.0508701 0.0807098 0.144341 0.135938 0.0605812 0.14884 0.0745418 0.0464184 0.172835 0.0849259 
0.0302454 0.188137 0.0993769 0.133149 0.0707824 0.0877182 0.062828 0.123787 0.0975801 0.106397 
0.0486051 0.0808098 0.095567 0.113009 0.0755997 0.135858 0.116441 0.0533331 0.192418 0.0883597 
0.0667255 0.0692999 0.0983347 0.126391 0.083397 0.21789 0.0750222 0.0475731 0.131678 0.0836888 
0.379653 0.0147827 0.0657646 0.061546 0.0285709 0.221161 0.0846645 0.0281361 0.0779907 0.0377301 
0.0728442 0.0876709 0.0697893 0.150822 0.0947418 0.140494 0.0987921 0.0571972 0.134789 0.0928599 
0.066729 0.0291337 0.0741704 0.0544451 0.205422 0.0604122 0.0962147 0.098366 0.113936 0.201171 
0.060271 0.0573195 0.348012 0.177854 0.0176604 0.0879905 0.0641709 0.0129709 0.128102 0.0456488 
0.0973559 0.0303719 0.135255 0.141355 0.0538132 0.239361 0.0433296 0.0305393 0.11718 0.111439 
0.474376 0.00816538 0.0612854 0.0587475 0.0154512 0.174711 0.0380484 0.0248444 0.101143 0.043228 
0.0549455 0.147466 0.0788504 0.135548 0.0855529 0.116511 0.0699475 0.091118 0.119426 0.100634 
0.0344336 0.182973 0.0840236 0.123868 0.0840579 0.0735473 0.0534552 0.124494 0.124779 0.114368 
0.042422 0.139868 0.0734947 0.13797 0.0911589 0.130579 0.0853591 0.083896 0.116966 0.0982864 
0.290769 0.0134324 0.0737399 0.0977539 0.0711708 0.198518 0.0745014 0.0548407 0.070412 0.0548618 
0.0244953 0.0322214 0.0720651 0.141183 0.117449 0.135076 0.0562578 0.195463 0.106346 0.119444 
0.272878 0.0111272 0.0994306 0.0978281 0.0547429 0.172398 0.0301994 0.0654985 0.0869018 0.108996 
0.0443874 0.0679273 0.0956399 0.157248 0.0690572 0.161114 0.0808941 0.0687594 0.147426 0.107547 
0.0279383 0.192577 0.103575 0.124135 0.0528501 0.118469 0.108293 0.0677061 0.124823 0.079632 
0.0626573 0.0290516 0.098241 0.0596406 0.0821771 0.142883 0.330823 0.0346317 0.10445 0.0554442 
0.0402014 0.036381 0.0804376 0.126428 0.18354 0.114923 0.0662501 0.119594 0.110067 0.122178 
0.0632394 0.0637334 0.197052 0.202092 0.0507825 0.0789231 0.0662515 0.0655416 0.128176 0.0842082 
0.0732419 0.0111515 0.144094 0.385521 0.0184144 0.192016 0.0301824 0.0240752 0.0789311 0.0423731 
0.158107 0.0331558 0.0999038 0.0415225 0.0638566 0.0751722 0.320033 0.0353574 0.0896387 0.0832536 
0.047995 0.141056 0.116803 0.113353 0.0929818 0.0893707 0.0822502 0.110422 0.116753 0.089016 
0.0349422 0.160472 0.0875349 0.131981 0.0712204 0.11422 0.089893 0.105498 0.0992937 0.104945 
0.046 0.150935 0.10425 0.108119 0.0892983 0.102793 0.082625 0.124125 0.0959835 0.0958717 
0.0564533 0.0666685 0.0850628 0.206952 0.0815324 0.149838 0.0493387 0.0593358 0.11879 0.126029 
0.0278118 0.0348639 0.0343819 0.0858348 0.113353 0.169843 0.0482813 0.113917 0.120002 0.251712 
0.0834712 0.0299064 0.075013 0.101654 0.1042 0.250414 0.0600953 0.0826469 0.115707 0.0968926 
0.0891019 0.0650783 0.325397 0.0906639 0.0596564 0.0611019 0.0992756 0.0304554 0.0947604 0.084509 
0.02592 0.0532947 0.0292716 0.0643626 0.134893 0.149861 0.0431674 0.122327 0.0969933 0.279909 
0.066318 0.0209619 0.0661016 0.0806284 0.173273 0.151754 0.0861249 0.121589 0.120656 0.112593 
0.0897669 0.0427624 0.0642085 0.132514 0.0776342 0.169916 0.0500304 0.174057 0.0949028 0.104208 
0.0226373 0.0388442 0.0581364 0.0904605 0.102626 0.133222 0.0559394 0.148461 0.123297 0.226376 
0.0466066 0.0874432 0.116594 0.169833 0.0917998 0.098546 0.0537153 0.0912797 0.107369 0.136813 
0.0235178 0.0500465 0.072052 0.138966 0.151861 0.101244 0.0525951 0.115944 0.122721 0.171052 
0.292021 0.0184338 0.0765239 0.0887733 0.0692364 0.133196 0.0588574 0.0706301 0.0888338 0.103495 
0.0624035 0.0484507 0.113757 0.241238 0.0794611 0.0982049 0.0477596 0.0839814 0.0973915 0.127353 
0.0838281 0.0789995 0.0859041 0.089831 0.0983675 0.216433 0.135956 0.0343722 0.120679 0.0556304 
0.0950444 0.0543776 0.0812729 0.11255 0.0999771 0.178466 0.0438319 0.136902 0.103107 0.0944705 
0.122228 0.041528 0.0505448 0.159063 0.0659932 0.251473 0.0387252 0.0879811 0.0981023 0.084361 
0.0579874 0.0309711 0.0493862 0.0805955 0.0928919 0.118516 0.027995 0.251286 0.103343 0.187028 
0.110116 0.02592 0.28076 0.172056 0.0702127 0.0716039 0.0729019 0.0474023 0.0863321 0.0626948 
0.0982255 0.00894422 0.459306 0.0890271 0.0256131 0.0931634 0.0469517 0.0301667 0.078921 0.0696813 
0.0922928 0.0295694 0.0732151 0.1008 0.0816992 0.0838567 0.0230625 0.274522 0.0708256 0.170156 
0.0675035 0.116068 0.111971 0.0998051 0.0935655 0.114642 0.0969322 0.117308 0.0927257 0.0894787 
0.111093 0.0673238 0.17759 0.132253 0.0742725 0.138127 0.0562814 0.0397901 0.142863 0.0604059 
0.0352507 0.0578291 0.0834991 0.148358 0.117125 0.149072 0.0390609 0.0977003 0.18463 0.0874748 
0.0900827 0.0757341 0.105713 0.0946425 0.139954 0.104733 0.101568 0.0665165 0.104134 0.116922 
0.0514488 0.170416 0.11157 0.108241 0.0693184 0.0937652 0.0896274 0.0954714 0.100792 0.109349 
0.0703584 0.0938343 0.0812494 0.125639 0.0790752 0.0782055 0.043566 0.184538 0.102046 0.141488 
0.11172 0.073945 0.0909227 0.195908 0.0359997 0.143984 0.0667555 0.0997794 0.0800215 0.100964 
0.0773704 0.110777 0.0980652 0.211978 0.0590135 0.126036 0.0475989 0.0578889 0.114344 0.0969281 
0.0500748 0.0580417 0.127678 0.0734157 0.0814094 0.181442 0.138386 0.026323 0.178734 0.0844953 
0.0337864 0.0234907 0.0636137 0.154581 0.0734755 0.126027 0.0220993 0.178415 0.170118 0.154394 
0.0761753 0.0573458 0.0865352 0.141754 0.0751798 0.102485 0.0482561 0.184055 0.107939 0.120276 
0.112964 0.0285363 0.0887851 0.0698668 0.11451 0.120572 0.0439494 0.166795 0.0856854 0.168335 
0.0730171 0.0608533 0.264892 0.161998 0.0691125 0.0939654 0.106241 0.0460888 0.0767622 0.0470702 
0.0525113 0.0993951 0.202083 0.139123 0.0519255 0.0594393 0.161812 0.0398882 0.124931 0.0688919 
0.0512295 0.0337006 0.0495546 0.0483135 0.324737 0.0599645 0.0861892 0.0975307 0.105772 0.143009 
0.0288606 0.204445 0.0799719 0.127098 0.0572128 0.100304 0.0823069 0.126009 0.0969054 0.0968866 
0.0758189 0.0541422 0.0864802 0.126406 0.0681985 0.23168 0.0719482 0.0461482 0.162641 0.0765365 
0.0793415 0.0374147 0.112922 0.135788 0.0968714 0.137131 0.0512021 0.089305 0.13906 0.120965 
0.103477 0.0244466 0.114641 0.0547235 0.075345 0.104461 0.0767418 0.0597683 0.200819 0.185577 
0.0312161 0.0285956 0.0893449 0.138111 0.123639 0.08963 0.0849175 0.222044 0.0922836 0.100219 
0.0744023 0.0796376 0.1923 0.12669 0.0943625 0.0732751 0.0753665 0.0887785 0.0764048 0.118782 
0.112773 0.0580516 0.0613997 0.15062 0.0751177 0.190103 0.163234 0.046786 0.0681486 0.073767 
0.407371 0.0110741 0.145064 0.0540511 0.0202019 0.123971 0.0930652 0.0162547 0.0888129 0.0401337 
0.0547845 0.0616082 0.135339 0.160847 0.083101 0.105501 0.113897 0.062595 0.0841195 0.138209 
0.0654227 0.0199002 0.0409833 0.0347693 0.354245 0.0560516 0.0734399 0.08496 0.137058 0.133171 
0.0590063 0.139848 0.150431 0.13761 0.0475182 0.112833 0.13791 0.0589049 0.109081 0.046858 
0.0257156 0.0506588 0.0558166 0.100724 0.228285 0.11536 0.0563976 0.0797218 0.107993 0.179327 
0.0592265 0.126506 0.0785426 0.129801 0.0612532 0.165458 0.0934821 0.0681205 0.12952 0.0880906 
0.030274 0.0481254 0.0508305 0.0724359 0.162244 0.104199 0.0599205 0.129715 0.111801 0.230455 
0.094726 0.0476483 0.0704968 0.124004 0.0909684 0.254761 0.0627609 0.0365475 0.108638 0.109449 
0.0702899 0.0394067 0.0800821 0.150592 0.0742846 0.0756313 0.0252438 0.219934 0.12289 0.141646 
0.046928 0.05229 0.0799887 0.152903 0.080027 0.083297 0.0405922 0.244931 0.0923902 0.126653 
0.0671231 0.135079 0.181891 0.146021 0.0489511 0.0927123 0.111803 0.0444166 0.115753 0.0562505 
0.053059 0.117701 0.114512 0.143324 0.0434524 0.148969 0.111075 0.0441742 0.145162 0.0785714 
0.10303 0.0168888 0.308479 0.130762 0.0541607 0.0998406 0.129484 0.0220445 0.089471 0.0458383 
0.326219 0.0337644 0.0849849 0.0543503 0.0504221 0.112279 0.147553 0.0346591 0.0909438 0.0648246 
0.0787935 0.0278418 0.139161 0.0675263 0.0695839 0.181136 0.0646245 0.0475437 0.21018 0.113609 
0.079261 0.115154 0.0986145 0.121963 0.0565711 0.195852 0.0333196 0.0925701 0.126877 0.0798168 
0.0435012 0.043452 0.0762755 0.181193 0.0555647 0.0743813 0.0270608 0.291906 0.0780474 0.128618 
0.0404238 0.0771683 0.0735768 0.12216 0.0654917 0.0794371 0.0243836 0.245028 0.106854 0.165477 
0.0386681 0.0909646 0.0829221 0.1071 0.115694 0.142225 0.0459259 0.0793172 0.119939 0.177244 
0.0326257 0.213977 0.0988165 0.127409 0.0498395 0.107842 0.0936346 0.0733637 0.11505 0.0874418 
0.14424 0.0533181 0.0744615 0.119739 0.0611615 0.162884 0.0967844 0.0429304 0.136962 0.107519 
0.0288077 0.225679 0.0744026 0.135107 0.065927 0.0891037 0.0832593 0.0879999 0.10653 0.103183 
0.102539 0.0174274 0.123445 0.108223 0.0923527 0.123638 0.0733366 0.0515968 0.155189 0.152253 
0.285992 0.0280903 0.0894549 0.10859 0.049218 0.10317 0.0740464 0.130911 0.0699935 0.0605346 
0.0573302 0.0303962 0.115659 0.171184 0.0551955 0.234781 0.0299155 0.0493773 0.13943 0.116731 
0.280214 0.0217968 0.108151 0.0969029 0.0545447 0.132003 0.0762415 0.0681311 0.0772888 0.0847269 
0.0285812 0.181013 0.0802135 0.137778 0.0596233 0.110854 0.0805728 0.121394 0.0963925 0.103577 
0.0518305 0.0372564 0.0780469 0.0722975 0.123138 0.0766131 0.0447405 0.149834 0.157176 0.209067 
0.0243971 0.0379803 0.0792597 0.0905146 0.108542 0.0546951 0.041037 0.175778 0.145181 0.242615 
0.0481965 0.0251902 0.0809649 0.0621234 0.207339 0.0895806 0.0707636 0.133609 0.142382 0.13985 
0.031821 0.212371 0.108506 0.117044 0.0565439 0.092396 0.0779901 0.0997672 0.11338 0.0901805 
0.0558309 0.0403781 0.0919165 0.0956667 0.101021 0.112109 0.0517607 0.104608 0.184995 0.161714 
0.097578 0.0287602 0.214721 0.117402 0.0566481 0.0836009 0.0967103 0.061763 0.140251 0.102565 
0.0280731 0.183129 0.0915968 0.126598 0.0716422 0.0905712 0.0818078 0.12968 0.0935926 0.103309 
0.0522544 0.125213 0.176622 0.167611 0.0344955 0.0832179 0.12169 0.0210147 0.17263 0.0452517 
0.0642233 0.0230931 0.085479 0.0814686 0.159691 0.0750423 0.058896 0.133696 0.118022 0.200389 
0.0602316 0.109235 0.109206 0.116587 0.0869506 0.0788975 0.0694532 0.160475 0.0980815 0.110881 
0.0882883 0.0488124 0.0619897 0.14827 0.106296 0.242104 0.0367925 0.105826 0.0857636 0.0758582 
0.0759381 0.051378 0.0898893 0.0620913 0.128953 0.0798072 0.0727074 0.157843 0.0929336 0.188459 
0.0465409 0.0596152 0.301849 0.176605 0.0555871 0.0885455 0.131699 0.0238247 0.0809311 0.0348024 
0.0603232 0.0507392 0.142862 0.0958374 0.0766127 0.1855 0.218275 0.0268665 0.0966493 0.0463346 
0.0564458 0.0192943 0.0515701 0.0771251 0.296988 0.061795 0.0658276 0.0870572 0.0921161 0.191781 
0.0470896 0.149834 0.104255 0.115779 0.0581433 0.134607 0.0772792 0.0941519 0.127631 0.0912303 
0.0839777 0.0745896 0.0902106 0.0873343 0.105153 0.227544 0.111191 0.0384195 0.112235 0.0693453 
0.0461211 0.0813453 0.0694535 0.0674748 0.136031 0.180815 0.0626609 0.0601654 0.140886 0.155047 
0.102012 0.081719 0.18924 0.208281 0.0167219 0.165532 0.0887504 0.0101091 0.11419 0.0234449 
0.048938 0.0430854 0.0853258 0.0616122 0.11638 0.0844719 0.0580544 0.170515 0.119501 0.212117 
0.0485536 0.0919251 0.320171 0.084905 0.089428 0.0625856 0.10603 0.0250244 0.0868036 0.084574 
0.250075 0.015245 0.156111 0.0932072 0.0437183 0.169837 0.0312715 0.0544757 0.0910363 0.0950233 
0.0544686 0.0540482 0.0638948 0.0983062 0.223778 0.10179 0.0612069 0.0732831 0.0948143 0.174411 
0.437281 0.00800074 0.0997418 0.102526 0.0267531 0.151396 0.0490655 0.0272258 0.0625858 0.0354247 
0.326967 0.0171022 0.0817108 0.0833902 0.0253527 0.221958 0.0726996 0.0468867 0.0729372 0.0509952 
0.0901917 0.0774725 0.218688 0.147482 0.0276002 0.125948 0.132887 0.0138943 0.12258 0.0432556 
0.0827517 0.0894079 0.104971 0.169804 0.0443255 0.151815 0.0348704 0.0416203 0.169083 0.111351 
0.0595388 0.0798588 0.0998556 0.090478 0.124275 0.110907 0.111066 0.11965 0.0783323 0.126038 
0.0444435 0.032241 0.134518 0.0999213 0.0911757 0.0762549 0.0450668 0.283517 0.085856 0.107006 
0.0277803 0.212543 0.0851872 0.125313 0.0529375 0.107741 0.104849 0.0853934 0.108065 0.0901904 
0.0623886 0.03614 0.13749 0.117317 0.0868685 0.0923731 0.069481 0.105522 0.125769 0.166651 
0.0291167 0.0549642 0.0483368 0.0819216 0.205383 0.103835 0.0628514 0.151673 0.114808 0.14711 
0.191985 0.00994247 0.201932 0.0556716 0.0224188 0.325889 0.044107 0.0113795 0.115115 0.0215591 
0.0460204 0.114721 0.245642 0.159479 0.0296346 0.0856321 0.132597 0.0229527 0.120474 0.0428474 
0.0487915 0.0898173 0.139433 0.108802 0.0926689 0.0733115 0.0525961 0.145614 0.112585 0.136382 
0.0368158 0.0376921 0.0496823 0.0726137 0.213335 0.122617 0.0765308 0.118475 0.167688 0.104549 
0.0624931 0.0887148 0.136923 0.228111 0.0570597 0.132479 0.0767615 0.0437292 0.108184 0.0655442 
0.0700467 0.0987865 0.0931586 0.194962 0.0879314 0.139059 0.0639602 0.0578208 0.103599 0.0906756 
0.477416 0.00380024 0.116748 0.0287834 0.0175212 0.0924341 0.106905 0.0203878 0.0914718 0.0445324 
0.337296 0.0115932 0.0821064 0.0574916 0.0684042 0.12403 0.110398 0.0472261 0.086837 0.0746171 
0.0918719 0.0334362 0.129935 0.146614 0.143239 0.185201 0.0815466 0.0268378 0.0969773 0.0643415 
0.0294786 0.227729 0.071464 0.139672 0.051827 0.111293 0.0866345 0.0876731 0.103163 0.0910641 
0.0894236 0.0250929 0.110737 0.0563287 0.136539 0.051312 0.0645797 0.115096 0.162346 0.188546 
0.0852687 0.0821274 0.065497 0.064001 0.0857954 0.168443 0.21456 0.0357871 0.141335 0.0571848 
0.0407887 0.0644691 0.0289226 0.0564951 0.156027 0.227124 0.0855643 0.101728 0.15339 0.0854905 
0.122911 0.0214895 0.181228 0.186073 0.0918377 0.0983224 0.0724509 0.0387348 0.124345 0.0626064 
0.0856134 0.0369186 0.0927981 0.0932691 0.092224 0.293928 0.101961 0.0183024 0.122904 0.062082 
0.0279391 0.13616 0.0745986 0.143546 0.0564763 0.118056 0.0526304 0.150852 0.119309 0.120432 
0.0454054 0.0769475 0.107954 0.144492 0.0658793 0.0961036 0.0409918 0.190933 0.122625 0.108668 
0.0454294 0.0822245 0.0454219 0.11668 0.0998305 0.117219 0.046468 0.157886 0.102712 0.186128 
0.0653306 0.0867966 0.0995539 0.255621 0.0799624 0.0977854 0.0492682 0.0550844 0.116389 0.0942084 
0.136465 0.0511018 0.155062 0.0927176 0.0680454 0.101876 0.0704481 0.118905 0.0812894 0.124089 
0.0824342 0.0394069 0.124133 0.0775043 0.15649 0.107233 0.0893015 0.0749565 0.116952 0.131589 
0.0517834 0.0971656 0.214084 0.141205 0.0184707 0.118616 0.152634 0.013908 0.13557 0.0565642 
0.347853 0.0124203 0.0684777 0.0396401 0.0743422 0.13639 0.116672 0.0354744 0.0909572 0.0777738 
0.0392642 0.0769555 0.100621 0.0687544 0.0823957 0.0862369 0.0382404 0.256261 0.0916125 0.159658 
0.0268456 0.215428 0.0911248 0.146212 0.0640126 0.0889183 0.0774882 0.0897831 0.105655 0.0945325 
0.0306694 0.208505 0.0891211 0.130998 0.0619091 0.100411 0.0847996 0.100186 0.101039 0.0923608 
0.0404728 0.15037 0.193036 0.171097 0.0588451 0.0798921 0.0972071 0.0428835 0.112412 0.0537848 
0.0291304 0.206337 0.0918148 0.1336 0.0708439 0.0876997 0.0747016 0.110949 0.0914653 0.103459 
0.0726452 0.0265953 0.0892119 0.114346 0.141547 0.243382 0.0451697 0.0466485 0.15835 0.0621052 
0.0830278 0.0465317 0.0748903 0.251274 0.0900157 0.144066 0.0255858 0.0764287 0.0985429 0.109637 
0.0598475 0.0877187 0.116112 0.176675 0.060003 0.165375 0.0615393 0.0639666 0.118122 0.0906412 
0.0592033 0.0592673 0.103841 0.0816146 0.197854 0.0658634 0.0459688 0.0961655 0.103438 0.186784 
0.0531052 0.0291644 0.0603248 0.171586 0.0629072 0.0702657 0.0249765 0.293583 0.0813156 0.152772 
0.0759528 0.0137848 0.10162 0.126321 0.0644889 0.254122 0.048308 0.021871 0.180783 0.112748 
0.0605007 0.0378601 0.178272 0.0541879 0.0847854 0.163527 0.25668 0.0227273 0.0995909 0.0418684 
0.0972319 0.0926464 0.0912047 0.2111 0.0351072 0.155 0.082623 0.0869835 0.0698391 0.0782636 
0.0806906 0.065241 0.103925 0.0846487 0.14338 0.0991849 0.118846 0.106586 0.107026 0.0904717 
0.035704 0.22143 0.091985 0.130357 0.0503149 0.108655 0.0681067 0.093876 0.107416 0.0921558 
0.118296 0.0634073 0.0705103 0.201043 0.0469808 0.211525 0.0413799 0.0504255 0.120355 0.0760771 
0.0478942 0.0602394 0.105037 0.119232 0.0860104 0.166402 0.0940081 0.0582868 0.157961 0.104929 
0.0296796 0.216802 0.0864561 0.155861 0.0603349 0.093848 0.0592686 0.0835578 0.107766 0.106426 
0.274562 0.0243467 0.100766 0.132779 0.037827 0.120542 0.0590047 0.0669804 0.0865343 0.0966576 
0.0622559 0.0625504 0.0558693 0.0960967 0.0935966 0.285786 0.0539805 0.0596152 0.141442 0.0888076 
0.0421871 0.171242 0.106653 0.100179 0.0602132 0.112046 0.0948637 0.106237 0.10873 0.0976476 
0.024618 0.0553001 0.102629 0.201845 0.0810872 0.0744873 0.033717 0.165361 0.133666 0.12729 
0.0319078 0.153766 0.0811753 0.173882 0.07133 0.117136 0.0627988 0.0819664 0.106762 0.119276 
0.0702878 0.0305572 0.0909357 0.112602 0.0603439 0.291161 0.0717694 0.0297112 0.150572 0.0920602 
0.248755 0.0219475 0.120883 0.134177 0.0305925 0.137565 0.0588795 0.0608621 0.129551 0.0567876 
0.0730013 0.0179337 0.141943 0.0392558 0.117565 0.0782578 0.190168 0.0544812 0.122515 0.164879 
0.043258 0.155249 0.123622 0.10664 0.10349 0.0738041 0.0896752 0.0907987 0.123118 0.0903457 
0.0811329 0.0837343 0.0825341 0.110167 0.0625251 0.128858 0.10564 0.0486368 0.193303 0.103468 
0.081263 0.0325583 0.0362798 0.123767 0.098441 0.323913 0.0291696 0.0569402 0.11152 0.106149 
0.0471885 0.143895 0.105973 0.123863 0.0752055 0.10365 0.0801817 0.130781 0.0914072 0.0978549 
0.0587504 0.0781243 0.0505621 0.105008 0.0905321 0.0840212 0.0632764 0.185893 0.128844 0.154987 
0.0558287 0.0516817 0.0661474 0.0839836 0.175764 0.100066 0.07217 0.118562 0.109734 0.166063 
0.0464682 0.0130483 0.108068 0.0663334 0.293117 0.0560777 0.103101 0.0972466 0.131365 0.0851755 
0.051921 0.0388908 0.121719 0.0545249 0.107942 0.120142 0.226856 0.0589516 0.11911 0.0999429 
0.0839005 0.0164387 0.0919939 0.151636 0.07526 0.0950054 0.0287485 0.192935 0.14979 0.114291 
0.0299039 0.113446 0.230452 0.175621 0.0189317 0.125232 0.162878 0.0213835 0.0995741 0.022577 
0.0817899 0.0302455 0.136357 0.0801235 0.0735325 0.247982 0.0563616 0.0484213 0.155635 0.0895519 
0.203822 0.0197651 0.0937971 0.0949463 0.0771131 0.190181 0.0795169 0.0462276 0.0994909 0.0951395 
0.0676216 0.0758984 0.119237 0.0906193 0.0977593 0.108899 0.130021 0.0934025 0.107527 0.109014 
0.0733586 0.0206645 0.103189 0.0872343 0.107909 0.213755 0.0589603 0.0379097 0.155911 0.141108 
0.0824617 0.0632905 0.140998 0.0736257 0.0846588 0.146685 0.210904 0.0366269 0.0995658 0.0611843 
0.0955545 0.0380297 0.0604374 0.20462 0.0720549 0.188282 0.0332938 0.0985642 0.0886452 0.120518 
0.0390074 0.0281733 0.0731902 0.189729 0.0758587 0.099732 0.0323157 0.259397 0.084682 0.117915 
0.0310149 0.0998146 0.314461 0.151064 0.0227157 0.135802 0.132402 0.0155235 0.0592933 0.0379099 
0.208272 0.0250374 0.194575 0.100879 0.0591675 0.105633 0.0665465 0.049096 0.100373 0.0904214 
0.0550154 0.0703525 0.137062 0.10755 0.0823908 0.131084 0.0447281 0.0503317 0.187996 0.13349 
0.0473221 0.0571675 0.116076 0.141421 0.122991 0.0834071 0.0611599 0.0638651 0.18514 0.121449 
0.0679685 0.0372469 0.0923807 0.0949368 0.0786211 0.294666 0.111743 0.0381677 0.108475 0.0757946 
0.03814 0.0435789 0.0654546 0.119553 0.180624 0.128918 0.0730966 0.113616 0.0880508 0.148969 
0.0365359 0.184815 0.0980033 0.122633 0.0609275 0.103894 0.0723005 0.120971 0.100744 0.0991755 
0.0296611 0.207866 0.104919 0.125698 0.0612473 0.100748 0.0789341 0.0947367 0.0974883 0.0987016 
0.0620264 0.0255002 0.0720881 0.0821396 0.204081 0.113507 0.0824017 0.0882053 0.132234 0.137816 
0.21249 0.0122152 0.148325 0.0510253 0.0282293 0.345533 0.06529 0.0117953 0.103739 0.0213584 
0.0726684 0.0693755 0.132059 0.176697 0.0658049 0.0515392 0.0846898 0.18999 0.0780151 0.0791615 
0.0572735 0.0488074 0.0627657 0.21299 0.067551 0.205465 0.0601784 0.0724868 0.124794 0.087688 
0.0719589 0.0496296 0.0649798 0.140906 0.0720885 0.100986 0.0427978 0.198892 0.113354 0.144407 
0.0763902 0.0297066 0.129923 0.0377809 0.0986922 0.126826 0.3276 0.0545996 0.0780139 0.0404679 
0.0439955 0.19158 0.108471 0.117759 0.0607693 0.101426 0.080059 0.0991054 0.100885 0.0959496 
0.149611 0.0507373 0.0745545 0.107282 0.0687122 0.154123 0.143445 0.0965773 0.075929 0.0790289 
0.0631027 0.0790219 0.163292 0.112575 0.0963494 0.0932549 0.0890579 0.0780794 0.124947 0.10032 
0.0518737 0.154981 0.119447 0.127044 0.083965 0.0899218 0.060957 0.096681 0.112334 0.102796 
0.0177526 0.0731536 0.045325 0.127997 0.113514 0.100565 0.0466142 0.187571 0.119962 0.167546 
0.134149 0.00734589 0.351102 0.111904 0.0432094 0.100931 0.0735157 0.0442752 0.0632468 0.0703211 
0.099539 0.0298789 0.114669 0.0971841 0.0929689 0.220052 0.0812339 0.0639475 0.126319 0.0742074 
0.0700976 0.0405909 0.143008 0.0631055 0.0983745 0.133819 0.250049 0.0680299 0.0687287 0.0641962 
0.0327608 0.17297 0.103339 0.118911 0.0663574 0.0999057 0.0654146 0.135547 0.100109 0.104685 
0.101537 0.0560292 0.0674216 0.0633153 0.1447 0.0977074 0.0728313 0.131186 0.101652 0.16362 
0.0769877 0.0490986 0.0481418 0.135293 0.064905 0.248211 0.0799506 0.0530068 0.141739 0.102666 
0.0628302 0.0728735 0.278578 0.126459 0.0490927 0.0934694 0.112482 0.0385926 0.090715 0.0749075 
0.0660151 0.0682147 0.108986 0.144906 0.0681493 0.213296 0.0682079 0.0500246 0.128818 0.0833827 
0.0555864 0.0260764 0.0631223 0.0591679 0.22472 0.116057 0.0938586 0.105126 0.114376 0.141909 
0.106653 0.0303149 0.0636619 0.0565982 0.281052 0.0627493 0.0994935 0.0890468 0.085324 0.125106 
0.229555 0.0197226 0.178037 0.106075 0.0626854 0.121454 0.0809428 0.0374616 0.105775 0.0582909 
0.0537061 0.0672331 0.117523 0.140127 0.0694078 0.139647 0.04968 0.0622025 0.162826 0.137648 
0.0998719 0.0289493 0.132906 0.270291 0.0613717 0.225454 0.0349179 0.0437496 0.0671508 0.0353379 
0.0976982 0.0560808 0.0758608 0.0682015 0.129116 0.155887 0.0770378 0.1052 0.11803 0.116888 
0.0765341 0.0848756 0.134235 0.132532 0.0803802 0.0964745 0.0755297 0.115168 0.110745 0.093525 
0.0504686 0.0117338 0.0886334 0.0476342 0.298521 0.0766385 0.0378167 0.0783801 0.106035 0.204138 
0.182994 0.0170135 0.0549358 0.067366 0.066897 0.207514 0.0921798 0.0469382 0.103816 0.160345 
0.307115 0.0130451 0.103425 0.0783074 0.0409725 0.135655 0.0204255 0.0649843 0.0840935 0.151977 
0.089977 0.0610122 0.124809 0.234709 0.0312183 0.145179 0.0688288 0.0422641 0.130077 0.0719269 
0.0246685 0.168218 0.0726337 0.14439 0.0630716 0.134786 0.0817168 0.0838851 0.123209 0.103421 
0.0484893 0.0286078 0.0499783 0.126396 0.0564076 0.076589 0.0266128 0.321502 0.098062 0.167355 
0.0416549 0.109857 0.0976935 0.121566 0.072015 0.0995095 0.0489969 0.182381 0.099164 0.127163 
0.0382657 0.0150477 0.037628 0.264518 0.0444814 0.263474 0.00961872 0.127122 0.106114 0.0937307 
0.0533333 0.00896108 0.0381016 0.115813 0.0395605 0.0993567 0.00903703 0.392022 0.110904 0.132911 
0.0469738 0.116731 0.0930236 0.0753812 0.142604 0.0818391 0.0785821 0.0878212 0.112204 0.16484 
0.0539632 0.0321857 0.0473963 0.108014 0.0863655 0.122076 0.0394235 0.276144 0.103028 0.131404 
0.0291656 0.208423 0.0897556 0.120217 0.0705732 0.0925413 0.101644 0.105386 0.099065 0.0832302 
