0.0809183 0.0336607 0.0737078 0.148979 0.0605751 0.0954243 0.0155682 0.305277 0.0805678 0.105322 
0.121555 0.0770075 0.207029 0.104202 0.0148405 0.189254 0.14614 0.00513821 0.10021 0.0346227 
0.0392481 0.183876 0.137716 0.118017 0.0785146 0.0886935 0.0758928 0.0957064 0.100987 0.0813488 
0.296777 0.025205 0.112903 0.0582713 0.0363103 0.0901369 0.0745566 0.118615 0.105799 0.0814249 
0.0707172 0.0409459 0.0895469 0.0562551 0.239342 0.0710524 0.079724 0.122245 0.100954 0.129218 
0.0369038 0.203376 0.129596 0.113587 0.0685011 0.0889682 0.060647 0.107937 0.107153 0.0833306 
0.0534349 0.0665416 0.0387986 0.0821044 0.208799 0.139851 0.0527915 0.0946478 0.130884 0.132147 
0.0344963 0.100605 0.0689088 0.106434 0.113317 0.105448 0.0640831 0.0765893 0.113942 0.216176 
0.109053 0.0427557 0.073926 0.0267742 0.215456 0.116002 0.217723 0.0280167 0.106536 0.0637569 
0.043109 0.0377279 0.0312437 0.0655721 0.193892 0.0773493 0.0305527 0.196433 0.121732 0.202388 
0.265862 0.0327834 0.112934 0.086336 0.0601812 0.130221 0.0923743 0.0362711 0.109194 0.0738419 
0.0769785 0.0745073 0.122116 0.103223 0.131109 0.059591 0.168764 0.0553319 0.135085 0.0732952 
0.0661483 0.049198 0.0599655 0.0940541 0.126032 0.0885611 0.0417091 0.167869 0.122121 0.184343 
0.267844 0.0293564 0.107471 0.0659973 0.0626351 0.0924184 0.048427 0.0875417 0.12756 0.11075 
0.0242956 0.238569 0.100625 0.130812 0.054927 0.103113 0.0737331 0.0629766 0.120651 0.0902978 
0.0632034 0.096458 0.0829112 0.117326 0.0737981 0.268815 0.0684814 0.0424277 0.125738 0.060842 
0.0758049 0.0312127 0.0767886 0.0664956 0.149323 0.0729565 0.0560998 0.174605 0.120605 0.176109 
0.0885392 0.0265827 0.0851591 0.172542 0.054405 0.0717594 0.0166443 0.349235 0.0671804 0.0679531 
0.0608681 0.0719238 0.102035 0.146627 0.0847975 0.221756 0.070341 0.0433985 0.135392 0.0628597 
0.0611814 0.068235 0.0761166 0.0788815 0.204051 0.0996347 0.0761154 0.108693 0.0979146 0.129177 
0.0607412 0.0577836 0.0308905 0.11105 0.132825 0.114524 0.0185585 0.192642 0.0982162 0.182769 
0.0689024 0.0620749 0.112344 0.0751333 0.0740349 0.178066 0.173534 0.0309423 0.13935 0.0856178 
0.0398597 0.0663325 0.129996 0.0919398 0.163823 0.0433837 0.159324 0.120593 0.101767 0.0829815 
0.109655 0.049731 0.0816678 0.0781126 0.128993 0.212557 0.114288 0.0317864 0.125584 0.0676255 
0.0742334 0.0619082 0.0933656 0.0740351 0.200873 0.0880711 0.0774964 0.132617 0.0745467 0.122853 
0.473724 0.00548478 0.0632807 0.0194864 0.0605866 0.081162 0.120763 0.0347621 0.0836507 0.0570996 
0.0894448 0.0366017 0.0654385 0.107484 0.0653826 0.124956 0.0293997 0.24166 0.09764 0.141993 
0.0621164 0.0469043 0.0682424 0.084453 0.208126 0.116351 0.070657 0.0946853 0.116902 0.131562 
0.366753 0.0262265 0.105646 0.0704463 0.0280694 0.10672 0.034957 0.0781643 0.104498 0.0785197 
0.0368189 0.166902 0.0938606 0.113689 0.0635098 0.142211 0.0893621 0.0665349 0.13037 0.0967415 
0.0541557 0.0555913 0.0540015 0.227143 0.0541319 0.152071 0.0348992 0.155712 0.0933011 0.118994 
0.0410131 0.168226 0.0719938 0.130784 0.069813 0.114302 0.0715802 0.101115 0.115257 0.115916 
0.0570071 0.0697153 0.0612462 0.200093 0.0748025 0.219265 0.0506967 0.0467844 0.107733 0.112657 
0.168477 0.0301764 0.095592 0.0286026 0.176476 0.103235 0.168812 0.0482623 0.095695 0.084672 
0.0403388 0.0475812 0.109936 0.171369 0.0620901 0.0784268 0.0210399 0.248036 0.101425 0.119757 
0.0847108 0.0952517 0.246551 0.11449 0.0412854 0.163528 0.0516017 0.0204528 0.137007 0.0451222 
0.074989 0.0353928 0.0905605 0.153497 0.045625 0.0729986 0.0277817 0.266154 0.109741 0.123261 
0.0265384 0.21571 0.0805911 0.12271 0.0614726 0.103568 0.0753874 0.0844538 0.12322 0.106349 
0.0972943 0.0933275 0.161243 0.147774 0.0277899 0.15473 0.0999228 0.0401755 0.120464 0.0572804 
0.0323167 0.225682 0.0889246 0.116634 0.0513525 0.108815 0.0768179 0.0552896 0.140811 0.103357 
0.0462178 0.186668 0.107684 0.116755 0.0673806 0.103838 0.0756095 0.0856026 0.107207 0.103038 
0.0725581 0.0615326 0.0918337 0.11275 0.0917263 0.100415 0.0349113 0.203023 0.0996863 0.131563 
0.0284191 0.0754348 0.0577034 0.0968701 0.220105 0.0670753 0.0463505 0.153098 0.109633 0.14531 
0.07247 0.0892558 0.206657 0.120925 0.0669182 0.0972104 0.0907513 0.0492327 0.113271 0.0933091 
0.0518979 0.0913118 0.103144 0.153819 0.0653245 0.167867 0.0957654 0.0609584 0.112338 0.0975735 
0.121341 0.0640787 0.0738934 0.114893 0.0667199 0.208818 0.0716412 0.0431257 0.130842 0.104647 
0.0191668 0.235139 0.0815827 0.162892 0.0784358 0.111838 0.062195 0.0569374 0.103192 0.0886205 
0.0781131 0.102921 0.180271 0.113293 0.0596911 0.0925127 0.161313 0.0405789 0.082344 0.0889618 
0.0257901 0.0287612 0.0274146 0.0766518 0.301188 0.112195 0.0282092 0.0863581 0.137287 0.176145 
0.0574541 0.0389903 0.0711437 0.0571374 0.27353 0.0371956 0.103005 0.118795 0.10267 0.140079 
0.143709 0.0405994 0.105957 0.0741324 0.0623228 0.141847 0.201655 0.045622 0.120724 0.0634305 
0.0946038 0.079993 0.0886796 0.234409 0.0632693 0.153429 0.0556323 0.0832628 0.0902924 0.0564294 
0.133936 0.0713347 0.0552191 0.0774117 0.163555 0.167694 0.068797 0.0676688 0.101636 0.0927476 
0.0744558 0.0800881 0.0777714 0.107754 0.135511 0.161493 0.0985684 0.0538153 0.102791 0.107752 
0.060383 0.0497427 0.189006 0.0648084 0.0750179 0.0328957 0.252888 0.0421613 0.19164 0.0414582 
0.246604 0.0265147 0.0815779 0.0747944 0.040002 0.178783 0.0596641 0.0461303 0.145044 0.100885 
0.0565832 0.0268615 0.0616137 0.0802973 0.300079 0.0864675 0.0794678 0.0958948 0.103124 0.109611 
0.0397065 0.18052 0.131008 0.118459 0.0660306 0.0887076 0.0671904 0.107992 0.110045 0.0903414 
0.0681477 0.0354928 0.0444429 0.0683975 0.150632 0.0702013 0.0522563 0.211166 0.107845 0.191419 
0.131627 0.0982475 0.0587269 0.0692613 0.121889 0.155401 0.0541912 0.123475 0.108654 0.0785258 
0.0269999 0.0303228 0.0615283 0.1396 0.0465682 0.0847153 0.01555 0.456109 0.0656499 0.0729572 
0.118412 0.0388782 0.15719 0.071984 0.060256 0.0877006 0.0768266 0.0348683 0.212579 0.141306 
0.0559854 0.0625328 0.0915688 0.0719942 0.129287 0.134656 0.0766308 0.115156 0.109675 0.152514 
0.0569633 0.106842 0.188462 0.179813 0.0426004 0.0863378 0.0590301 0.0339697 0.131539 0.114443 
0.0535985 0.0175423 0.0941609 0.189778 0.0867338 0.0724098 0.0174243 0.299047 0.0703534 0.0989526 
0.070912 0.0921819 0.0777117 0.0983121 0.151148 0.126141 0.0654057 0.0779695 0.105462 0.134756 
0.0705101 0.0753806 0.104606 0.113128 0.163434 0.0720305 0.104764 0.104112 0.106014 0.0860205 
0.0855754 0.0505048 0.0720642 0.0465653 0.29598 0.0501239 0.0648978 0.113919 0.0938252 0.126545 
0.0564494 0.0594943 0.0707741 0.20521 0.0606029 0.19473 0.0356636 0.0739602 0.138894 0.104222 
0.372119 0.0240107 0.0870785 0.0684706 0.0188214 0.129107 0.11755 0.0537007 0.0874535 0.0416887 
0.0823441 0.0239742 0.085722 0.144703 0.0563908 0.0501597 0.015388 0.393466 0.0778061 0.0700465 
0.389653 0.0186635 0.102338 0.0571337 0.0348388 0.106843 0.0928592 0.028847 0.119743 0.0490807 
0.129696 0.0411192 0.271764 0.136401 0.0347459 0.116252 0.0866207 0.0281102 0.11495 0.0403403 
0.0287834 0.102536 0.0740218 0.136492 0.0524026 0.0863739 0.029343 0.183974 0.134286 0.171786 
0.0321462 0.19851 0.0938664 0.111891 0.0604927 0.120318 0.0754786 0.0704398 0.136023 0.100834 
0.0270348 0.0740633 0.0821238 0.0883846 0.112377 0.0863108 0.0384556 0.262492 0.108069 0.120689 
0.0603084 0.104321 0.0869751 0.158977 0.0630491 0.188057 0.0569605 0.0446107 0.120349 0.116392 
0.0793333 0.0917041 0.117415 0.0750199 0.0813102 0.114065 0.053194 0.116383 0.115066 0.156509 
0.0406527 0.113107 0.0689724 0.129528 0.097656 0.1146 0.0522853 0.113738 0.117129 0.152332 
0.0302434 0.026296 0.0316151 0.0726926 0.0636254 0.072436 0.00944043 0.442523 0.0977215 0.153406 
0.0649902 0.0508321 0.0605884 0.0904135 0.122215 0.148197 0.0321535 0.212242 0.0899848 0.128383 
0.0888382 0.0455149 0.137226 0.0731845 0.098925 0.176139 0.134565 0.0597641 0.107939 0.077904 
0.0681279 0.0606594 0.369675 0.11035 0.0313178 0.0747569 0.0781134 0.0166667 0.141208 0.049125 
0.0793925 0.0437004 0.0459953 0.101254 0.0852382 0.114082 0.0304266 0.280946 0.0835403 0.135426 
0.0641469 0.0959887 0.0637971 0.0683149 0.136179 0.153783 0.0556424 0.045782 0.225002 0.0913635 
0.0400003 0.022908 0.0305949 0.063488 0.365053 0.0814418 0.0618006 0.0674483 0.131603 0.135662 
0.0349629 0.0825299 0.0884519 0.098411 0.0684835 0.080021 0.0142338 0.339977 0.0874148 0.105515 
0.0700247 0.0486613 0.0430928 0.164188 0.0983935 0.205854 0.0846412 0.0989651 0.0842363 0.101943 
0.0642672 0.0485739 0.148863 0.0713152 0.155688 0.0676296 0.249603 0.0394063 0.0691295 0.0855242 
0.0329871 0.239386 0.134459 0.10852 0.0665663 0.0930846 0.0669084 0.0705606 0.114712 0.0728154 
0.0946506 0.0662261 0.0827418 0.228567 0.0410704 0.171571 0.0252064 0.0776698 0.104726 0.107571 
0.0479364 0.101282 0.132149 0.0761774 0.0892756 0.104462 0.212052 0.0428712 0.12228 0.0715129 
0.079108 0.0809269 0.0905631 0.0895455 0.130734 0.110407 0.0822574 0.094309 0.117254 0.124895 
0.056165 0.0904359 0.0572054 0.193997 0.0417414 0.19369 0.0201207 0.121646 0.0984938 0.126505 
0.0153333 0.270673 0.0809429 0.104509 0.0763756 0.112316 0.0624841 0.0459233 0.14621 0.0852328 
0.0318218 0.0646314 0.0475395 0.0259706 0.35217 0.0442475 0.0864143 0.114283 0.0985167 0.134406 
0.0351897 0.171614 0.0769143 0.11965 0.075542 0.128787 0.0669993 0.096966 0.115899 0.112439 
0.0317344 0.0755951 0.115496 0.091951 0.0796243 0.103799 0.0589293 0.223374 0.116855 0.102642 
0.120451 0.0636963 0.136136 0.0510302 0.0629518 0.156917 0.228851 0.0206949 0.121128 0.0381434 
0.0408094 0.0353345 0.0662104 0.0716807 0.145983 0.0568447 0.044502 0.174431 0.129585 0.234619 
0.0663903 0.135035 0.153225 0.111268 0.0914402 0.0614981 0.163041 0.0516849 0.0868926 0.0795252 
0.253116 0.0435839 0.0938619 0.0778471 0.0509661 0.113732 0.0795823 0.0560178 0.128339 0.102954 
0.0589398 0.0274743 0.0230285 0.0942941 0.0914458 0.318234 0.0250787 0.0892693 0.144847 0.127388 
0.0703262 0.0332775 0.0673463 0.0693361 0.344963 0.064395 0.0621068 0.0854359 0.0828073 0.120006 
0.0640524 0.0468586 0.0764295 0.0969171 0.133443 0.143282 0.0605105 0.110503 0.0980404 0.169964 
0.0851309 0.0446731 0.0659268 0.0828759 0.141207 0.100784 0.0620727 0.138762 0.109778 0.16879 
0.114502 0.0369396 0.229653 0.148996 0.059119 0.0891024 0.0881817 0.0348186 0.135054 0.0636336 
0.0955212 0.187902 0.114759 0.0973206 0.0439674 0.11078 0.0819032 0.0541158 0.123024 0.0907071 
0.0491722 0.0607716 0.0384549 0.0975645 0.151668 0.143281 0.045781 0.105889 0.111426 0.195992 
0.0617714 0.0600495 0.0915156 0.0565574 0.212984 0.0660092 0.087582 0.137495 0.101063 0.124972 
0.0667993 0.145063 0.104828 0.113877 0.0539065 0.12244 0.0487638 0.0278923 0.223857 0.0925733 
0.0324943 0.175775 0.120829 0.126017 0.0592205 0.0842347 0.0425344 0.154806 0.110274 0.0938157 
0.0906196 0.095838 0.0820076 0.15573 0.0700866 0.197667 0.0493222 0.0585522 0.0972551 0.102922 
0.0314625 0.0715191 0.0779034 0.0927206 0.122234 0.0884997 0.0441547 0.153796 0.129727 0.187984 
0.0265846 0.0848387 0.127718 0.0910156 0.107032 0.0766914 0.0523056 0.197725 0.100078 0.136011 
0.0416257 0.0847022 0.0902744 0.0712907 0.162066 0.0927083 0.10344 0.0876923 0.130874 0.135327 
0.0316256 0.0975869 0.0752516 0.097981 0.154599 0.108467 0.0580156 0.102174 0.125542 0.148757 
0.0465593 0.0430963 0.0575616 0.068531 0.308237 0.0637206 0.0801827 0.0777229 0.119997 0.134391 
0.0658465 0.0773 0.0895551 0.0789873 0.133743 0.0879947 0.0597155 0.136976 0.10973 0.160152 
0.049793 0.0408594 0.158674 0.0686528 0.0900296 0.120915 0.0759293 0.113844 0.141648 0.139655 
0.0704503 0.0373015 0.0545261 0.145193 0.0865668 0.218183 0.0558187 0.0486014 0.174021 0.109338 
0.0691688 0.0514584 0.109716 0.0512234 0.180726 0.0688419 0.10479 0.0893638 0.142182 0.132531 
0.0579695 0.0783003 0.0861973 0.123168 0.102928 0.108257 0.0427867 0.218295 0.0782957 0.103804 
0.0480993 0.127355 0.115089 0.0863514 0.0921307 0.0916893 0.18634 0.0460894 0.121255 0.0856014 
0.0269964 0.0401585 0.0269824 0.0940436 0.199376 0.0648739 0.0445556 0.230976 0.124665 0.147372 
0.0455414 0.114205 0.121579 0.0793188 0.156803 0.0631532 0.0589993 0.0825388 0.126284 0.151579 
0.206658 0.0277451 0.147185 0.220335 0.0333763 0.0964405 0.0342228 0.0749373 0.0727523 0.086348 
0.136267 0.0617621 0.0674774 0.0598735 0.10652 0.233711 0.0523222 0.0454545 0.166018 0.0705951 
0.0373513 0.0638971 0.0917145 0.125152 0.0698915 0.157599 0.0216395 0.0651968 0.231845 0.135714 
0.0787866 0.0735434 0.0908564 0.0999946 0.0979453 0.213384 0.0613174 0.0434037 0.141464 0.0993049 
0.0592855 0.0383385 0.107847 0.0453738 0.124189 0.117038 0.235704 0.0461748 0.137091 0.0889589 
0.0662491 0.042196 0.139271 0.0374617 0.080051 0.114308 0.285572 0.0291675 0.135247 0.0704768 
0.0743819 0.0445235 0.106303 0.122871 0.0413558 0.281361 0.0849803 0.0176606 0.156281 0.070282 
0.0451551 0.0315621 0.154579 0.0890099 0.0996858 0.0495203 0.0335842 0.283782 0.120277 0.0928449 
0.0538512 0.110127 0.0949152 0.105071 0.0576019 0.162992 0.0392815 0.0441345 0.222924 0.109102 
0.023672 0.236936 0.0987503 0.122026 0.0528475 0.0943288 0.0762877 0.0622643 0.131603 0.101285 
0.244698 0.0406592 0.119148 0.0662887 0.047023 0.153823 0.0710096 0.0495578 0.12666 0.0811336 
0.0393866 0.218235 0.128519 0.101414 0.0505138 0.0941061 0.0718445 0.0683817 0.138874 0.0887258 
0.0724598 0.054684 0.146558 0.0707282 0.128672 0.0568621 0.211681 0.0586742 0.113298 0.0863826 
0.0540383 0.0459054 0.0990591 0.0479137 0.225674 0.0625763 0.0709709 0.112966 0.144753 0.136144 
0.11222 0.0779045 0.101218 0.0676841 0.0781867 0.147804 0.175362 0.052613 0.10839 0.0786171 
0.0559524 0.0375765 0.0809534 0.125482 0.0464382 0.0798797 0.0138365 0.41097 0.0833388 0.0655718 
0.058783 0.0590769 0.124314 0.241793 0.0810676 0.102838 0.0273904 0.112899 0.0903329 0.101505 
0.0356379 0.222446 0.122272 0.112137 0.0581035 0.0931633 0.0829279 0.0742567 0.114303 0.0847516 
0.0518663 0.0414946 0.113993 0.0946671 0.0974393 0.070596 0.0405711 0.237054 0.10746 0.144859 
0.040371 0.182454 0.100239 0.118134 0.0682979 0.107668 0.0918248 0.0786598 0.121405 0.0909463 
0.0507558 0.0724735 0.117046 0.0911665 0.0738648 0.135624 0.0498415 0.0674666 0.209236 0.132526 
0.0540927 0.0307595 0.405533 0.154479 0.0507176 0.102161 0.0544718 0.0130849 0.0866117 0.0480884 
0.285479 0.0383487 0.0972462 0.0677314 0.0482985 0.135345 0.0781158 0.0475388 0.116888 0.0850093 
0.0584381 0.0794719 0.122663 0.0971928 0.117338 0.111877 0.0762625 0.062019 0.090351 0.184387 
0.0609117 0.04478 0.0847635 0.0894705 0.142484 0.0931707 0.0786567 0.100809 0.125219 0.179735 
0.0963619 0.0339768 0.0911229 0.125216 0.09763 0.116606 0.0262343 0.105278 0.152359 0.155215 
0.133942 0.0531421 0.0635419 0.0521461 0.115925 0.24553 0.0474214 0.0545828 0.153043 0.0807258 
0.0794686 0.0724774 0.10081 0.119421 0.044099 0.186961 0.0652628 0.060665 0.120481 0.150354 
0.0355994 0.183382 0.0802612 0.12241 0.0815841 0.0892472 0.078345 0.114262 0.0924462 0.122463 
0.0765403 0.0672281 0.0605368 0.0521494 0.170713 0.220561 0.110947 0.0231119 0.139867 0.0783453 
0.0930258 0.0308998 0.122959 0.0679763 0.12567 0.0817344 0.230778 0.100094 0.0618622 0.0849999 
0.235573 0.0383713 0.104474 0.0694912 0.0538898 0.12706 0.0752783 0.0728581 0.124715 0.0982892 
0.11829 0.0898806 0.154722 0.199967 0.0321252 0.126076 0.0662297 0.0914931 0.0759176 0.0452986 
0.0626134 0.111928 0.0680385 0.0808113 0.14941 0.092625 0.102132 0.102961 0.0999007 0.12958 
0.0239641 0.0873287 0.0760035 0.0761573 0.275702 0.0985373 0.0436376 0.0915908 0.122241 0.104838 
0.149097 0.0386871 0.111087 0.0555171 0.0868405 0.111686 0.266154 0.0387557 0.0826846 0.0594906 
0.109985 0.0487441 0.0652938 0.0999563 0.0476129 0.348114 0.0267802 0.0228993 0.170264 0.060351 
0.038015 0.0234942 0.0406239 0.0680568 0.299217 0.0633933 0.040851 0.184456 0.0895479 0.152345 
0.0372825 0.0508187 0.146941 0.0791911 0.138584 0.068851 0.171062 0.115027 0.0892716 0.102971 
0.0636494 0.0565535 0.0808755 0.122641 0.0668438 0.252398 0.09723 0.0281577 0.138255 0.0933963 
0.0732139 0.05777 0.0964201 0.0534049 0.205223 0.0761755 0.0648501 0.115106 0.112763 0.145073 
0.0920994 0.0656932 0.0748594 0.081279 0.103002 0.250428 0.0678118 0.0783091 0.0900205 0.0964971 
0.0304809 0.215871 0.0948253 0.132887 0.0556753 0.110982 0.08323 0.0651803 0.125606 0.0852626 
0.0599399 0.0554896 0.0611199 0.0859018 0.197364 0.112267 0.0539581 0.127406 0.103266 0.143288 
0.0526474 0.0795563 0.0756636 0.0829823 0.189878 0.129959 0.0558913 0.0938536 0.111806 0.127763 
0.0344881 0.0751606 0.119982 0.14803 0.0422248 0.0554774 0.017454 0.256717 0.0958998 0.154566 
0.138238 0.0991562 0.229505 0.135109 0.0153771 0.171506 0.0380288 0.00591702 0.13873 0.0284326 
0.135906 0.0799566 0.0651483 0.167502 0.0685779 0.166825 0.0505941 0.0696724 0.0845862 0.111231 
0.0721152 0.114034 0.253038 0.0802109 0.0632078 0.0752737 0.0716641 0.0568094 0.122703 0.0909442 
0.0555813 0.123767 0.0989385 0.11915 0.0773043 0.120678 0.0660487 0.144448 0.0843072 0.109777 
0.0444616 0.184751 0.107854 0.124637 0.0573774 0.111051 0.0773106 0.0745867 0.115041 0.10293 
0.0511941 0.0725992 0.109962 0.0960476 0.0924093 0.134886 0.0742473 0.0764229 0.149818 0.142414 
0.0274713 0.209059 0.105967 0.130259 0.0623828 0.0897049 0.0710764 0.085029 0.116841 0.10221 
0.0397939 0.120708 0.125267 0.0917816 0.0663817 0.183228 0.0566436 0.0350166 0.202228 0.0789514 
0.0297063 0.205601 0.0902588 0.135557 0.064053 0.0906639 0.0594809 0.104123 0.112138 0.108419 
0.0291724 0.128632 0.120753 0.108766 0.0537877 0.139477 0.0794228 0.0300435 0.225493 0.0844521 
0.106733 0.0934436 0.0856502 0.0862102 0.0743231 0.193393 0.06687 0.0468048 0.149846 0.0967254 
0.356863 0.0157367 0.105753 0.0974806 0.036477 0.132178 0.0967313 0.0246695 0.087634 0.0464772 
0.0630367 0.100803 0.0952233 0.103131 0.0697265 0.132199 0.0944187 0.0496995 0.197846 0.0939168 
0.0428751 0.0441551 0.0769166 0.0545453 0.200587 0.0522505 0.0847164 0.123271 0.126724 0.193959 
0.051026 0.114423 0.245218 0.194269 0.0133545 0.0995727 0.0595168 0.0169626 0.157894 0.0477633 
0.0750202 0.0655627 0.112734 0.152487 0.0422698 0.234928 0.0420456 0.0354218 0.124482 0.115048 
0.568177 0.0134381 0.0521491 0.0459869 0.0177721 0.100229 0.0325329 0.0375617 0.0964016 0.0357511 
0.0448721 0.167405 0.101085 0.134297 0.0708335 0.117301 0.0839433 0.0688082 0.119036 0.092419 
0.0294772 0.227642 0.112429 0.108811 0.060368 0.0804205 0.050032 0.102113 0.122754 0.105953 
0.0372039 0.182915 0.0885858 0.117221 0.084141 0.143522 0.0823483 0.0703536 0.107579 0.0861297 
0.307087 0.0395811 0.102336 0.0873632 0.067125 0.113332 0.0876139 0.0420632 0.0845011 0.0689975 
0.0323779 0.0636036 0.0730753 0.147012 0.133551 0.121467 0.0434942 0.114056 0.119986 0.151378 
0.234592 0.0271261 0.101733 0.0903363 0.0492349 0.129678 0.0291946 0.111897 0.109375 0.116833 
0.0366932 0.0942699 0.102495 0.131315 0.0768466 0.164848 0.0893985 0.0660522 0.142007 0.0960741 
0.030323 0.230937 0.101569 0.0966116 0.0520409 0.109532 0.0986361 0.0567604 0.142696 0.0808947 
0.0687535 0.0488992 0.118501 0.0504336 0.0763376 0.131821 0.247855 0.0215098 0.169692 0.0661985 
0.046524 0.0560613 0.0703547 0.105601 0.168345 0.121542 0.0439075 0.130151 0.11979 0.137724 
0.0379644 0.0925384 0.268157 0.149711 0.027328 0.0857702 0.0391174 0.0530094 0.159767 0.0866377 
0.0816787 0.0345694 0.175045 0.28171 0.0141226 0.195697 0.0293558 0.0201988 0.112295 0.055327 
0.118892 0.033156 0.132563 0.0616614 0.0840268 0.045376 0.324758 0.0417461 0.0831705 0.0746492 
0.0565475 0.179303 0.133079 0.106844 0.0716514 0.092682 0.0644682 0.0968366 0.113823 0.0847647 
0.0446845 0.189068 0.0882016 0.123927 0.0635713 0.110686 0.0828315 0.0905026 0.109134 0.0973946 
0.0430602 0.189515 0.127987 0.116791 0.0755494 0.0965266 0.0666597 0.102105 0.102163 0.0796437 
0.0717314 0.0878494 0.0788506 0.180039 0.0630297 0.164533 0.0728389 0.0648837 0.106616 0.109627 
0.0326748 0.0467681 0.039375 0.0629457 0.145119 0.174671 0.0366307 0.0962653 0.157933 0.207617 
0.078759 0.0579834 0.0684324 0.0994314 0.0876887 0.230475 0.0674583 0.0889771 0.117446 0.103349 
0.0701175 0.0612167 0.350618 0.0697215 0.045304 0.0762763 0.108883 0.0315216 0.108626 0.0777151 
0.0238383 0.0593377 0.0219992 0.0766236 0.166585 0.159003 0.0382028 0.10697 0.116473 0.230967 
0.0760364 0.0336727 0.0523021 0.0881598 0.179694 0.133043 0.0644109 0.152217 0.102195 0.11827 
0.0983041 0.0862352 0.0660091 0.0947995 0.0948012 0.14613 0.0421604 0.153685 0.117238 0.100638 
0.0221166 0.0764256 0.0433156 0.109803 0.139193 0.153752 0.0461519 0.12385 0.106414 0.178978 
0.0550841 0.117743 0.104489 0.159251 0.0914801 0.114803 0.0357084 0.0898272 0.0972016 0.134413 
0.0325202 0.0600641 0.0685988 0.132653 0.140843 0.107259 0.0246119 0.113295 0.139338 0.180816 
0.21108 0.0257222 0.124081 0.0696055 0.0629181 0.115079 0.0550692 0.0986288 0.141097 0.0967184 
0.0465678 0.07384 0.11087 0.22281 0.0601728 0.106201 0.0425713 0.114868 0.0993007 0.122798 
0.114944 0.103351 0.0707379 0.0503904 0.102253 0.199594 0.133056 0.0188214 0.154724 0.0521268 
0.0813764 0.0654057 0.0608339 0.127897 0.0861105 0.192511 0.0284758 0.159994 0.116323 0.0810714 
0.125426 0.0833056 0.0574797 0.13487 0.0644612 0.210448 0.0441413 0.0598311 0.116002 0.104034 
0.068064 0.0292624 0.0400961 0.0804457 0.0899937 0.138983 0.027161 0.278518 0.0942277 0.153248 
0.132945 0.0401704 0.191335 0.130864 0.0586174 0.103544 0.105093 0.0596181 0.109908 0.0679057 
0.0866872 0.0141366 0.458098 0.0604713 0.0286134 0.066842 0.051865 0.0467118 0.121282 0.0652931 
0.058255 0.0347488 0.0744195 0.116204 0.0588566 0.0757828 0.0148893 0.337012 0.0938356 0.135996 
0.0743965 0.142951 0.122283 0.104805 0.0876512 0.100072 0.0774964 0.0967664 0.107886 0.0856916 
0.0949033 0.0821263 0.208895 0.160489 0.0640269 0.131863 0.0461935 0.030324 0.114856 0.0663225 
0.0282682 0.103584 0.0648217 0.124218 0.10442 0.168565 0.0335354 0.10949 0.172645 0.0904524 
0.0863469 0.0754467 0.093211 0.0951635 0.15342 0.0980737 0.0915099 0.0904155 0.0962978 0.120115 
0.0492493 0.186421 0.156618 0.115139 0.0542926 0.0955753 0.0632173 0.088953 0.104951 0.085584 
0.0789177 0.0775621 0.089932 0.100977 0.0754285 0.105764 0.0347948 0.19836 0.096478 0.141786 
0.0746361 0.0971227 0.119882 0.161516 0.0295281 0.134291 0.0622622 0.118392 0.103605 0.0987655 
0.0820354 0.118981 0.113681 0.151423 0.0568291 0.145347 0.0529978 0.0557692 0.131221 0.0917149 
0.0425608 0.0672609 0.105496 0.0734434 0.0743913 0.197135 0.14213 0.0190368 0.187878 0.0906678 
0.0578227 0.0356951 0.0794062 0.143965 0.0695683 0.118344 0.0142626 0.175084 0.159725 0.146126 
0.067722 0.0730475 0.0807151 0.128921 0.0724331 0.108649 0.0395433 0.1973 0.09519 0.136479 
0.0763481 0.0298059 0.0901341 0.0716745 0.117078 0.114368 0.0546698 0.194148 0.100684 0.151089 
0.058552 0.0936002 0.234409 0.190014 0.0574348 0.0745979 0.102335 0.0461388 0.0786244 0.0642946 
0.0391925 0.181022 0.233969 0.106213 0.0467803 0.0690499 0.126291 0.0301355 0.103163 0.0641839 
0.0490121 0.0434366 0.0511241 0.0470707 0.31298 0.0604456 0.0854851 0.104548 0.096027 0.149871 
0.031024 0.217913 0.0805397 0.129049 0.0632604 0.103227 0.0800053 0.0902839 0.109787 0.0949116 
0.0694228 0.0771849 0.0835782 0.122755 0.0555058 0.220395 0.0720605 0.0341409 0.158105 0.106852 
0.0892283 0.0467934 0.0933178 0.124688 0.0773579 0.14143 0.0536061 0.0891816 0.149576 0.134821 
0.114539 0.0454496 0.100151 0.0400048 0.0567067 0.0789418 0.0710976 0.0577706 0.260052 0.175287 
0.0416549 0.0668152 0.0794691 0.100519 0.140892 0.0739921 0.0681272 0.231676 0.0791869 0.117667 
0.0619714 0.112697 0.145444 0.129666 0.0797106 0.091307 0.071488 0.105781 0.0946601 0.107275 
0.119653 0.0717407 0.0692937 0.132005 0.0893264 0.170576 0.115375 0.0550081 0.111785 0.0652364 
0.41125 0.0134826 0.12211 0.0715205 0.027174 0.0848354 0.0731617 0.0319096 0.132093 0.0324636 
0.044943 0.0932114 0.156894 0.131405 0.0769521 0.098473 0.125503 0.0456775 0.111324 0.115616 
0.0513564 0.0234845 0.0538106 0.0347488 0.3691 0.0500086 0.06989 0.114317 0.114441 0.118843 
0.0390276 0.158476 0.230782 0.116901 0.0366047 0.0903175 0.108429 0.0363257 0.134484 0.0486522 
0.0273512 0.0605357 0.0513567 0.0816387 0.260793 0.106635 0.0352677 0.0901296 0.116101 0.170192 
0.0617743 0.137742 0.0967976 0.10584 0.0702941 0.139151 0.0923803 0.0783273 0.122875 0.0948184 
0.0293342 0.0544743 0.037088 0.0768217 0.163001 0.100064 0.0536868 0.154982 0.111505 0.219042 
0.117888 0.0577165 0.0812908 0.124449 0.0739477 0.219847 0.0480768 0.0472468 0.120564 0.108974 
0.0743501 0.0414956 0.0938457 0.143244 0.058571 0.0856551 0.0251388 0.264668 0.0892538 0.123777 
0.0415626 0.0849761 0.0892843 0.133544 0.0843941 0.0962766 0.0338997 0.219833 0.0871347 0.129095 
0.0372083 0.194045 0.208314 0.133635 0.0313397 0.0926849 0.0653788 0.0416169 0.143913 0.0518641 
0.0439413 0.148052 0.137418 0.106131 0.0463146 0.129911 0.0945455 0.0429842 0.17058 0.0801216 
0.066641 0.04023 0.360994 0.107321 0.0469566 0.0565914 0.162783 0.0175836 0.097334 0.0435652 
0.356593 0.0396817 0.0646297 0.0747129 0.080842 0.0738419 0.126002 0.0405299 0.103088 0.0400785 
0.0977063 0.0533948 0.108499 0.0596332 0.0629313 0.137117 0.0473895 0.0427325 0.278733 0.111864 
0.0751405 0.12162 0.109321 0.147236 0.0368518 0.182087 0.0378393 0.0829128 0.13206 0.0749322 
0.0605077 0.0505491 0.0661352 0.149525 0.0479616 0.0872285 0.0132835 0.368433 0.0785461 0.0778302 
0.0430419 0.0789904 0.0746236 0.101075 0.0732238 0.0936493 0.0275515 0.275605 0.0929001 0.13934 
0.0365769 0.105809 0.0697911 0.112579 0.113978 0.158326 0.0299755 0.0810665 0.117129 0.174769 
0.019902 0.232941 0.0927048 0.127987 0.0559562 0.102831 0.0758737 0.0616779 0.13589 0.094237 
0.111233 0.0607235 0.0895706 0.0825423 0.0563368 0.176219 0.07874 0.0349764 0.200143 0.109516 
0.0157664 0.239064 0.079835 0.141095 0.0699154 0.0857282 0.0667586 0.0731091 0.113366 0.115363 
0.086486 0.0352237 0.106446 0.113049 0.0875353 0.121678 0.0782975 0.0531298 0.174753 0.143402 
0.247969 0.0257706 0.0903985 0.152599 0.0489668 0.0825947 0.0582353 0.115595 0.0856246 0.0922463 
0.0767666 0.0576571 0.090936 0.182935 0.0526472 0.217633 0.0283251 0.0598223 0.111714 0.121563 
0.190591 0.0266194 0.110003 0.0811413 0.06052 0.129082 0.080055 0.111776 0.112844 0.0973684 
0.0332265 0.203603 0.081811 0.130811 0.0618627 0.102189 0.0756887 0.0927035 0.116485 0.10162 
0.0640376 0.0455568 0.0709627 0.0870504 0.110931 0.0739745 0.0521559 0.150334 0.161205 0.183792 
0.0259468 0.0490218 0.0709522 0.105532 0.103864 0.0718301 0.0309806 0.174274 0.158418 0.209181 
0.038138 0.0348173 0.0735633 0.061308 0.224549 0.0796305 0.0534274 0.131225 0.1433 0.160041 
0.0280243 0.246504 0.107064 0.121112 0.0540628 0.0917141 0.0725783 0.066628 0.116874 0.0954379 
0.0361853 0.0670338 0.0824299 0.0817093 0.101953 0.0905832 0.0407807 0.102691 0.236408 0.160226 
0.082577 0.046684 0.195636 0.113665 0.0506379 0.119711 0.0881792 0.0580337 0.162782 0.0820932 
0.0390618 0.207052 0.0857932 0.126613 0.0651988 0.0900059 0.0740824 0.108193 0.0973257 0.106674 
0.0466072 0.200897 0.201744 0.136775 0.0242994 0.0868393 0.0851113 0.0129197 0.161789 0.0430177 
0.0484914 0.0443756 0.0768645 0.0681885 0.147318 0.0626798 0.0600443 0.133699 0.11886 0.239478 
0.0568714 0.119371 0.127002 0.104738 0.0697756 0.0952935 0.0501298 0.15634 0.1088 0.111678 
0.0838624 0.0695197 0.0506761 0.108401 0.116248 0.215242 0.0517373 0.105857 0.106614 0.0918428 
0.0596111 0.0399423 0.0971057 0.0647603 0.134257 0.0930948 0.0721854 0.131465 0.122746 0.184832 
0.0463363 0.0671196 0.294769 0.184475 0.0362239 0.068037 0.145596 0.0224753 0.0959445 0.0390241 
0.0546432 0.069363 0.130726 0.0697087 0.0784579 0.17348 0.189949 0.0257835 0.1473 0.0605887 
0.0632491 0.025897 0.0499204 0.13009 0.283042 0.046913 0.0382503 0.115477 0.0575038 0.189658 
0.0501409 0.20217 0.115733 0.10529 0.0469491 0.121408 0.0763591 0.0703411 0.12897 0.0826383 
0.0669931 0.0731436 0.0816705 0.10585 0.1125 0.183985 0.112852 0.046775 0.122653 0.0935773 
0.0361351 0.0746293 0.0587834 0.089642 0.167398 0.151141 0.0754646 0.0713954 0.123903 0.151508 
0.137633 0.130065 0.159984 0.133659 0.0148059 0.177392 0.0746095 0.00790109 0.130422 0.0335293 
0.040032 0.0424623 0.0882678 0.0555854 0.127871 0.10486 0.0388833 0.186764 0.120627 0.194648 
0.0442036 0.142785 0.218987 0.086072 0.105238 0.050452 0.0911586 0.03127 0.117777 0.112057 
0.250267 0.0414567 0.0978224 0.095565 0.0402213 0.143054 0.0369324 0.0825166 0.106074 0.10609 
0.0487259 0.0439475 0.0576762 0.0976413 0.248471 0.10252 0.049285 0.0759259 0.0909034 0.184904 
0.411244 0.0138845 0.106974 0.14054 0.0224695 0.113637 0.0404303 0.0298918 0.065007 0.0559221 
0.359806 0.0225565 0.0904125 0.0874347 0.0261091 0.123737 0.103324 0.0693204 0.0769806 0.0403191 
0.094934 0.0939337 0.241628 0.109701 0.0248244 0.134958 0.0922778 0.0108145 0.150774 0.0461535 
0.0889175 0.123966 0.0951264 0.125301 0.0450506 0.148557 0.0322914 0.0524562 0.156352 0.131982 
0.0610671 0.097 0.0940282 0.0921239 0.103349 0.0919729 0.144792 0.101639 0.112623 0.101404 
0.0312196 0.0638995 0.127103 0.0952442 0.112395 0.0748695 0.0501684 0.246277 0.0946169 0.104207 
0.0244741 0.228809 0.0878758 0.114391 0.0692116 0.103449 0.0814185 0.0702589 0.127004 0.0931096 
0.0631331 0.0443424 0.170799 0.100648 0.0915002 0.0955685 0.0681241 0.116082 0.121092 0.12871 
0.0286462 0.0829555 0.064586 0.0881347 0.172194 0.119937 0.054063 0.114217 0.126929 0.148337 
0.269388 0.0201157 0.140241 0.0556528 0.0188299 0.216537 0.0517462 0.0250212 0.177233 0.025236 
0.0421014 0.170313 0.238884 0.125941 0.0205952 0.0903304 0.082889 0.0215407 0.150817 0.056588 
0.0416882 0.0860817 0.118522 0.0926558 0.0895396 0.0807845 0.0503075 0.161573 0.119889 0.158959 
0.0429186 0.0550163 0.0704351 0.0609185 0.232304 0.0938677 0.0689881 0.0946549 0.160776 0.120121 
0.0862415 0.116181 0.113718 0.195315 0.0592274 0.135446 0.0853408 0.0360381 0.103235 0.0692576 
0.0721226 0.11252 0.0970643 0.155114 0.0719271 0.155125 0.0630963 0.0592302 0.104999 0.108802 
0.433039 0.00939046 0.113665 0.0595993 0.0276277 0.0724531 0.091346 0.0358528 0.109594 0.0474329 
0.316567 0.0152305 0.0999466 0.0410745 0.0567263 0.112507 0.0906878 0.0509713 0.125555 0.0907346 
0.0710002 0.0884235 0.100071 0.14989 0.107571 0.190392 0.0936838 0.0437217 0.0928427 0.0624038 
0.0223113 0.21022 0.0848591 0.133944 0.0689285 0.110853 0.0812886 0.0633662 0.132837 0.0913906 
0.0766959 0.024401 0.0817738 0.0538072 0.143847 0.0548106 0.0439084 0.180352 0.147247 0.193156 
0.0817856 0.103485 0.0521371 0.044719 0.0950938 0.145622 0.227594 0.0237015 0.154617 0.0712435 
0.0432215 0.120309 0.0285341 0.0622699 0.137179 0.247315 0.0706123 0.0788834 0.134934 0.0767424 
0.123791 0.0440575 0.182973 0.15754 0.0737288 0.0908233 0.0931178 0.0399726 0.132311 0.0616848 
0.0923676 0.0528836 0.06704 0.0945694 0.0943453 0.302785 0.102458 0.0131791 0.114278 0.066094 
0.0262242 0.161696 0.0777217 0.109911 0.0568502 0.119402 0.0388842 0.15918 0.137549 0.112581 
0.0492567 0.0951995 0.109105 0.125346 0.0512328 0.108995 0.035565 0.199156 0.110305 0.115839 
0.0302212 0.0678195 0.044065 0.120559 0.132141 0.138053 0.0312773 0.130144 0.120222 0.185498 
0.0846784 0.133082 0.0964563 0.20758 0.0725516 0.131441 0.0362073 0.0630848 0.100778 0.0741404 
0.134489 0.0878353 0.081318 0.106788 0.0821362 0.12761 0.0687071 0.0976607 0.104035 0.109422 
0.0651189 0.0551497 0.102044 0.0719215 0.156077 0.0797369 0.0918002 0.102595 0.122192 0.153365 
0.0627028 0.100023 0.193762 0.0986084 0.0165898 0.146892 0.17821 0.00834675 0.128115 0.0667498 
0.241478 0.0196316 0.0943002 0.0619738 0.0796328 0.14745 0.0771249 0.0557044 0.137022 0.0856825 
0.0314303 0.0851892 0.113839 0.065254 0.0803047 0.0848863 0.0410214 0.223894 0.137261 0.13692 
0.0221967 0.21757 0.0971546 0.135911 0.0652749 0.0909428 0.0698492 0.0760931 0.112955 0.112053 
0.0284203 0.221795 0.0838074 0.128233 0.0633746 0.0910186 0.0780477 0.0842603 0.106404 0.11464 
0.0417437 0.164309 0.199995 0.161399 0.0482681 0.0815921 0.0907337 0.0302348 0.12891 0.0528141 
0.0243965 0.218052 0.101115 0.13024 0.0655384 0.0891574 0.0611941 0.0965724 0.104362 0.109373 
0.0843903 0.0475979 0.085188 0.121706 0.100768 0.281148 0.0316577 0.0389158 0.143995 0.0646337 
0.0849903 0.0706098 0.0876716 0.204991 0.0792881 0.142654 0.041 0.081645 0.11125 0.0958996 
0.0570777 0.106368 0.134631 0.163516 0.0643284 0.15361 0.0574406 0.0649881 0.115014 0.0830262 
0.0465192 0.0478209 0.088756 0.0974325 0.200117 0.0742795 0.044058 0.108029 0.0977505 0.195238 
0.0627733 0.0338446 0.0714928 0.15973 0.0632041 0.0854592 0.021054 0.30332 0.0748631 0.124258 
0.110756 0.0195782 0.103257 0.0999442 0.0530453 0.237833 0.0257951 0.0252926 0.209971 0.114528 
0.0763092 0.0674861 0.138804 0.0631055 0.0934113 0.135096 0.224731 0.0212213 0.118139 0.0616963 
0.0643256 0.142539 0.107534 0.147795 0.031093 0.134395 0.0913897 0.0931704 0.100675 0.0870827 
0.0553865 0.0678138 0.0871127 0.0855058 0.124905 0.0788755 0.159837 0.121494 0.0921162 0.126953 
0.0265657 0.211932 0.0962355 0.129765 0.0529761 0.104038 0.0742036 0.0722283 0.131768 0.100288 
0.0951086 0.121255 0.0767716 0.202222 0.0417195 0.221868 0.0440813 0.0249739 0.101143 0.0708565 
0.0513926 0.0896451 0.0797073 0.100927 0.0735916 0.206561 0.105215 0.0364322 0.161894 0.0946352 
0.0206359 0.219641 0.0933193 0.147981 0.0604947 0.0878577 0.0578735 0.0742254 0.113902 0.124069 
0.256069 0.0317763 0.0981082 0.0983791 0.0371101 0.125671 0.0451946 0.068266 0.131407 0.108018 
0.0715602 0.10828 0.0478975 0.0686081 0.119131 0.266568 0.058862 0.0311411 0.165607 0.0623451 
0.0369336 0.207773 0.14163 0.109235 0.0485273 0.103357 0.0878685 0.0660627 0.129401 0.0692117 
0.0419209 0.0656394 0.0963222 0.200866 0.0726995 0.0903499 0.0249314 0.160776 0.117272 0.129223 
0.0249 0.226986 0.0789976 0.152175 0.0721274 0.097225 0.0648089 0.0754311 0.105387 0.101962 
0.0810177 0.0331982 0.08939 0.103683 0.0627627 0.267459 0.0649827 0.0315161 0.152456 0.113536 
0.245549 0.0433765 0.0924053 0.177512 0.0299544 0.126509 0.0437873 0.053619 0.143514 0.0437745 
0.0541451 0.0364758 0.154103 0.0492481 0.104839 0.0484541 0.200001 0.0515415 0.159746 0.141446 
0.0411878 0.176063 0.135249 0.105051 0.0827544 0.0884532 0.0684986 0.0741273 0.132337 0.0962783 
0.07161 0.113615 0.125103 0.0783583 0.0583495 0.0979217 0.0908189 0.0332518 0.228147 0.102824 
0.0961906 0.0559949 0.044309 0.0967683 0.0890604 0.27712 0.039695 0.0446178 0.15217 0.104075 
0.0526385 0.155437 0.108554 0.125358 0.0674366 0.0967102 0.0898604 0.111906 0.100124 0.0919748 
0.0400427 0.0835995 0.0490331 0.0829984 0.12865 0.11778 0.0414383 0.20608 0.11688 0.133498 
0.0576886 0.0886104 0.0578387 0.0956282 0.169724 0.102919 0.0461604 0.101568 0.116571 0.163292 
0.0431337 0.0371484 0.0842064 0.114561 0.293568 0.05531 0.0734343 0.122565 0.068763 0.107311 
0.0390301 0.0600327 0.11711 0.0650002 0.1109 0.0752793 0.295617 0.0403677 0.0977713 0.0988915 
0.0822454 0.0313363 0.121883 0.149045 0.0551298 0.109151 0.0224677 0.192864 0.131727 0.104151 
0.0304187 0.159862 0.262542 0.157277 0.0177053 0.0748502 0.150484 0.0127029 0.108872 0.0252857 
0.137707 0.0535765 0.09504 0.105008 0.0795868 0.177657 0.0634552 0.0391658 0.146976 0.101828 
0.228364 0.0318208 0.0957022 0.0691972 0.0623104 0.163705 0.0706109 0.0645575 0.12352 0.0902114 
0.0674167 0.0886366 0.143691 0.0966222 0.1134 0.105846 0.10293 0.0710705 0.112286 0.0981015 
0.0993044 0.0198833 0.106594 0.104885 0.0978114 0.219627 0.049767 0.0454474 0.135729 0.120952 
0.0699289 0.076667 0.145439 0.078186 0.074129 0.130701 0.183609 0.041968 0.114929 0.0844432 
0.112724 0.0808856 0.0814198 0.159242 0.0651039 0.170353 0.0353556 0.0859858 0.10751 0.10142 
0.0365622 0.0427167 0.0613087 0.151247 0.0676263 0.0956742 0.021216 0.330315 0.0677278 0.125607 
0.0499582 0.145532 0.236935 0.162376 0.0155381 0.0870364 0.141212 0.0167621 0.0976761 0.0469745 
0.239248 0.0491472 0.126964 0.165753 0.0473955 0.086652 0.0719529 0.0598017 0.0833357 0.0697502 
0.0594434 0.0890145 0.156144 0.108167 0.0575503 0.132774 0.0411682 0.0531748 0.201037 0.101528 
0.0567988 0.07947 0.111765 0.110683 0.0917809 0.118009 0.048679 0.0597376 0.166253 0.156824 
0.0833196 0.0707772 0.0761984 0.0677851 0.0883454 0.28784 0.0756492 0.0255388 0.159224 0.0653231 
0.0452864 0.0887765 0.0645248 0.100495 0.170656 0.119317 0.0395751 0.12233 0.0994596 0.14958 
0.036648 0.213642 0.102856 0.116851 0.0589397 0.0959699 0.0695719 0.0922573 0.113721 0.0995422 
0.0275584 0.231839 0.0986076 0.123841 0.0642911 0.105288 0.0728389 0.0721064 0.109823 0.0938055 
0.0703958 0.0368787 0.0706245 0.08496 0.204351 0.105707 0.0626 0.0911302 0.125832 0.14752 
0.316781 0.0195488 0.0779124 0.0412121 0.0208843 0.272355 0.0976901 0.0183122 0.116651 0.0186535 
0.0502128 0.0690694 0.107755 0.195926 0.0744719 0.0489505 0.0454822 0.249349 0.0872805 0.071503 
0.069649 0.0853287 0.0652226 0.16295 0.0619596 0.183628 0.0637119 0.0682022 0.127892 0.111457 
0.0721386 0.0563629 0.0934159 0.125451 0.0742116 0.0956308 0.0375206 0.219778 0.0840212 0.14147 
0.0585531 0.040189 0.135264 0.0467085 0.0992567 0.108538 0.309459 0.0399904 0.0994573 0.0625848 
0.0361346 0.182191 0.124292 0.131927 0.0603649 0.102697 0.076587 0.0781074 0.119772 0.0879271 
0.112214 0.0735954 0.0791507 0.0943915 0.068958 0.162957 0.137232 0.061358 0.126878 0.0832647 
0.0579131 0.104883 0.191223 0.111996 0.0947777 0.0788479 0.085444 0.0764326 0.0942753 0.104208 
0.0616371 0.159561 0.128855 0.109244 0.0632736 0.10417 0.0620421 0.0882973 0.119809 0.103111 
0.0199699 0.0851855 0.0475825 0.109037 0.132117 0.135091 0.0366379 0.153872 0.120196 0.16031 
0.125922 0.015142 0.366455 0.100527 0.0419276 0.0599573 0.0588317 0.0743206 0.0902661 0.0666512 
0.102534 0.0355839 0.16375 0.0844944 0.060484 0.193288 0.0639199 0.0486135 0.166678 0.0806545 
0.0675269 0.0831003 0.129708 0.0711685 0.0984524 0.0981217 0.195511 0.0634329 0.0981212 0.0948569 
0.0336262 0.214945 0.0968324 0.119498 0.0606972 0.0941222 0.0596402 0.106166 0.107904 0.10657 
0.115285 0.0457446 0.0696943 0.0698749 0.122951 0.100458 0.0714396 0.134773 0.108833 0.160947 
0.0813998 0.0792272 0.0623725 0.0829042 0.0537038 0.218361 0.106394 0.0370959 0.165951 0.11259 
0.0405933 0.0922503 0.368758 0.117576 0.0401666 0.0585062 0.0859339 0.0327812 0.108155 0.0552784 
0.0750609 0.0670709 0.107242 0.120728 0.0670933 0.216974 0.0845774 0.0403766 0.123248 0.0976283 
0.058871 0.0350516 0.071326 0.0730632 0.22267 0.109127 0.0773591 0.094562 0.129754 0.128216 
0.0686926 0.0331648 0.0715054 0.0562663 0.298981 0.0527511 0.125476 0.0807778 0.0863724 0.126013 
0.149018 0.0293528 0.297653 0.0789221 0.0452354 0.0911334 0.062129 0.0354683 0.126295 0.0847929 
0.0501975 0.121467 0.102669 0.0969416 0.07537 0.14271 0.0621352 0.0637337 0.161933 0.122842 
0.106619 0.0592988 0.0979457 0.221381 0.0545385 0.223789 0.0508423 0.0554252 0.0813456 0.0488162 
0.096348 0.0720681 0.0663186 0.0665002 0.119994 0.135998 0.0807186 0.089965 0.150866 0.121224 
0.0559494 0.0817909 0.195925 0.158314 0.0493853 0.104833 0.0589633 0.0985704 0.122385 0.0738846 
0.0438864 0.0167596 0.0519752 0.0832829 0.319018 0.0608382 0.050557 0.0891863 0.0809408 0.203555 
0.114358 0.0484818 0.051771 0.0809128 0.0872527 0.170873 0.115674 0.0423482 0.153464 0.134865 
0.260355 0.0287335 0.103042 0.101393 0.0379669 0.117865 0.0289208 0.0967914 0.0898001 0.135133 
0.0877501 0.104866 0.12582 0.172556 0.0322961 0.163486 0.0661413 0.0454375 0.141816 0.0598319 
0.0267989 0.17101 0.102167 0.124308 0.06698 0.126368 0.0743978 0.0671965 0.138734 0.10204 
0.0489118 0.0289097 0.0496179 0.124565 0.0594687 0.104094 0.0159503 0.350646 0.0872914 0.130545 
0.0451856 0.116684 0.114927 0.105316 0.0657854 0.103426 0.0367315 0.170786 0.119591 0.121568 
0.054999 0.0461396 0.0332223 0.177543 0.0476334 0.273566 0.00797172 0.133642 0.126278 0.0990048 
0.0641918 0.0144109 0.0334422 0.0873463 0.0378335 0.094763 0.00913795 0.453525 0.0957974 0.109552 
0.0505359 0.0959544 0.0795035 0.102659 0.130558 0.0894347 0.0648654 0.0973206 0.117738 0.17143 
0.0576124 0.0422721 0.0410869 0.0745824 0.102791 0.123838 0.0347515 0.283197 0.0964484 0.14342 
0.0239984 0.233509 0.111765 0.108595 0.0642841 0.0880921 0.092969 0.0665395 0.126042 0.084206 
