0.0564977 0.0367672 0.060585 0.134881 0.0968451 0.101818 0.0246378 0.258544 0.105989 0.123435 
0.0940841 0.0667502 0.311221 0.0928711 0.0131276 0.155252 0.135126 0.007847 0.0857259 0.0379952 
0.0568572 0.159607 0.113968 0.104813 0.0840283 0.107814 0.0814354 0.10452 0.0896099 0.0973471 
0.353072 0.0267682 0.0799454 0.0619177 0.0360592 0.138514 0.0711076 0.0814269 0.0685232 0.0826664 
0.0985053 0.0404873 0.101341 0.0506288 0.197969 0.0796493 0.0975946 0.105281 0.10204 0.126505 
0.0528612 0.20129 0.114927 0.101755 0.0765109 0.0891687 0.0624534 0.119901 0.0792229 0.101909 
0.0510288 0.0443379 0.0295129 0.0740795 0.244097 0.124798 0.045209 0.100599 0.134611 0.151726 
0.053792 0.125595 0.082853 0.0961971 0.0869062 0.104412 0.0682067 0.0796705 0.104473 0.197894 
0.121769 0.0456023 0.0846575 0.0309327 0.203732 0.142956 0.197513 0.0292739 0.0842189 0.0593453 
0.0688439 0.027758 0.0376679 0.0458287 0.206981 0.0644094 0.0399259 0.190555 0.112778 0.205252 
0.267635 0.0329012 0.108253 0.0563681 0.0451864 0.187198 0.0893389 0.0445169 0.110779 0.0578237 
0.104879 0.0743166 0.135495 0.0843027 0.0800317 0.0919792 0.150255 0.0531633 0.141154 0.0844235 
0.060747 0.0425168 0.0645014 0.0893928 0.141561 0.114396 0.0575516 0.128786 0.11298 0.187568 
0.295714 0.0375216 0.0964647 0.053441 0.0586243 0.153073 0.0365346 0.0606333 0.126823 0.0811703 
0.0349181 0.224452 0.105084 0.143536 0.0516006 0.100307 0.071419 0.0673948 0.0916117 0.109676 
0.100203 0.0425131 0.102724 0.118708 0.0778358 0.256375 0.0469005 0.0604933 0.136459 0.0577892 
0.0913063 0.027171 0.0888011 0.0673938 0.148876 0.0769069 0.064012 0.141261 0.113404 0.180867 
0.0604017 0.0219552 0.0786707 0.162106 0.0693962 0.069091 0.021588 0.337046 0.0866384 0.0931077 
0.084249 0.0502252 0.12917 0.108433 0.0712529 0.197374 0.054779 0.061592 0.149958 0.092967 
0.0869229 0.0570642 0.0743371 0.0836156 0.201936 0.129683 0.067033 0.0954845 0.0874239 0.1165 
0.067852 0.0551849 0.0283225 0.0849244 0.137505 0.106538 0.022606 0.196353 0.0877517 0.212962 
0.0991365 0.0534534 0.103918 0.0857837 0.0702267 0.14907 0.202965 0.0427226 0.105985 0.0867396 
0.0596121 0.0537967 0.119918 0.0644393 0.158509 0.0523865 0.135125 0.138441 0.0950345 0.122737 
0.09442 0.0561598 0.107916 0.0916679 0.114091 0.224563 0.111519 0.0229824 0.104576 0.0721058 
0.0848616 0.0586332 0.093356 0.0628053 0.200754 0.0810206 0.0814257 0.130835 0.0652938 0.141015 
0.497997 0.00376628 0.0384321 0.0171408 0.0409139 0.151396 0.134916 0.0334415 0.0559555 0.0260415 
0.0689595 0.0370694 0.0583031 0.113739 0.0608388 0.116306 0.0296008 0.246506 0.104992 0.163686 
0.0854851 0.040682 0.0806996 0.061385 0.206298 0.116744 0.0968079 0.0772447 0.0989915 0.135662 
0.382311 0.0266454 0.0975408 0.083182 0.0218111 0.13431 0.0332732 0.0597345 0.0923054 0.0688868 
0.0561078 0.167231 0.0847475 0.121358 0.0587969 0.154555 0.0814374 0.076207 0.108315 0.0912445 
0.0494799 0.0467234 0.0586508 0.206847 0.055652 0.18382 0.0349961 0.132685 0.0875088 0.143637 
0.0444961 0.154424 0.0874406 0.136076 0.0759547 0.118585 0.0639044 0.10799 0.0979223 0.113206 
0.0436457 0.0349229 0.0998302 0.193028 0.070963 0.235781 0.0344189 0.0381243 0.143257 0.106029 
0.159605 0.0134412 0.132688 0.0210676 0.134042 0.171434 0.153629 0.0396068 0.118418 0.0560685 
0.0819169 0.0385445 0.082153 0.131243 0.0874142 0.0879628 0.0244783 0.227982 0.10009 0.138215 
0.124206 0.0486225 0.206507 0.12535 0.060166 0.166751 0.0740104 0.0268641 0.142277 0.0252452 
0.0450576 0.0432044 0.066698 0.167103 0.0752097 0.0941941 0.0363037 0.226874 0.118823 0.126533 
0.036834 0.205492 0.0745599 0.127337 0.0611996 0.130738 0.0608599 0.0887473 0.109063 0.105169 
0.0995869 0.110572 0.182078 0.139911 0.0234994 0.131548 0.0935074 0.0439746 0.110325 0.0649986 
0.0417501 0.22088 0.0862392 0.124163 0.0465844 0.119136 0.0786855 0.0644071 0.117449 0.100706 
0.0450493 0.182751 0.110066 0.103273 0.0646385 0.105982 0.0895574 0.0867524 0.0975685 0.114363 
0.0681166 0.0731286 0.0882265 0.119193 0.100075 0.0844019 0.0460264 0.156852 0.100313 0.163666 
0.0353999 0.0661038 0.067913 0.0904134 0.24887 0.0674407 0.0486285 0.123454 0.094938 0.156839 
0.0836661 0.0861362 0.200024 0.129268 0.0741319 0.112594 0.0686332 0.0527739 0.0985106 0.0942619 
0.0691359 0.0881887 0.114657 0.162356 0.0565277 0.164924 0.0714243 0.0633191 0.102038 0.107429 
0.0888008 0.0434699 0.0603246 0.137579 0.0724957 0.263785 0.0878413 0.0469447 0.0950841 0.103675 
0.0258429 0.132496 0.0914901 0.186409 0.074278 0.138938 0.0598371 0.0822667 0.091983 0.116459 
0.0604142 0.0822402 0.184309 0.154456 0.0551766 0.0877314 0.176867 0.0510038 0.0694096 0.0783916 
0.0273498 0.0315325 0.0384773 0.0925327 0.278651 0.133162 0.0443754 0.0678182 0.12753 0.158571 
0.0714208 0.0386962 0.0984548 0.0604052 0.263229 0.0426445 0.0789433 0.0902958 0.125414 0.130497 
0.144199 0.0499232 0.0954068 0.0877575 0.064101 0.178614 0.194284 0.0362103 0.075117 0.0743879 
0.0811919 0.0486845 0.16918 0.222464 0.05454 0.147393 0.0671568 0.0637178 0.099284 0.046388 
0.128199 0.0749563 0.0744619 0.0661197 0.120246 0.204224 0.0770498 0.0742759 0.0825321 0.0979355 
0.0940308 0.0669547 0.0765998 0.1084 0.0987533 0.192156 0.0907183 0.0643825 0.115019 0.0929847 
0.0880544 0.0330544 0.240991 0.065649 0.0723021 0.0446425 0.221603 0.0261804 0.138307 0.069216 
0.249259 0.0400229 0.0845337 0.0867663 0.0467293 0.172643 0.0547684 0.05172 0.122576 0.0909813 
0.0638054 0.0235737 0.0751903 0.0560664 0.314771 0.0937678 0.0766029 0.0738904 0.11674 0.105592 
0.0568584 0.153772 0.119152 0.11774 0.070971 0.0916599 0.0706649 0.112584 0.0940972 0.1125 
0.0680672 0.0356091 0.0608025 0.0530764 0.181625 0.0977665 0.052118 0.151638 0.105529 0.193768 
0.112511 0.0737735 0.0877473 0.0796711 0.111745 0.179475 0.0599646 0.108425 0.112668 0.0740205 
0.0179657 0.0344868 0.0676923 0.1938 0.0484038 0.0681162 0.0176848 0.411506 0.0732049 0.0671399 
0.122992 0.0355197 0.167281 0.0889557 0.0666542 0.13522 0.07885 0.0404564 0.188426 0.0756451 
0.0691002 0.043724 0.0966276 0.0911531 0.147371 0.132945 0.0780492 0.115588 0.100577 0.124865 
0.088921 0.107885 0.110753 0.233174 0.0719021 0.0927923 0.0585948 0.0490186 0.107395 0.0795644 
0.0645121 0.026118 0.116494 0.130094 0.0944917 0.078344 0.0228293 0.242827 0.103067 0.121223 
0.0669266 0.0926429 0.0772683 0.104402 0.1485 0.130184 0.069458 0.088922 0.0958711 0.125825 
0.0798657 0.087863 0.109295 0.1231 0.12796 0.0884028 0.111448 0.129733 0.0703585 0.0719737 
0.0974324 0.070538 0.0591125 0.0541966 0.301263 0.0580037 0.0872842 0.0835059 0.0645895 0.124074 
0.0651928 0.0455915 0.0804661 0.27613 0.057314 0.150011 0.033904 0.0607479 0.122202 0.108441 
0.384108 0.0150393 0.085778 0.0698301 0.0168347 0.200348 0.0949216 0.0311867 0.0729604 0.0289938 
0.0660697 0.0365464 0.0584605 0.141456 0.0611735 0.0440625 0.0237525 0.393234 0.077488 0.0977566 
0.411165 0.0148656 0.0756331 0.0330637 0.0243353 0.179761 0.105542 0.0239317 0.0968815 0.0348215 
0.194353 0.0251384 0.228964 0.131338 0.0367951 0.153895 0.0663138 0.02556 0.104526 0.033117 
0.063098 0.101264 0.066903 0.149318 0.0667135 0.0828976 0.0255629 0.159082 0.111245 0.173917 
0.0371995 0.208317 0.0858681 0.120917 0.0528814 0.122646 0.0716598 0.075707 0.123726 0.101079 
0.0327127 0.0570732 0.0706352 0.11018 0.116429 0.0723629 0.0359754 0.25861 0.102044 0.143977 
0.0658371 0.0958957 0.075568 0.177647 0.0586745 0.186365 0.058327 0.0623916 0.115086 0.104208 
0.074787 0.097229 0.12554 0.0779193 0.0837536 0.0903101 0.0746024 0.123032 0.127766 0.125061 
0.042106 0.11911 0.0522385 0.140194 0.0941651 0.114366 0.0473189 0.116833 0.113834 0.159835 
0.0652967 0.027764 0.029463 0.0662218 0.0863551 0.0675025 0.012747 0.386386 0.106174 0.15209 
0.0559087 0.046042 0.0583178 0.101732 0.106606 0.141235 0.0420468 0.216666 0.0885779 0.142867 
0.140541 0.0460773 0.108249 0.0627633 0.0886079 0.166582 0.147191 0.0604091 0.0835214 0.0960574 
0.112719 0.0433934 0.264313 0.159701 0.0439525 0.0939308 0.0578986 0.0281489 0.130568 0.0653745 
0.0573175 0.0361525 0.0628927 0.0980981 0.107986 0.101859 0.0315164 0.261517 0.0862011 0.15646 
0.0565135 0.0772822 0.0832252 0.0877058 0.146291 0.144908 0.06598 0.0418395 0.187344 0.108911 
0.0452478 0.0306757 0.0303299 0.0699527 0.359824 0.086162 0.060529 0.0608088 0.137978 0.118492 
0.035195 0.0726546 0.0605533 0.104941 0.0744911 0.0605413 0.025955 0.314764 0.0934703 0.157435 
0.0867719 0.0218643 0.0553747 0.13256 0.0913769 0.260691 0.0538856 0.0932937 0.107163 0.0970185 
0.109174 0.0374096 0.120696 0.0425335 0.13869 0.0846229 0.247253 0.0544067 0.0863117 0.0789028 
0.0521663 0.22646 0.101512 0.108045 0.0758335 0.100535 0.0784483 0.0774604 0.0904135 0.0891261 
0.0905664 0.0528994 0.0527813 0.298883 0.0437709 0.154845 0.0237939 0.0846434 0.114166 0.0836508 
0.065281 0.0777133 0.102136 0.0955762 0.0777775 0.128853 0.224783 0.0615577 0.0994834 0.0668389 
0.0646172 0.118443 0.102459 0.0899978 0.117293 0.105185 0.0841721 0.103447 0.100088 0.114297 
0.0787015 0.0451197 0.0615878 0.242684 0.0371992 0.177097 0.0253759 0.132108 0.0828753 0.117252 
0.0255993 0.230118 0.103196 0.11115 0.0698559 0.122128 0.0691893 0.057851 0.116804 0.0941075 
0.0762882 0.0586685 0.0617423 0.0262107 0.315339 0.0602574 0.102763 0.080429 0.0762551 0.142047 
0.0397965 0.141476 0.0750826 0.139081 0.0750946 0.129653 0.0554971 0.118798 0.106222 0.119299 
0.04954 0.0714872 0.0974675 0.10732 0.0787114 0.109757 0.0619232 0.183003 0.108407 0.132385 
0.120315 0.046878 0.110533 0.0641904 0.0521352 0.184761 0.239433 0.0277631 0.110119 0.0438731 
0.0435432 0.0364324 0.103119 0.0627316 0.147229 0.0553287 0.0432182 0.132101 0.112263 0.264033 
0.120906 0.0764595 0.110457 0.0784407 0.0955662 0.0580515 0.193882 0.0727977 0.116079 0.0773602 
0.261707 0.033198 0.092275 0.0576395 0.0446686 0.210105 0.0652658 0.0372097 0.122326 0.0756048 
0.048876 0.020008 0.0260657 0.0946177 0.0933209 0.307196 0.0312725 0.089014 0.169924 0.119706 
0.0793537 0.0399986 0.0743652 0.0796968 0.287057 0.0741462 0.10893 0.0675583 0.0614856 0.127408 
0.052001 0.0415481 0.120795 0.0599269 0.116366 0.131763 0.0716054 0.069825 0.126223 0.209947 
0.0635736 0.0583799 0.0964761 0.068785 0.15131 0.106474 0.0669967 0.100942 0.100647 0.186415 
0.141285 0.0313275 0.213528 0.151284 0.0585607 0.10104 0.0836667 0.0399666 0.131535 0.0478061 
0.08437 0.177669 0.11503 0.104989 0.053608 0.108149 0.0787487 0.0691729 0.114675 0.0935882 
0.0454015 0.0384234 0.0344098 0.101293 0.153988 0.155905 0.0520569 0.101259 0.105353 0.21191 
0.109919 0.0442819 0.0768691 0.0634089 0.170528 0.0845286 0.0843329 0.113254 0.100298 0.152579 
0.0821734 0.104068 0.119209 0.168676 0.0559981 0.132331 0.0610001 0.0322399 0.153704 0.0905993 
0.0372106 0.138534 0.112135 0.1395 0.058425 0.0650078 0.0529317 0.166176 0.0915923 0.138488 
0.0836462 0.0733795 0.0844342 0.174317 0.0628197 0.169337 0.0618132 0.0647082 0.106339 0.119206 
0.0430619 0.0692222 0.0867266 0.0939177 0.135918 0.0897072 0.0561621 0.127478 0.119978 0.177829 
0.0427052 0.0862998 0.104996 0.0964545 0.100857 0.057725 0.0717224 0.190504 0.0777468 0.17099 
0.0709565 0.0914656 0.0943755 0.0731211 0.139812 0.102856 0.117168 0.0776633 0.0908303 0.141752 
0.0428233 0.080032 0.0939795 0.108401 0.180017 0.0964315 0.0722032 0.101185 0.0961222 0.128805 
0.0510408 0.0341825 0.0699605 0.0557069 0.309384 0.0675604 0.0895155 0.0616479 0.130367 0.130634 
0.0743354 0.0707701 0.0703356 0.085417 0.143918 0.0996714 0.0689483 0.112783 0.0966545 0.177167 
0.113297 0.0466862 0.134356 0.0590926 0.0881477 0.148177 0.0689673 0.10542 0.121857 0.113999 
0.0682638 0.0284637 0.0668407 0.138514 0.082508 0.295333 0.0526797 0.0347192 0.146326 0.0863516 
0.110444 0.0444657 0.136557 0.0435808 0.127171 0.0844921 0.117129 0.0952066 0.115134 0.12582 
0.0488173 0.0545876 0.0902553 0.14647 0.106143 0.0817744 0.0458169 0.233128 0.0758328 0.117175 
0.0678361 0.10764 0.0770873 0.0948786 0.0732047 0.100232 0.187777 0.091786 0.0910083 0.108551 
0.0279573 0.032471 0.0147888 0.0929368 0.198813 0.0549694 0.0526141 0.249243 0.110846 0.16536 
0.048575 0.0809852 0.0899938 0.0882502 0.132241 0.0712402 0.080648 0.0654508 0.126577 0.216039 
0.200651 0.0222079 0.159802 0.208077 0.0337478 0.103509 0.0402045 0.0872002 0.0783997 0.0662005 
0.115691 0.0568215 0.0740884 0.0596949 0.14431 0.251441 0.0557931 0.0421226 0.120471 0.0795663 
0.0219154 0.0503734 0.0719464 0.164416 0.0843716 0.142367 0.0371884 0.0688192 0.204408 0.154194 
0.102952 0.0529707 0.0641388 0.100594 0.1065 0.259299 0.0475881 0.0476246 0.108544 0.109789 
0.1068 0.037512 0.0752867 0.0457428 0.107867 0.15317 0.230224 0.0556749 0.0866293 0.101094 
0.10505 0.0294852 0.121883 0.0448266 0.0749435 0.155381 0.302749 0.0212145 0.0995545 0.0449133 
0.0745027 0.0355999 0.0947815 0.120156 0.0454251 0.302528 0.114568 0.0169474 0.136862 0.0586295 
0.081715 0.0249355 0.122402 0.0871105 0.129754 0.0483284 0.0427225 0.228964 0.111277 0.122791 
0.0491241 0.102625 0.102705 0.142097 0.0745505 0.136965 0.0605947 0.0584173 0.178033 0.0948886 
0.0358023 0.230321 0.093427 0.120818 0.050984 0.111481 0.0735558 0.0653986 0.112953 0.10526 
0.279012 0.0416084 0.0818918 0.0761048 0.0403409 0.160878 0.0776691 0.057393 0.109024 0.0760781 
0.0642085 0.256046 0.11536 0.113168 0.0482774 0.0794458 0.072963 0.0658955 0.0924774 0.0921577 
0.141789 0.0612563 0.0973723 0.0661633 0.0711234 0.0925358 0.222696 0.0595602 0.108033 0.0794703 
0.0670121 0.0408948 0.0929742 0.0358244 0.185054 0.0631534 0.0936048 0.101105 0.184388 0.135989 
0.0990624 0.0679804 0.101746 0.0807712 0.0717871 0.171374 0.168268 0.0591323 0.0874948 0.0923839 
0.0465727 0.0485511 0.0835953 0.152914 0.053252 0.0737922 0.0241041 0.341446 0.0841292 0.0916437 
0.0643483 0.03361 0.180112 0.15825 0.0979683 0.0839222 0.0244777 0.102691 0.139063 0.115558 
0.0411867 0.1957 0.126324 0.12241 0.0585415 0.0930269 0.087642 0.0854551 0.10113 0.0885831 
0.0724743 0.049145 0.150524 0.0838329 0.10687 0.0672402 0.0521541 0.153945 0.0789322 0.184882 
0.0581718 0.175494 0.0894085 0.114195 0.0620455 0.125482 0.086259 0.0826101 0.108775 0.0975594 
0.0755527 0.0745339 0.113885 0.0847161 0.0954878 0.132155 0.0718673 0.0713128 0.165034 0.115455 
0.0810916 0.0368282 0.278334 0.198552 0.0931517 0.1314 0.0661193 0.023397 0.0696399 0.0214857 
0.225414 0.0514819 0.0973201 0.0882916 0.04209 0.17121 0.0898922 0.0573831 0.102933 0.0739843 
0.0516756 0.123625 0.0953713 0.0774556 0.0980896 0.07734 0.0882251 0.0640334 0.108352 0.215832 
0.0863564 0.0493683 0.0869077 0.0817382 0.145296 0.113117 0.0762641 0.0749603 0.119563 0.166429 
0.109291 0.0404392 0.135653 0.0766252 0.0680011 0.0926173 0.0242247 0.0670547 0.170973 0.215121 
0.104047 0.0405822 0.0760231 0.0427839 0.0957358 0.284385 0.063788 0.0571646 0.170914 0.064577 
0.0849844 0.0544492 0.0988275 0.140979 0.0523459 0.199248 0.0765892 0.0472224 0.133912 0.111442 
0.0380822 0.180685 0.0887456 0.122465 0.0830659 0.0944936 0.0752876 0.0969348 0.0966145 0.123626 
0.100562 0.0484414 0.0436712 0.0560468 0.215627 0.257174 0.0876768 0.0258898 0.110715 0.0541957 
0.102598 0.024785 0.101559 0.0587771 0.141405 0.129946 0.172682 0.0831601 0.0810042 0.104084 
0.249396 0.042853 0.087423 0.0721022 0.0415927 0.129798 0.0955441 0.0653334 0.109081 0.106878 
0.133987 0.0716376 0.153159 0.182352 0.0331838 0.129072 0.059548 0.103356 0.0740801 0.0596256 
0.062056 0.0901897 0.0783423 0.0986679 0.166061 0.103676 0.0880179 0.0913704 0.0739848 0.147634 
0.0386432 0.0615067 0.0947931 0.0737351 0.25076 0.0912559 0.0635363 0.0784162 0.103411 0.143942 
0.135884 0.0417484 0.121683 0.0585568 0.0875164 0.149381 0.232706 0.036404 0.0778447 0.0582755 
0.0961942 0.0256909 0.0602818 0.0924692 0.0663935 0.405226 0.024583 0.0225837 0.143513 0.0630654 
0.0411911 0.0259443 0.0563879 0.0987688 0.261536 0.0640808 0.0506003 0.154847 0.089028 0.157615 
0.0695255 0.0450385 0.108818 0.0810252 0.11797 0.0778813 0.168154 0.108133 0.0780702 0.145384 
0.0861682 0.0373189 0.0824528 0.116561 0.064856 0.26324 0.0830518 0.0320533 0.143835 0.0904623 
0.102396 0.0539045 0.0910781 0.0743391 0.139308 0.0973087 0.0701103 0.113956 0.115661 0.141938 
0.073375 0.0491226 0.065176 0.13806 0.112881 0.270266 0.0699409 0.0527171 0.0785676 0.0898935 
0.0407311 0.206633 0.0979295 0.12173 0.0504634 0.129583 0.0803416 0.0725427 0.107782 0.0922636 
0.0781905 0.0382349 0.048772 0.0896333 0.226669 0.112336 0.0470421 0.114987 0.0949174 0.149218 
0.0564268 0.0734002 0.0803759 0.106484 0.187712 0.116109 0.0717773 0.0893752 0.0978601 0.12048 
0.0707881 0.0781951 0.0958444 0.149806 0.049529 0.0426218 0.0205892 0.289505 0.0892591 0.113862 
0.127943 0.0604487 0.221727 0.18032 0.0273296 0.173837 0.045577 0.00900363 0.114435 0.0393798 
0.116884 0.0665743 0.0932802 0.165909 0.0683992 0.138823 0.0483127 0.0855737 0.109259 0.106984 
0.107927 0.0830771 0.24297 0.113747 0.0634722 0.0796693 0.0842929 0.0503 0.0946805 0.079865 
0.0735376 0.110527 0.0877757 0.120976 0.0834523 0.102961 0.0689367 0.14512 0.078562 0.128152 
0.0495233 0.173742 0.101243 0.120605 0.0596508 0.109308 0.0847394 0.0845349 0.106355 0.110298 
0.066867 0.0685872 0.114401 0.125202 0.0788448 0.147547 0.0734415 0.0594973 0.151544 0.114067 
0.0387803 0.195441 0.0948653 0.130022 0.0580355 0.108728 0.0774628 0.0903209 0.0990074 0.107337 
0.0522265 0.107705 0.130852 0.121901 0.0418646 0.179732 0.0603652 0.0370135 0.176485 0.091856 
0.036937 0.198319 0.0859095 0.141262 0.0656558 0.0995039 0.0607063 0.0938846 0.101176 0.116646 
0.0639733 0.088554 0.123253 0.14101 0.0540282 0.121975 0.0975611 0.0392348 0.183497 0.086914 
0.076607 0.0770632 0.0880239 0.0997312 0.0914836 0.203868 0.0845829 0.0569231 0.122281 0.0994361 
0.384893 0.00930408 0.0671727 0.0659086 0.0237333 0.203294 0.0987444 0.0353951 0.0848841 0.0266709 
0.113701 0.0904273 0.0775932 0.137514 0.0609246 0.13885 0.0918891 0.0590399 0.142786 0.0872745 
0.0759204 0.0531645 0.0685652 0.0556048 0.215655 0.0545377 0.0754683 0.0846713 0.121651 0.194762 
0.0695314 0.0765855 0.294381 0.216379 0.0143982 0.0982344 0.0478421 0.0158962 0.12392 0.0428311 
0.104145 0.0352601 0.10652 0.142771 0.0535582 0.24368 0.0384007 0.0306214 0.130183 0.11486 
0.441204 0.00698658 0.0646025 0.0386194 0.0154757 0.202495 0.0506923 0.0283785 0.111711 0.0398354 
0.0529275 0.157981 0.103365 0.135093 0.0821055 0.114327 0.0696262 0.0841313 0.105079 0.0953638 
0.0514334 0.213834 0.0850559 0.117152 0.0682525 0.0736407 0.0547493 0.114319 0.107498 0.114065 
0.0465691 0.147129 0.0943785 0.14087 0.0786783 0.141744 0.0738507 0.0809454 0.101062 0.0947734 
0.324518 0.0277063 0.0752755 0.0751743 0.068142 0.211959 0.0768139 0.0430712 0.0548829 0.0424579 
0.0272289 0.0430939 0.0783751 0.142415 0.152607 0.115747 0.0414883 0.131153 0.11586 0.152031 
0.22138 0.0229894 0.0969012 0.0973308 0.0493839 0.155997 0.0331836 0.102869 0.123139 0.0968268 
0.0436533 0.0939502 0.127942 0.126879 0.0800087 0.170667 0.0728505 0.0492312 0.131159 0.103659 
0.0358858 0.24263 0.0999355 0.104847 0.0527098 0.112251 0.0887146 0.0528181 0.110311 0.0998981 
0.098407 0.0497665 0.12208 0.054034 0.097853 0.151697 0.253573 0.0199 0.0967833 0.0559057 
0.0508192 0.0463822 0.0703636 0.106965 0.192076 0.132405 0.0507757 0.115285 0.102085 0.132843 
0.0819566 0.0799328 0.207366 0.206497 0.03451 0.0824202 0.0572164 0.0591127 0.125263 0.0657255 
0.100965 0.0206157 0.131452 0.377283 0.0208021 0.192871 0.0197867 0.0272664 0.0694538 0.0395046 
0.164654 0.0478994 0.123177 0.037843 0.0708934 0.0650014 0.304064 0.0474193 0.0795459 0.0595025 
0.0725593 0.176817 0.126273 0.128207 0.0801062 0.0843662 0.0694863 0.0865896 0.094774 0.0808209 
0.051896 0.176735 0.0915435 0.137896 0.0678888 0.106219 0.0789089 0.0807102 0.101723 0.10648 
0.0613069 0.161746 0.111119 0.103631 0.0844715 0.100155 0.0757691 0.112709 0.0925597 0.096533 
0.0717804 0.0626642 0.0841902 0.187354 0.0655099 0.141795 0.0584064 0.0693871 0.131652 0.127261 
0.0346599 0.0490407 0.0424413 0.078757 0.128358 0.213209 0.0347679 0.0928257 0.118037 0.207904 
0.10411 0.0337553 0.0685766 0.0910196 0.0775191 0.282206 0.0426629 0.0643017 0.142178 0.0936707 
0.125461 0.077885 0.264854 0.0936462 0.0607848 0.0776333 0.0962561 0.0366537 0.0966332 0.0701926 
0.0250787 0.0692497 0.0364918 0.0774471 0.133019 0.17681 0.0415793 0.0844123 0.102772 0.25314 
0.0730964 0.0334015 0.0639016 0.084154 0.176206 0.139868 0.086132 0.120115 0.0974062 0.125719 
0.136045 0.0736869 0.0556739 0.0962968 0.0846812 0.143574 0.0416845 0.168636 0.0955495 0.104172 
0.0180204 0.056572 0.0772733 0.101187 0.106767 0.140449 0.0462407 0.115161 0.121693 0.216636 
0.0546611 0.0920739 0.10418 0.154883 0.0952055 0.111481 0.0350321 0.0998292 0.102158 0.150496 
0.0389092 0.0595527 0.0808406 0.120086 0.154563 0.105205 0.0393005 0.104312 0.112654 0.184579 
0.278909 0.021747 0.0808536 0.0856496 0.0647629 0.157485 0.0585741 0.0748067 0.0927899 0.0844215 
0.0753979 0.0637268 0.0887677 0.240701 0.0686589 0.0957256 0.0415066 0.0979535 0.091409 0.136153 
0.0950295 0.0971272 0.0772579 0.0716794 0.124962 0.212048 0.127021 0.0204627 0.126718 0.0476941 
0.078906 0.059747 0.0616458 0.0989012 0.0981144 0.226645 0.0412352 0.139551 0.100567 0.094687 
0.113692 0.0501881 0.0446242 0.168981 0.070201 0.260939 0.0390755 0.0742516 0.0803792 0.0976681 
0.0614412 0.029093 0.0466847 0.0842435 0.0825218 0.1296 0.0253524 0.266767 0.097887 0.176409 
0.106508 0.028208 0.244797 0.137333 0.0652063 0.0895133 0.0802402 0.0522197 0.105117 0.0908571 
0.143589 0.0232451 0.412344 0.0694906 0.0363783 0.0916912 0.0368635 0.0375458 0.0786642 0.0701888 
0.0762341 0.0414323 0.080489 0.107191 0.0680018 0.0659344 0.0225517 0.283124 0.0936239 0.161417 
0.0738916 0.12291 0.115538 0.106132 0.0970174 0.0920389 0.0853175 0.113812 0.0937232 0.0996198 
0.112309 0.0742436 0.178095 0.129434 0.0741861 0.143061 0.0405047 0.0389679 0.15491 0.0542885 
0.0374402 0.0809489 0.0811877 0.15551 0.088765 0.171357 0.041622 0.073426 0.175232 0.0945117 
0.0911915 0.0814648 0.0905761 0.0947701 0.119866 0.120539 0.0787437 0.0733749 0.11221 0.137265 
0.0671472 0.171081 0.132815 0.10274 0.057108 0.0904112 0.0840196 0.0863549 0.0969209 0.111402 
0.0681423 0.0868176 0.0729363 0.118661 0.0840326 0.0741772 0.0444322 0.192344 0.0933402 0.165117 
0.105953 0.0795758 0.106659 0.180686 0.0358521 0.129497 0.0464968 0.139255 0.0779404 0.0980861 
0.0962853 0.14112 0.0999484 0.176633 0.0583844 0.145759 0.0422159 0.0640662 0.100089 0.0754986 
0.0669131 0.0735075 0.122088 0.088345 0.0664522 0.169545 0.132859 0.0199487 0.172613 0.0877285 
0.0413823 0.0369293 0.0555319 0.118758 0.0854595 0.118586 0.0194611 0.185989 0.158697 0.179205 
0.0667332 0.0748327 0.0681688 0.141607 0.0752639 0.0865491 0.0444545 0.194317 0.0997974 0.148277 
0.100182 0.0371052 0.108623 0.0697269 0.105576 0.117446 0.0651215 0.136242 0.0874012 0.172576 
0.0590371 0.0320474 0.307597 0.164521 0.0548937 0.0879055 0.100399 0.0602962 0.0707285 0.062575 
0.0633286 0.115448 0.191344 0.135266 0.0587151 0.0577304 0.150076 0.0534558 0.0897435 0.0848928 
0.0819295 0.0579791 0.0580487 0.0456676 0.3262 0.056181 0.0830035 0.0827671 0.0721868 0.136037 
0.0398911 0.201761 0.0952295 0.135624 0.0634423 0.104809 0.0808179 0.0859887 0.0979858 0.0944504 
0.0797252 0.0682239 0.0883969 0.131941 0.0574427 0.228645 0.0823209 0.0340037 0.136016 0.0932853 
0.0772206 0.0438397 0.11387 0.149181 0.0861504 0.152919 0.0544563 0.0647784 0.131537 0.126048 
0.141582 0.0369856 0.0933043 0.0445742 0.0639322 0.0912374 0.0821136 0.0571489 0.203959 0.185162 
0.0414728 0.0549089 0.0933956 0.127766 0.121599 0.0753566 0.0565429 0.203249 0.0919748 0.133735 
0.0760584 0.105243 0.158634 0.113696 0.0666691 0.0990632 0.0564275 0.10782 0.0788467 0.137542 
0.0933952 0.0849476 0.0710834 0.119729 0.0516987 0.200403 0.17469 0.0475747 0.10298 0.0534988 
0.390152 0.0150492 0.168135 0.049246 0.0226274 0.119098 0.0787239 0.0160044 0.10868 0.0322842 
0.0611687 0.0843282 0.134241 0.1171 0.098734 0.0961709 0.119012 0.0523121 0.0922922 0.144642 
0.0807991 0.0303181 0.0462795 0.0311805 0.343863 0.0635464 0.078629 0.0825732 0.125336 0.117475 
0.0846418 0.168592 0.130224 0.17187 0.0449752 0.100271 0.114039 0.0560659 0.0899027 0.0394182 
0.0432456 0.0437308 0.0566612 0.0776272 0.235428 0.140583 0.0483001 0.0830232 0.0960777 0.175323 
0.0725029 0.138601 0.0861252 0.0977858 0.0624224 0.160424 0.0822781 0.085719 0.10976 0.104381 
0.0412795 0.0679775 0.0549453 0.0769 0.137071 0.107355 0.0522281 0.119793 0.101217 0.241234 
0.0952028 0.0464787 0.0635189 0.122501 0.0900439 0.276946 0.0666439 0.0419414 0.106466 0.090258 
0.0565102 0.0369485 0.0983701 0.143014 0.0672355 0.0914254 0.0298403 0.233287 0.105946 0.137424 
0.04429 0.0630241 0.0830327 0.146513 0.0976329 0.0853405 0.031122 0.216669 0.0796242 0.152752 
0.0867916 0.156489 0.16732 0.166105 0.0346261 0.102171 0.0754601 0.0498802 0.109179 0.0519774 
0.0691958 0.151203 0.131886 0.126552 0.0385884 0.137884 0.0800822 0.0475252 0.129253 0.0878311 
0.141022 0.0284549 0.29138 0.112684 0.0574954 0.0820309 0.136011 0.0284888 0.0807889 0.0416441 
0.309391 0.0402993 0.0905061 0.0596141 0.0632605 0.0950052 0.141482 0.0422721 0.111964 0.0462054 
0.0853663 0.0420465 0.135654 0.0494514 0.0955736 0.167116 0.0400471 0.0476114 0.233385 0.103749 
0.0972666 0.129546 0.118386 0.0956021 0.0415704 0.197532 0.038738 0.0844742 0.119536 0.0773491 
0.0510323 0.0481823 0.0501167 0.163263 0.0486736 0.0653189 0.0196966 0.354377 0.0861044 0.113235 
0.0393783 0.0735317 0.0716755 0.114795 0.0860947 0.0901573 0.0267296 0.23479 0.0992034 0.163645 
0.0302453 0.113644 0.090382 0.112313 0.107987 0.126865 0.0373408 0.0875778 0.123908 0.169737 
0.0317339 0.211524 0.107558 0.133932 0.0528618 0.112749 0.0723109 0.0646663 0.110902 0.101762 
0.156848 0.0677761 0.0616867 0.110224 0.0436512 0.18582 0.0883946 0.0472416 0.132886 0.105471 
0.0285781 0.210166 0.081917 0.145367 0.0681463 0.0883912 0.0673629 0.0838282 0.100643 0.125601 
0.0814477 0.0404543 0.121158 0.123682 0.0817379 0.151903 0.0727035 0.0345033 0.170775 0.121635 
0.302347 0.0357576 0.0819742 0.141398 0.029207 0.113472 0.068458 0.116692 0.0748952 0.0357997 
0.0813667 0.0470429 0.0967187 0.133015 0.0463931 0.243939 0.0212498 0.057432 0.158914 0.11393 
0.266519 0.0295783 0.0985062 0.0722406 0.0462084 0.142995 0.0994068 0.078933 0.0879221 0.0776898 
0.0379646 0.194547 0.0925746 0.140928 0.0640367 0.108151 0.068631 0.085443 0.101175 0.10655 
0.0665096 0.0576654 0.0790071 0.0877878 0.140302 0.0767271 0.0410976 0.106761 0.131716 0.212426 
0.0216816 0.0329361 0.0906446 0.0936752 0.118222 0.0560114 0.0369903 0.149678 0.149311 0.250849 
0.059937 0.0328204 0.0842032 0.0668467 0.205209 0.108842 0.0625196 0.116753 0.141067 0.121802 
0.0370964 0.22828 0.114943 0.11632 0.0519843 0.102667 0.075248 0.0767585 0.0999246 0.0967781 
0.0529219 0.0623128 0.0931927 0.0923314 0.0724428 0.0999985 0.0486678 0.108571 0.203316 0.166245 
0.0847227 0.044009 0.224205 0.128006 0.0587411 0.0996491 0.0690915 0.0528372 0.139119 0.09962 
0.0348755 0.197089 0.097441 0.130069 0.066985 0.0933432 0.0841009 0.0963204 0.091814 0.107962 
0.0652412 0.134916 0.197605 0.188698 0.0308817 0.0805892 0.120823 0.0171437 0.125806 0.0382959 
0.0646532 0.0467805 0.0590945 0.0702249 0.176873 0.0687133 0.0640743 0.105174 0.134944 0.209468 
0.0652785 0.111461 0.0928534 0.115389 0.0929355 0.0862043 0.0515809 0.152113 0.0875858 0.144599 
0.0938141 0.0500538 0.0493164 0.111622 0.118876 0.247031 0.0345222 0.122448 0.0957248 0.0765915 
0.0701595 0.0301291 0.115823 0.0511109 0.119466 0.090493 0.0951656 0.117043 0.109725 0.200886 
0.066586 0.0328747 0.311477 0.156552 0.0387156 0.100029 0.142785 0.0297991 0.0751219 0.0460594 
0.0562639 0.0669576 0.133932 0.0957314 0.0912386 0.190241 0.191266 0.0278308 0.0932136 0.0533247 
0.0497406 0.0585401 0.0618992 0.111402 0.290246 0.0602721 0.0620436 0.0761776 0.0588642 0.170815 
0.0582162 0.178433 0.103367 0.114511 0.0551954 0.118117 0.0907553 0.0762186 0.103422 0.101765 
0.0850283 0.0640825 0.0864391 0.0923993 0.095321 0.215944 0.106673 0.0313102 0.132703 0.0901 
0.0481017 0.098594 0.074671 0.0743176 0.120361 0.187338 0.0628887 0.0565065 0.128316 0.148906 
0.108421 0.0857169 0.177087 0.187814 0.0232938 0.196197 0.0929098 0.0123358 0.0928683 0.0233562 
0.0585309 0.0296695 0.104534 0.0429049 0.102614 0.10391 0.0638409 0.156748 0.0891311 0.248116 
0.0493698 0.0944495 0.301313 0.08365 0.0823382 0.0612866 0.0853145 0.0323055 0.0999639 0.110009 
0.218218 0.0370166 0.11646 0.105894 0.0385669 0.175999 0.0371859 0.0679328 0.112586 0.0901416 
0.0507732 0.0600215 0.058442 0.0761693 0.207083 0.110508 0.0675191 0.0736717 0.0911651 0.204647 
0.505408 0.0171253 0.088605 0.0829688 0.0143885 0.146203 0.0495991 0.0285932 0.0508952 0.0162138 
0.315076 0.0147921 0.0984133 0.0817989 0.0274577 0.186793 0.0991565 0.0494375 0.0890069 0.0380683 
0.104357 0.0872821 0.218389 0.136992 0.0354392 0.136306 0.109189 0.0173924 0.110418 0.0442349 
0.0771996 0.104137 0.103154 0.157776 0.0501147 0.155419 0.0239333 0.0735016 0.147064 0.1077 
0.0558857 0.0703536 0.111546 0.0981625 0.11751 0.129029 0.129879 0.0818535 0.10136 0.10442 
0.0368547 0.0526741 0.124124 0.10454 0.104925 0.072512 0.0495106 0.236169 0.0813275 0.137363 
0.0330822 0.200476 0.110708 0.118992 0.0636506 0.10787 0.0830935 0.0713474 0.107944 0.102837 
0.0696323 0.042567 0.155237 0.109458 0.0756049 0.0722526 0.0694775 0.095502 0.156272 0.153997 
0.0506378 0.0675848 0.0496765 0.0837528 0.201229 0.11545 0.0584543 0.113896 0.10796 0.151359 
0.209363 0.0116092 0.171915 0.0472404 0.0218137 0.3197 0.0382461 0.0131321 0.139495 0.0274861 
0.0700195 0.119279 0.247418 0.171433 0.0242364 0.068767 0.117627 0.038024 0.0956616 0.0475344 
0.0374265 0.10776 0.108913 0.0986096 0.115779 0.0678095 0.0625688 0.12578 0.100679 0.174675 
0.0492246 0.0590281 0.0545906 0.0671034 0.259553 0.102555 0.0647807 0.0823792 0.145887 0.114898 
0.0801901 0.0740754 0.137159 0.201801 0.0517392 0.152598 0.0859325 0.0366169 0.10152 0.0783675 
0.069578 0.0888864 0.0979606 0.166807 0.0861725 0.153064 0.0574788 0.0712893 0.0977066 0.111056 
0.497512 0.00683852 0.110076 0.0288797 0.0148591 0.117464 0.075146 0.0219606 0.0893253 0.0379392 
0.317692 0.0270305 0.0830805 0.0525913 0.0476483 0.132663 0.121664 0.0461168 0.0972284 0.0742845 
0.0894123 0.0267718 0.116925 0.123909 0.110993 0.205817 0.0730003 0.0444468 0.125996 0.0827286 
0.0332497 0.206421 0.0953592 0.152296 0.0589051 0.111953 0.0761991 0.0736811 0.0952592 0.0966769 
0.0737723 0.0287231 0.0851568 0.0694802 0.16007 0.0464284 0.0542217 0.133569 0.154084 0.194494 
0.0993305 0.0952891 0.0653301 0.0664666 0.114244 0.149359 0.177767 0.0287213 0.14124 0.062252 
0.0580288 0.0745558 0.0356111 0.05379 0.170998 0.241101 0.071502 0.0838556 0.136556 0.0740018 
0.145896 0.0333253 0.15457 0.163791 0.0625939 0.109505 0.0718597 0.0421136 0.152133 0.0642124 
0.0950083 0.0457495 0.0871942 0.116998 0.0858195 0.312652 0.0859029 0.0158249 0.105545 0.0493062 
0.0345046 0.120313 0.0738308 0.1303 0.0574405 0.119675 0.0452734 0.171374 0.110618 0.136671 
0.0467999 0.10605 0.0975811 0.162601 0.0606968 0.0948151 0.0358261 0.156945 0.116978 0.121706 
0.032011 0.0648195 0.0514346 0.126965 0.112915 0.14588 0.0348004 0.128944 0.106109 0.196122 
0.080502 0.116532 0.100521 0.204401 0.0676803 0.110315 0.0359725 0.0701991 0.108465 0.105412 
0.145007 0.097051 0.0944712 0.0865318 0.0768859 0.101315 0.0671772 0.103135 0.0958794 0.132546 
0.076662 0.058691 0.118339 0.0657167 0.148743 0.0932613 0.0882622 0.0859935 0.118942 0.145389 
0.0582161 0.0842543 0.297257 0.112747 0.0186973 0.124248 0.128938 0.013444 0.0933746 0.0688232 
0.326976 0.0220092 0.0545041 0.040315 0.0486397 0.178837 0.124914 0.0555109 0.0851103 0.0631842 
0.053074 0.109836 0.0801176 0.0768642 0.0849798 0.0885189 0.0383209 0.222971 0.108503 0.136815 
0.0323764 0.213485 0.0919503 0.148354 0.0569273 0.0968103 0.0679443 0.083815 0.0982874 0.110049 
0.0330012 0.197461 0.0853307 0.147057 0.0613167 0.102685 0.0793182 0.0858083 0.0970577 0.110964 
0.0532753 0.12561 0.184447 0.194539 0.0588624 0.10393 0.0726389 0.0349935 0.113988 0.0577168 
0.0355587 0.213069 0.0904985 0.121552 0.0670971 0.0921337 0.0692285 0.101315 0.0903627 0.119184 
0.0540367 0.0351823 0.078783 0.105452 0.157228 0.244383 0.0439222 0.0466709 0.168412 0.0659296 
0.0896499 0.0735254 0.076816 0.24398 0.0640499 0.143948 0.0340949 0.0879776 0.096911 0.0890473 
0.0743666 0.098979 0.131862 0.180696 0.0604534 0.143722 0.0582485 0.0636026 0.103035 0.0850338 
0.0547197 0.0510383 0.0955452 0.0748811 0.162153 0.072773 0.063036 0.0952034 0.104062 0.226588 
0.0499004 0.0394537 0.0572807 0.153406 0.0676552 0.0666639 0.0358692 0.29873 0.0739657 0.157075 
0.0959238 0.0294133 0.0930886 0.112964 0.0563086 0.265389 0.0268309 0.0258834 0.201575 0.0926231 
0.0836785 0.0496795 0.138088 0.0633698 0.0771802 0.142984 0.248637 0.0215692 0.131579 0.0432357 
0.0715215 0.123903 0.0745589 0.211211 0.03075 0.177399 0.0753051 0.0803116 0.0697043 0.0853359 
0.0881165 0.0586046 0.123614 0.0940179 0.122534 0.0854007 0.127282 0.107042 0.0952574 0.0981318 
0.03712 0.199342 0.0910385 0.132874 0.0510387 0.122947 0.0666092 0.0786433 0.111541 0.108846 
0.125814 0.0777697 0.0737603 0.222355 0.0453451 0.208386 0.0396566 0.0434947 0.0939592 0.0694597 
0.0513273 0.0805407 0.110447 0.119232 0.0753718 0.191431 0.0871635 0.0351474 0.150214 0.0991248 
0.0334343 0.230005 0.0809538 0.137133 0.0495205 0.0915652 0.0484626 0.0847663 0.0995757 0.144583 
0.280428 0.0393552 0.0815052 0.0964395 0.0396003 0.136401 0.0532789 0.0659854 0.0990122 0.107995 
0.0678711 0.068543 0.0542627 0.0701109 0.124886 0.298529 0.0493429 0.0396901 0.130813 0.0959506 
0.0554945 0.16638 0.122734 0.103629 0.0541062 0.113146 0.11211 0.0748765 0.0988776 0.0986471 
0.0246253 0.0587953 0.0982836 0.194216 0.0928027 0.0826775 0.0270916 0.146885 0.138929 0.135694 
0.0289464 0.173386 0.0911869 0.156525 0.067923 0.110126 0.0582213 0.0987103 0.0901895 0.124786 
0.0861865 0.0426234 0.0888531 0.10588 0.0514525 0.335244 0.0587899 0.0198 0.123449 0.0877213 
0.234005 0.0260772 0.107457 0.132459 0.032171 0.151588 0.0503192 0.0480125 0.178905 0.0390071 
0.103717 0.0518914 0.12809 0.0461825 0.0948643 0.0666183 0.206989 0.0619244 0.0967155 0.143008 
0.0653789 0.166323 0.127384 0.125114 0.0932174 0.0709824 0.0849798 0.0702511 0.122372 0.0739969 
0.0947239 0.113279 0.0948628 0.069837 0.063143 0.119625 0.123548 0.0376815 0.175768 0.107532 
0.101889 0.0284129 0.0319095 0.103159 0.0983574 0.338551 0.0354699 0.0511755 0.109659 0.101417 
0.0563788 0.156251 0.0962476 0.123724 0.0718719 0.121771 0.0773315 0.0937209 0.0924352 0.110269 
0.0332784 0.0717301 0.0496416 0.0959888 0.108806 0.0983283 0.0497339 0.203087 0.104243 0.185164 
0.0528555 0.0702316 0.0640324 0.0831582 0.205323 0.100414 0.0485736 0.10476 0.114825 0.155827 
0.0497419 0.0258991 0.0970612 0.0879179 0.254417 0.0710084 0.0996663 0.0820249 0.130029 0.102234 
0.0742663 0.054799 0.126493 0.0644065 0.0991787 0.0975514 0.209807 0.0582076 0.11667 0.0986197 
0.0723528 0.0376098 0.115999 0.141051 0.0729936 0.106501 0.0270521 0.200818 0.132597 0.0930265 
0.041361 0.0899719 0.251859 0.220824 0.021946 0.0979302 0.141128 0.0173664 0.0869072 0.0307063 
0.0993873 0.0481948 0.122181 0.0792867 0.0844053 0.222862 0.059431 0.0324391 0.133269 0.118544 
0.233704 0.0394625 0.0804046 0.076281 0.0532768 0.203207 0.075502 0.0561058 0.0988843 0.0831722 
0.101696 0.0908349 0.10563 0.0962235 0.0733673 0.105381 0.143248 0.10229 0.0819084 0.0994212 
0.0765001 0.0309494 0.103655 0.109614 0.110798 0.225295 0.0324838 0.0353791 0.177656 0.0976687 
0.094148 0.0654609 0.130352 0.0749454 0.0678628 0.168315 0.174023 0.0414633 0.105226 0.0782036 
0.101451 0.0525714 0.0608702 0.204889 0.0743255 0.15637 0.0365398 0.109375 0.0989042 0.104704 
0.0302101 0.0355264 0.0746959 0.180255 0.0699552 0.098885 0.020723 0.276122 0.0786754 0.134952 
0.0551693 0.100328 0.304367 0.163611 0.0169561 0.119989 0.0995492 0.020809 0.0745637 0.0446581 
0.179057 0.0359426 0.198875 0.111693 0.043657 0.113683 0.055873 0.0429856 0.151063 0.0671704 
0.076669 0.0989338 0.140308 0.102886 0.0667097 0.159182 0.0384437 0.0476508 0.146803 0.122414 
0.0543406 0.0606616 0.117229 0.1297 0.0942309 0.105707 0.0512567 0.0551266 0.183949 0.147799 
0.0663298 0.035402 0.070866 0.0636533 0.108917 0.348912 0.0645362 0.0405117 0.120576 0.0802964 
0.0446019 0.0720369 0.0676779 0.114322 0.166607 0.111382 0.0539201 0.125005 0.0748453 0.169601 
0.0427632 0.174576 0.107275 0.130906 0.0601443 0.102157 0.0753636 0.0925766 0.104484 0.109754 
0.0320955 0.198625 0.0964926 0.118136 0.0702142 0.103315 0.0886308 0.0718801 0.102615 0.117995 
0.0992923 0.0468368 0.0812708 0.0689532 0.169271 0.133765 0.0846281 0.0780426 0.109356 0.128585 
0.175905 0.00969142 0.198313 0.0407807 0.0357892 0.287081 0.0965696 0.0101498 0.122199 0.0235217 
0.0448292 0.072322 0.0942888 0.186572 0.0690816 0.0388953 0.0559041 0.256028 0.0828094 0.0992701 
0.0610175 0.0594722 0.0801507 0.181061 0.0511156 0.233285 0.0613785 0.0501139 0.10732 0.115085 
0.0613429 0.0447381 0.0627653 0.149526 0.0719078 0.105791 0.0424074 0.19692 0.111392 0.153209 
0.0925265 0.0576281 0.104159 0.0477331 0.0794019 0.106938 0.305704 0.062237 0.095092 0.0485801 
0.0458603 0.188828 0.10198 0.13104 0.0536152 0.109767 0.0802208 0.0804387 0.104856 0.103394 
0.142991 0.0825041 0.0588763 0.103095 0.0516238 0.169951 0.13136 0.0786775 0.0796177 0.101304 
0.0621646 0.0667839 0.168893 0.101053 0.0828357 0.0913069 0.0626281 0.116347 0.123974 0.124013 
0.0784225 0.170906 0.114802 0.126538 0.0770057 0.0867452 0.0607725 0.0818984 0.103764 0.0991447 
0.019925 0.0828397 0.0379768 0.132213 0.134923 0.114131 0.0410397 0.182252 0.0950691 0.15963 
0.16054 0.0188198 0.340113 0.100451 0.055561 0.075021 0.0710625 0.0511484 0.0697436 0.0575392 
0.125021 0.0374395 0.111537 0.0920188 0.0826038 0.231512 0.0557148 0.0619113 0.136102 0.06614 
0.0787179 0.0690948 0.112785 0.0791391 0.0936307 0.123429 0.185908 0.0735236 0.0971984 0.086573 
0.0384148 0.181764 0.101962 0.133529 0.0605667 0.0909082 0.0708825 0.104149 0.100255 0.11757 
0.0913175 0.0556027 0.0670088 0.0571933 0.145291 0.0974192 0.0720778 0.139466 0.0985065 0.176117 
0.0784841 0.0475918 0.0661707 0.101698 0.066555 0.279589 0.0829765 0.0301931 0.14907 0.0976717 
0.102275 0.0826397 0.267404 0.14218 0.0599555 0.0700584 0.0868511 0.0477707 0.075224 0.065641 
0.0709169 0.0484778 0.0978024 0.155288 0.0719691 0.241419 0.0694715 0.0352898 0.13134 0.0780258 
0.0518849 0.0293356 0.0746318 0.0686648 0.229314 0.108324 0.088724 0.0707226 0.121882 0.156517 
0.0916841 0.0330858 0.0740099 0.0682085 0.305526 0.0534031 0.109821 0.0909552 0.0745981 0.0987087 
0.328639 0.0277058 0.169514 0.0658676 0.0442026 0.124121 0.0596293 0.0517396 0.0879499 0.0406312 
0.0476389 0.103959 0.122008 0.129303 0.0692048 0.131408 0.0547866 0.0642344 0.16905 0.108407 
0.10789 0.0327445 0.117684 0.211931 0.0647387 0.271893 0.0370333 0.0405615 0.071748 0.0437769 
0.106706 0.0588979 0.102895 0.0703141 0.111728 0.124862 0.0757572 0.107845 0.105965 0.13503 
0.089318 0.133144 0.139002 0.159584 0.0613285 0.119762 0.056803 0.0751971 0.0996955 0.0661665 
0.0768623 0.0291976 0.0997744 0.061484 0.249164 0.0735076 0.0453383 0.0604771 0.0985617 0.205633 
0.174974 0.0462903 0.0607564 0.0699187 0.0506251 0.19317 0.0949334 0.0419874 0.145182 0.122163 
0.285805 0.0278469 0.117255 0.0612802 0.0419885 0.158641 0.0256613 0.0776714 0.0863158 0.117535 
0.107329 0.0968763 0.123696 0.202415 0.0285058 0.132108 0.0578154 0.0588039 0.116647 0.075804 
0.0372491 0.172518 0.0967745 0.135348 0.0720724 0.130955 0.0697545 0.0683933 0.113418 0.103517 
0.052217 0.0307449 0.0429649 0.132884 0.0540352 0.0859922 0.0226256 0.359554 0.0883281 0.130654 
0.0482957 0.115141 0.101038 0.105449 0.0719814 0.0947584 0.0472677 0.165256 0.0905923 0.160221 
0.0405975 0.0290573 0.0276828 0.191343 0.0515093 0.296059 0.0114123 0.120673 0.121821 0.109845 
0.0511203 0.0134144 0.0273737 0.0844726 0.046069 0.100449 0.0104877 0.448015 0.0946244 0.123973 
0.0415917 0.0996277 0.107683 0.0773749 0.13526 0.0868491 0.0739952 0.0878395 0.0921484 0.197631 
0.0479368 0.0382482 0.0365147 0.101914 0.0996849 0.117498 0.0338418 0.286054 0.101562 0.136745 
0.0382433 0.225029 0.0946666 0.112171 0.0593248 0.110378 0.0915696 0.0745147 0.101776 0.0923275 
