0.0534843 0.0200462 0.10208 0.15358 0.0540679 0.137294 0.0422261 0.232495 0.0936226 0.111104 
0.0776383 0.0540974 0.178719 0.224076 0.00985341 0.224254 0.104326 0.00838805 0.0962363 0.0224107 
0.0319963 0.194786 0.112668 0.112631 0.0756692 0.112744 0.0827031 0.0999337 0.0928415 0.0840262 
0.265049 0.013989 0.101337 0.110125 0.0417429 0.153141 0.0646749 0.0718368 0.0803031 0.097801 
0.0653073 0.0288538 0.0966931 0.0666227 0.169535 0.0853719 0.0834033 0.133091 0.0987578 0.172365 
0.0222891 0.22223 0.110122 0.115662 0.0678813 0.0991932 0.0574026 0.103952 0.101446 0.0998202 
0.0322928 0.0454846 0.0406147 0.0771161 0.189876 0.17121 0.0850091 0.119109 0.102039 0.137248 
0.0169447 0.131441 0.0901411 0.098071 0.0846875 0.159354 0.0623728 0.100688 0.089039 0.167261 
0.107728 0.0539494 0.0632327 0.0388336 0.177696 0.110051 0.232768 0.0474832 0.102584 0.0656747 
0.0214531 0.0196345 0.04376 0.0494261 0.131843 0.108273 0.0408911 0.19267 0.173851 0.218197 
0.28321 0.0261165 0.109969 0.0882938 0.0317998 0.178383 0.0623247 0.0508267 0.107196 0.0618809 
0.0778994 0.0526146 0.11259 0.12598 0.0914848 0.12275 0.14217 0.0622494 0.127034 0.0852275 
0.0287401 0.0497847 0.0696348 0.0989676 0.125186 0.155298 0.0526764 0.130819 0.0997673 0.189127 
0.270992 0.0171857 0.0819348 0.0852138 0.0591851 0.156982 0.0504502 0.0658909 0.106726 0.10544 
0.020409 0.250185 0.116114 0.128853 0.0420355 0.0954002 0.0634451 0.0715087 0.117617 0.0944333 
0.0602051 0.0637541 0.0791974 0.149661 0.0593248 0.28557 0.0595131 0.0703152 0.115403 0.0570557 
0.0582639 0.032283 0.074819 0.0678513 0.131257 0.100253 0.0560422 0.162197 0.103405 0.213628 
0.0645482 0.00852672 0.0785168 0.202942 0.0437684 0.10975 0.0313062 0.307311 0.0736837 0.0796469 
0.0262516 0.0408246 0.0968479 0.298896 0.0446954 0.209553 0.0503386 0.0604302 0.129271 0.0428915 
0.0460068 0.0507864 0.0823064 0.0815786 0.226746 0.102033 0.0826958 0.0945439 0.0849167 0.148386 
0.0245209 0.0505972 0.0386614 0.115983 0.117514 0.142567 0.0218954 0.158714 0.0986203 0.230926 
0.0609583 0.0473597 0.0882789 0.129268 0.0767589 0.213399 0.14621 0.0528049 0.0995039 0.085458 
0.0319334 0.0695384 0.108177 0.100765 0.14549 0.0835694 0.184776 0.132005 0.0597303 0.084015 
0.0658981 0.0555672 0.0678179 0.0772502 0.0915492 0.269525 0.158853 0.0510077 0.0985172 0.0640144 
0.0505129 0.0775107 0.0826487 0.0825667 0.176857 0.106158 0.071346 0.128062 0.0727695 0.151569 
0.476345 0.00358816 0.0574221 0.0204371 0.0373278 0.165496 0.0866655 0.0500581 0.0634115 0.0392481 
0.0508227 0.0252762 0.0592032 0.10651 0.0731437 0.165567 0.0302273 0.216363 0.0787626 0.194124 
0.0334546 0.0317303 0.0942973 0.0610399 0.21942 0.1166 0.0818646 0.0935861 0.0829513 0.185055 
0.308942 0.0132657 0.0797359 0.121889 0.0315216 0.152584 0.037639 0.0624396 0.087233 0.104751 
0.0253814 0.162402 0.106113 0.119455 0.0693858 0.144707 0.114475 0.0656538 0.0951353 0.0972907 
0.0384487 0.041416 0.0457922 0.225157 0.0348604 0.198843 0.0332562 0.162382 0.0857138 0.134132 
0.0308039 0.157982 0.103683 0.11168 0.0685953 0.113775 0.0878788 0.114845 0.0897161 0.12104 
0.0519679 0.0532279 0.0600756 0.249473 0.0526341 0.258982 0.0484513 0.0503268 0.0868871 0.0879741 
0.209501 0.0189692 0.0671227 0.0356533 0.118526 0.155751 0.190624 0.0481451 0.090076 0.0656316 
0.0303361 0.0491496 0.0894058 0.125636 0.0586332 0.108367 0.0317196 0.243471 0.119334 0.143947 
0.043987 0.0819016 0.239353 0.120012 0.0175623 0.156201 0.0949695 0.030454 0.169758 0.0458018 
0.0441549 0.025271 0.117338 0.190837 0.051863 0.121633 0.0300209 0.181874 0.116345 0.120664 
0.0194252 0.208586 0.095719 0.106693 0.059945 0.133312 0.0808128 0.0977567 0.0926037 0.105147 
0.10946 0.0904867 0.165159 0.157143 0.0129391 0.177867 0.0638389 0.0506076 0.128146 0.0443522 
0.0231651 0.21497 0.0881377 0.147813 0.0509778 0.11479 0.064901 0.0626672 0.140084 0.0924943 
0.0496861 0.169473 0.105806 0.112738 0.0623115 0.109653 0.10154 0.101709 0.0831363 0.103948 
0.0399961 0.0767934 0.07553 0.119267 0.0894012 0.141484 0.0558732 0.191983 0.0835332 0.126138 
0.0137506 0.08255 0.0640682 0.074699 0.224631 0.097313 0.058791 0.122844 0.103314 0.15804 
0.0747112 0.110904 0.127893 0.123382 0.0618441 0.154803 0.0667147 0.0603354 0.151991 0.0674222 
0.038644 0.0727314 0.121451 0.201383 0.0543981 0.169819 0.0843347 0.0745358 0.0904524 0.092251 
0.0792838 0.0442684 0.0571723 0.139912 0.0632341 0.248578 0.0687589 0.056114 0.112073 0.130606 
0.00859965 0.165413 0.106991 0.136121 0.0736249 0.152986 0.0827613 0.0702754 0.0929912 0.110237 
0.0351041 0.129653 0.179533 0.111179 0.0732844 0.135422 0.141045 0.0417582 0.0788344 0.0741861 
0.0141184 0.0285368 0.0305228 0.0718788 0.280641 0.147329 0.0395225 0.0780471 0.114767 0.194636 
0.0458414 0.0304367 0.0867564 0.0578991 0.231552 0.083977 0.080533 0.112975 0.114617 0.155413 
0.121488 0.0422083 0.0815796 0.121122 0.0604406 0.192197 0.193124 0.0524104 0.0789356 0.0564943 
0.052943 0.06566 0.0766927 0.35455 0.0423421 0.163372 0.0422822 0.0735938 0.0809911 0.0475729 
0.088007 0.044941 0.0832721 0.117603 0.099933 0.177629 0.08131 0.07343 0.11407 0.119805 
0.0761695 0.0761388 0.0722705 0.119245 0.0996694 0.22321 0.0881388 0.0532984 0.10864 0.0832191 
0.0500444 0.0544128 0.24363 0.057907 0.0466329 0.0705838 0.328352 0.0323267 0.0887243 0.0273863 
0.239794 0.0169982 0.0650289 0.0839545 0.0578452 0.214074 0.0670259 0.0483409 0.100736 0.106203 
0.0552856 0.0170338 0.0831721 0.0670866 0.268467 0.100599 0.0852471 0.0976223 0.0893025 0.136185 
0.0347517 0.177892 0.108077 0.113435 0.0619979 0.108161 0.0618704 0.120449 0.111704 0.101663 
0.0290077 0.0221344 0.0532246 0.0655955 0.163529 0.103875 0.0507334 0.164971 0.0877071 0.259223 
0.0956392 0.0844224 0.0824788 0.090234 0.0963512 0.160448 0.0830655 0.0988439 0.124918 0.083599 
0.0190597 0.0251788 0.0633214 0.22436 0.0572356 0.0920073 0.0196665 0.391188 0.0368052 0.0711775 
0.0575876 0.0433973 0.146213 0.0585859 0.0530416 0.133938 0.0668773 0.0509417 0.253819 0.135599 
0.0399999 0.0736657 0.0900011 0.0665012 0.138253 0.140794 0.0967286 0.0829669 0.122078 0.149011 
0.034768 0.0991403 0.172549 0.144523 0.0489929 0.13243 0.0610503 0.0515552 0.133572 0.121419 
0.0273843 0.0176444 0.0866142 0.154409 0.0637314 0.0874138 0.022733 0.335725 0.112025 0.0923196 
0.0373038 0.0806195 0.0745022 0.0912764 0.180893 0.136628 0.0969113 0.0793881 0.0957651 0.126712 
0.0547251 0.0402638 0.142271 0.128328 0.0871106 0.102841 0.129718 0.125316 0.0938477 0.0955785 
0.0551479 0.0425845 0.0831088 0.0355038 0.275288 0.0534256 0.0797098 0.133282 0.0740977 0.167852 
0.0305316 0.0518137 0.0764945 0.240549 0.0736843 0.199451 0.0326284 0.0860516 0.0966269 0.112169 
0.386777 0.0329348 0.0860927 0.0457407 0.0186776 0.187477 0.0716865 0.0749953 0.0671059 0.0285125 
0.0670469 0.00919208 0.094103 0.16406 0.0531972 0.0685804 0.0294431 0.37263 0.0687707 0.0729771 
0.43517 0.0137996 0.0880471 0.0542899 0.0168992 0.163822 0.0628007 0.0323092 0.0868053 0.0460576 
0.128352 0.0279039 0.199061 0.221724 0.0233573 0.143296 0.06455 0.0280828 0.114509 0.0491647 
0.0134037 0.077977 0.0671168 0.129869 0.0263241 0.114313 0.0257338 0.178216 0.160247 0.206799 
0.0220301 0.194092 0.108564 0.106713 0.0566215 0.137888 0.0830233 0.0697178 0.120965 0.100386 
0.00932521 0.0845135 0.0769246 0.122662 0.0847095 0.108171 0.0385321 0.249689 0.104888 0.120586 
0.0779322 0.0989523 0.0874627 0.187526 0.0544175 0.177631 0.0493765 0.0622161 0.104162 0.100324 
0.0303608 0.0855818 0.104818 0.09871 0.108553 0.142746 0.083317 0.107174 0.103158 0.13558 
0.0140269 0.107461 0.0554206 0.143 0.0990481 0.153521 0.0448198 0.11403 0.113854 0.154818 
0.012836 0.013461 0.0449843 0.0863074 0.0346407 0.116128 0.0190627 0.341665 0.18145 0.149465 
0.0322887 0.0710561 0.0586105 0.117328 0.108251 0.143876 0.0446717 0.181621 0.0910486 0.151249 
0.069468 0.0404375 0.120238 0.0932007 0.0970034 0.179346 0.155996 0.0589787 0.101704 0.0836279 
0.0359046 0.0666524 0.385086 0.12179 0.0277637 0.0992479 0.0671177 0.0194742 0.129747 0.047216 
0.0437419 0.0369359 0.0534448 0.0922245 0.0951489 0.136933 0.0335485 0.279358 0.0740264 0.154638 
0.0492254 0.0940878 0.0745133 0.0716864 0.106188 0.233318 0.0830736 0.0533975 0.168044 0.0664665 
0.0232699 0.0259088 0.0414604 0.0535607 0.286357 0.0920062 0.0662063 0.0810404 0.0867564 0.243434 
0.0127917 0.0706757 0.0995074 0.120428 0.0563807 0.122521 0.0337038 0.256297 0.106445 0.121249 
0.0479444 0.0200307 0.0463033 0.184749 0.0937251 0.22134 0.0779389 0.181791 0.0538361 0.0723421 
0.0526049 0.0333699 0.112347 0.0887279 0.101884 0.122527 0.303471 0.0442761 0.0640824 0.0767104 
0.0194795 0.269574 0.114873 0.106506 0.0696681 0.101373 0.0795435 0.0633894 0.111056 0.0645374 
0.0720538 0.0717314 0.0625169 0.215423 0.0307853 0.190058 0.0215889 0.0977428 0.101385 0.136715 
0.0236929 0.0596111 0.128186 0.088081 0.0838391 0.133295 0.243117 0.0477103 0.103646 0.0888209 
0.0323829 0.0938022 0.0787048 0.0825154 0.122004 0.137285 0.0726281 0.125419 0.118735 0.136523 
0.0332792 0.0480585 0.0544345 0.27016 0.0322573 0.197371 0.0223929 0.116986 0.101003 0.124058 
0.00651154 0.242146 0.10446 0.121441 0.0606365 0.129951 0.083381 0.0573166 0.112221 0.0819352 
0.0226713 0.0351498 0.0585921 0.0362259 0.306548 0.0745918 0.0874227 0.0884743 0.0932852 0.197039 
0.0241256 0.149772 0.094315 0.108863 0.0825544 0.135069 0.0864301 0.0974591 0.0927414 0.12867 
0.0161882 0.0785438 0.125934 0.141412 0.0704416 0.169174 0.0669612 0.149422 0.0865785 0.0953443 
0.11001 0.04668 0.11952 0.0883537 0.0501365 0.188957 0.255125 0.0239475 0.0890529 0.0282175 
0.0161031 0.0363702 0.0610857 0.063675 0.129913 0.0930245 0.0305664 0.17313 0.108554 0.287578 
0.0676109 0.07751 0.124282 0.133569 0.0700019 0.0898681 0.178058 0.0783239 0.098074 0.0827013 
0.273997 0.0327909 0.106957 0.0848922 0.0504289 0.152229 0.0538046 0.0499287 0.103091 0.0918813 
0.0400878 0.0166875 0.0214426 0.116668 0.0530723 0.333902 0.0419069 0.0982973 0.1471 0.130836 
0.056262 0.0368708 0.0827432 0.0609177 0.271958 0.103622 0.0659437 0.115726 0.0800315 0.125925 
0.0603831 0.0633235 0.0756664 0.0733068 0.131851 0.156609 0.0575802 0.107937 0.092256 0.181087 
0.0517001 0.0433693 0.0699963 0.0689453 0.158427 0.122188 0.0700938 0.126049 0.0954658 0.193765 
0.120963 0.026726 0.256316 0.13909 0.0269756 0.107187 0.0667306 0.0507456 0.11774 0.0875266 
0.0674776 0.176957 0.109508 0.131375 0.0456201 0.128209 0.067161 0.0623182 0.129939 0.0814356 
0.0264154 0.051099 0.0330356 0.0914857 0.146346 0.183275 0.042591 0.106429 0.113119 0.206203 
0.0483781 0.0492253 0.0815716 0.0745006 0.216139 0.0901096 0.0958802 0.124977 0.0943427 0.124876 
0.0419 0.123107 0.124534 0.145085 0.0352428 0.176418 0.0472049 0.0435058 0.167991 0.0950119 
0.0126216 0.17295 0.0920769 0.126441 0.0546518 0.115922 0.0391415 0.155817 0.109651 0.120729 
0.0768717 0.0716768 0.0778779 0.181675 0.0584302 0.200126 0.0642779 0.0697753 0.105311 0.0939781 
0.0203497 0.081074 0.0778293 0.0874204 0.144927 0.0832244 0.0505812 0.13178 0.102283 0.220531 
0.0142013 0.095953 0.111778 0.0886159 0.0985205 0.0985502 0.0563312 0.188553 0.0990846 0.148413 
0.0276164 0.100973 0.0763594 0.0801788 0.163688 0.123223 0.105745 0.0755408 0.128497 0.118178 
0.0172899 0.0728231 0.0803066 0.0876796 0.161185 0.11369 0.079571 0.12864 0.0977955 0.161018 
0.0328175 0.0219251 0.0770735 0.0701557 0.321147 0.0768012 0.0730868 0.0656866 0.112404 0.148903 
0.0419881 0.0749987 0.0741995 0.0825151 0.163293 0.114617 0.0727284 0.111707 0.108597 0.155356 
0.0525475 0.0320256 0.153585 0.0657487 0.0694463 0.179827 0.076123 0.11728 0.145727 0.10769 
0.0375485 0.0278724 0.0617694 0.160615 0.0601959 0.323837 0.0730177 0.0442188 0.112726 0.0981989 
0.0474283 0.0307423 0.129046 0.0569803 0.153788 0.103376 0.0985427 0.0908666 0.153516 0.135713 
0.0278029 0.0720315 0.0839698 0.129833 0.0897357 0.112626 0.0717131 0.217391 0.0820351 0.112863 
0.0338926 0.0720608 0.110434 0.0913386 0.098491 0.123906 0.212776 0.0657832 0.0916291 0.0996893 
0.0183154 0.0223831 0.0234411 0.100321 0.224083 0.0723465 0.0307544 0.242437 0.0996058 0.166313 
0.0233448 0.0948431 0.106254 0.110215 0.138144 0.0922264 0.0444932 0.0843583 0.123669 0.182452 
0.182631 0.0162273 0.157723 0.174923 0.0311075 0.119965 0.0386892 0.107179 0.0887242 0.0828302 
0.062891 0.0669266 0.0598408 0.0667896 0.0904717 0.318747 0.0783846 0.0546296 0.130763 0.0705562 
0.013202 0.0532377 0.0660905 0.111674 0.050237 0.248966 0.0323736 0.0713687 0.235299 0.117552 
0.0902958 0.0569697 0.071669 0.110433 0.0708566 0.255896 0.0664212 0.0674722 0.119982 0.0900042 
0.0312543 0.0283709 0.0806105 0.0724349 0.116367 0.188892 0.248478 0.0613968 0.0912956 0.0809002 
0.0477192 0.0250346 0.115219 0.071778 0.0764053 0.232983 0.242894 0.037205 0.100299 0.0504634 
0.0538525 0.0380192 0.0718786 0.160126 0.0294221 0.347406 0.0868728 0.029752 0.122998 0.0596732 
0.0310719 0.0382941 0.181695 0.0892601 0.0845824 0.0497211 0.0479912 0.267042 0.0895947 0.120748 
0.033728 0.105694 0.0898304 0.106683 0.0550043 0.195521 0.0650711 0.0509109 0.166428 0.131129 
0.0191427 0.246992 0.100873 0.139948 0.0468711 0.101607 0.0599382 0.0678306 0.132411 0.0843867 
0.210691 0.0196736 0.0931881 0.0956262 0.0584677 0.187199 0.0858573 0.0460936 0.107943 0.0952608 
0.0257474 0.237995 0.119556 0.117951 0.0381186 0.119519 0.0696396 0.0637423 0.140022 0.0677096 
0.0532581 0.0418328 0.103228 0.0865556 0.0817201 0.158341 0.247184 0.075372 0.0697703 0.0827384 
0.0289809 0.0268474 0.0885548 0.0533808 0.174656 0.0865425 0.100681 0.116656 0.142405 0.181294 
0.0789527 0.0609723 0.139773 0.0865318 0.0783755 0.169168 0.162175 0.0506969 0.105206 0.0681493 
0.0348264 0.0313051 0.10899 0.108382 0.0380506 0.0602523 0.0278985 0.479149 0.0431085 0.068037 
0.0296835 0.0581706 0.116979 0.217993 0.0702812 0.113085 0.0331693 0.138255 0.116173 0.10621 
0.0264293 0.21876 0.1146 0.118977 0.0515321 0.108933 0.0755076 0.0955965 0.104204 0.0854608 
0.0175273 0.0543681 0.104905 0.0868087 0.0910771 0.111919 0.0434772 0.185646 0.132201 0.172071 
0.0347628 0.17925 0.107445 0.111127 0.0538767 0.127966 0.0985595 0.0801703 0.106212 0.10063 
0.0409717 0.0646906 0.0918267 0.0896216 0.088233 0.165352 0.0679812 0.0766838 0.174921 0.139718 
0.041391 0.0369863 0.337483 0.135072 0.036815 0.110495 0.118053 0.0196395 0.100032 0.064034 
0.247481 0.0278787 0.0897541 0.0971594 0.0560716 0.175963 0.0915803 0.0386384 0.101676 0.0737981 
0.0429763 0.0999325 0.0741148 0.0731389 0.106322 0.131266 0.0711707 0.07713 0.0988104 0.225139 
0.036881 0.0462082 0.0764008 0.0761425 0.151383 0.137394 0.0677128 0.101963 0.0930182 0.212896 
0.0508915 0.041049 0.114533 0.110382 0.10785 0.153477 0.0248716 0.107735 0.131247 0.157963 
0.0910916 0.0600781 0.0589 0.0632633 0.118583 0.2649 0.0739153 0.0690664 0.123628 0.0765749 
0.0685054 0.0752852 0.0868897 0.129459 0.0471544 0.205939 0.0479952 0.0684843 0.126223 0.144065 
0.0258422 0.201995 0.0899565 0.114618 0.0749555 0.0962792 0.0929077 0.110563 0.082571 0.110312 
0.0510317 0.0660617 0.057463 0.0624309 0.108513 0.312752 0.104949 0.0503025 0.132428 0.0540673 
0.0562431 0.0285819 0.0949355 0.0742458 0.1466 0.170817 0.248019 0.054324 0.0467401 0.079493 
0.21881 0.0249041 0.100007 0.0869168 0.0581278 0.14506 0.095768 0.0771864 0.0942086 0.099011 
0.0764475 0.0621167 0.119899 0.280147 0.0450733 0.109117 0.0646987 0.132197 0.0486791 0.0616245 
0.0293556 0.116495 0.0812241 0.0958273 0.142587 0.127518 0.0895906 0.113285 0.0859056 0.118211 
0.0111548 0.0715482 0.0709676 0.0695916 0.278317 0.104152 0.0725123 0.0832211 0.112211 0.126324 
0.106649 0.0307399 0.0907341 0.098488 0.0638348 0.238458 0.225731 0.0444047 0.0583027 0.042658 
0.0764422 0.0338439 0.0405549 0.0945536 0.0485476 0.40445 0.0459328 0.0363807 0.14438 0.0749147 
0.0252481 0.0177039 0.0640237 0.0605278 0.31607 0.0609566 0.0587919 0.14819 0.0780261 0.170462 
0.0334302 0.056746 0.103143 0.0708489 0.165302 0.101519 0.227152 0.0773378 0.0707704 0.0937508 
0.0686398 0.0361214 0.0551495 0.167282 0.0473677 0.313931 0.0760014 0.0430884 0.117081 0.0753376 
0.0481264 0.0539028 0.117148 0.0483252 0.162994 0.0959244 0.0783402 0.121999 0.115987 0.157254 
0.0775966 0.0712949 0.0727525 0.0916257 0.0814813 0.258459 0.0709457 0.109447 0.0903701 0.0760269 
0.026466 0.238482 0.103122 0.120038 0.0448737 0.121932 0.0820626 0.0687333 0.102438 0.0918506 
0.0448417 0.041667 0.0519343 0.0749091 0.243886 0.134202 0.0680723 0.089784 0.0809489 0.169755 
0.0275547 0.0811615 0.0749147 0.09475 0.194901 0.140044 0.0726116 0.0809523 0.0889122 0.144198 
0.0124712 0.0593603 0.126387 0.132718 0.0133122 0.0625466 0.0228344 0.268693 0.149879 0.151798 
0.116693 0.126196 0.192631 0.164142 0.0100381 0.1936 0.0315271 0.0107989 0.124819 0.0295543 
0.103303 0.0580428 0.0638257 0.227881 0.0609984 0.180757 0.0525405 0.0668465 0.0936429 0.0921628 
0.0380397 0.109711 0.179435 0.111269 0.0765307 0.100245 0.0739228 0.0452815 0.171477 0.0940902 
0.0421828 0.102298 0.0901626 0.123102 0.0835139 0.11321 0.0699583 0.162709 0.0882746 0.124588 
0.0446754 0.193408 0.110359 0.112263 0.055931 0.126774 0.0786839 0.0881017 0.0965268 0.0932773 
0.0245784 0.0536373 0.108579 0.111479 0.113041 0.16836 0.0768094 0.0799114 0.138019 0.125585 
0.0257124 0.22223 0.0868104 0.130167 0.0620663 0.116617 0.0637816 0.105118 0.0908782 0.0966195 
0.029565 0.128491 0.131999 0.0972027 0.0343321 0.223019 0.0511195 0.0314193 0.208765 0.0640876 
0.0277622 0.208358 0.085935 0.130269 0.0630274 0.106072 0.0704647 0.125186 0.0823977 0.100528 
0.0213261 0.0937278 0.115072 0.144643 0.054407 0.182174 0.103942 0.0420893 0.170387 0.0722315 
0.0470476 0.0812965 0.083012 0.11266 0.105309 0.208742 0.0768406 0.0682115 0.117679 0.0992023 
0.505621 0.0122962 0.0735177 0.0440369 0.0159324 0.158791 0.0645582 0.04407 0.0466082 0.0345689 
0.0513867 0.0677587 0.083117 0.155409 0.0923786 0.146398 0.0875415 0.0690204 0.140062 0.106928 
0.0332371 0.0326367 0.0698895 0.0555167 0.176103 0.0851621 0.0847334 0.119335 0.108206 0.235181 
0.0389609 0.110924 0.222173 0.228981 0.00942539 0.141874 0.0493443 0.0178689 0.139117 0.041331 
0.0626628 0.0497398 0.076911 0.155191 0.0516014 0.266514 0.035155 0.0435265 0.126401 0.132297 
0.531632 0.0129257 0.052007 0.0369792 0.00967703 0.198386 0.0268126 0.0453195 0.0548953 0.031366 
0.0433809 0.148644 0.115861 0.117514 0.0698167 0.115226 0.102788 0.0805414 0.0938149 0.112413 
0.018222 0.260331 0.0974891 0.112402 0.0617969 0.0890853 0.0558655 0.086977 0.119957 0.0978738 
0.0210115 0.136958 0.0921703 0.109906 0.0942257 0.168243 0.100295 0.0668329 0.100383 0.109975 
0.229716 0.0214251 0.112702 0.106516 0.0384705 0.179441 0.057204 0.0658837 0.109338 0.0793041 
0.0170446 0.0512379 0.0773213 0.131078 0.138566 0.139207 0.0676141 0.12236 0.0971036 0.158467 
0.204057 0.0117877 0.0890237 0.117697 0.0365801 0.197361 0.038222 0.0913929 0.0913351 0.122544 
0.0393149 0.113901 0.10991 0.105617 0.0907002 0.156256 0.0751498 0.0622306 0.12992 0.117 
0.0172441 0.210734 0.114329 0.119563 0.0460765 0.118995 0.0908407 0.0524012 0.145657 0.0841603 
0.0452295 0.0571495 0.106784 0.081002 0.0644119 0.192902 0.239411 0.0226748 0.143687 0.0467478 
0.0214648 0.0592177 0.0719076 0.0809601 0.192025 0.145361 0.0606121 0.118129 0.0981063 0.152216 
0.0209202 0.076498 0.263469 0.14423 0.0210073 0.105897 0.0543048 0.0673362 0.153079 0.0932583 
0.0333002 0.0220978 0.106959 0.365896 0.0144243 0.258191 0.0266456 0.0190944 0.0980445 0.0553474 
0.168584 0.024596 0.112415 0.0368914 0.048311 0.0653238 0.344717 0.0741123 0.0611284 0.0639208 
0.0334178 0.204689 0.140512 0.108647 0.0608204 0.102217 0.0592672 0.0913093 0.120981 0.0781391 
0.0404272 0.182352 0.0820579 0.117209 0.0629829 0.115153 0.0883702 0.117773 0.0870023 0.106672 
0.0345212 0.18993 0.11161 0.112291 0.0745944 0.106991 0.0822185 0.103182 0.0940679 0.0905947 
0.0617497 0.0662629 0.0658745 0.194462 0.069023 0.171062 0.0616715 0.115323 0.0921253 0.102446 
0.0160485 0.0479019 0.0313554 0.0619891 0.131856 0.189242 0.041783 0.123822 0.130364 0.225638 
0.0959644 0.0377325 0.0492759 0.146155 0.0822702 0.280395 0.0416073 0.0754322 0.0968299 0.0943372 
0.0489347 0.1156 0.288348 0.0830561 0.0508172 0.0899794 0.108897 0.0347958 0.115715 0.0638563 
0.0154956 0.0720549 0.0235642 0.0803691 0.135909 0.198941 0.0273472 0.142233 0.103668 0.200418 
0.0735583 0.0229952 0.0534719 0.0772368 0.149725 0.132356 0.0964995 0.137019 0.0881639 0.168975 
0.0731162 0.0618112 0.063344 0.121534 0.0718135 0.163894 0.0569317 0.143714 0.125075 0.118767 
0.0154475 0.0804195 0.0453703 0.0882472 0.105098 0.163996 0.0417184 0.182991 0.0792298 0.197483 
0.0508669 0.127032 0.0940284 0.156862 0.0811239 0.126231 0.0407114 0.101168 0.0950051 0.126972 
0.0116749 0.0736701 0.0614383 0.105054 0.163857 0.121424 0.0455562 0.11461 0.100096 0.20262 
0.17311 0.0151641 0.0920063 0.102509 0.0641505 0.188471 0.0518566 0.0630713 0.104268 0.145393 
0.02518 0.0476117 0.0858937 0.222352 0.0356084 0.147231 0.0269832 0.171704 0.0873778 0.150058 
0.0803204 0.11323 0.0737472 0.0743854 0.0738405 0.247524 0.142356 0.02685 0.132097 0.0356498 
0.0531512 0.0611528 0.0708574 0.119817 0.0538217 0.258735 0.036779 0.172511 0.103508 0.0696668 
0.11124 0.0581261 0.0480603 0.161517 0.0372623 0.201655 0.039391 0.076844 0.106982 0.158922 
0.0353324 0.0289175 0.035437 0.076832 0.0839892 0.162134 0.0291659 0.255175 0.0823275 0.210689 
0.0902505 0.0290502 0.160834 0.166782 0.0754837 0.145242 0.0992416 0.0615051 0.0926631 0.0789474 
0.0538486 0.0124098 0.345129 0.107963 0.0251618 0.197648 0.0578323 0.0380575 0.113942 0.048007 
0.0289298 0.0319413 0.0712138 0.0964993 0.0487574 0.101356 0.0303995 0.302267 0.1085 0.180135 
0.0486543 0.162148 0.102216 0.10514 0.0940224 0.121329 0.0918632 0.098559 0.0915943 0.0844744 
0.0584721 0.0743422 0.247712 0.176566 0.0318533 0.117518 0.0596507 0.0579959 0.125372 0.0505187 
0.0113809 0.0981754 0.0817491 0.141667 0.0707793 0.189051 0.0592959 0.0983989 0.152279 0.0972238 
0.0436401 0.100284 0.115837 0.0737282 0.144109 0.111733 0.100257 0.0726567 0.113954 0.123801 
0.0360772 0.19498 0.113685 0.117709 0.0496686 0.110838 0.0670953 0.101632 0.121828 0.0864863 
0.0427121 0.0806116 0.0723098 0.122126 0.0925317 0.139863 0.0524856 0.162576 0.102491 0.132294 
0.0491875 0.0525151 0.109211 0.212519 0.0264318 0.158341 0.0494397 0.163532 0.0843112 0.0945116 
0.0729593 0.128233 0.113281 0.15661 0.0501733 0.165633 0.0413763 0.0514862 0.126599 0.0936493 
0.0258343 0.0664331 0.102891 0.107085 0.0582505 0.214128 0.153585 0.0230638 0.185722 0.0630068 
0.0169187 0.0286442 0.0794633 0.120557 0.0586438 0.178339 0.0298239 0.175768 0.145027 0.166815 
0.0389931 0.0850885 0.0746642 0.132677 0.0815362 0.128793 0.0512199 0.162888 0.0946493 0.149492 
0.0617676 0.0324628 0.0819495 0.0708534 0.123506 0.0988981 0.0634328 0.194228 0.082145 0.190756 
0.0233148 0.102163 0.17165 0.253233 0.05142 0.115407 0.0954207 0.0572636 0.0697729 0.0603547 
0.0280216 0.15081 0.230406 0.114621 0.0545254 0.0805629 0.123048 0.0394169 0.116963 0.0616243 
0.0262438 0.0414007 0.06434 0.0396856 0.305675 0.0704274 0.0841937 0.0875456 0.0930642 0.187424 
0.0260141 0.225773 0.0859494 0.129805 0.0534401 0.113076 0.0785502 0.099494 0.0880722 0.0998267 
0.0495731 0.0594605 0.0731116 0.142144 0.0608036 0.280837 0.077994 0.0556752 0.121095 0.0793059 
0.0567132 0.0332843 0.0936574 0.104597 0.0926707 0.221274 0.0591999 0.0844838 0.107149 0.146971 
0.0523808 0.0298407 0.0792743 0.039623 0.0341765 0.147357 0.0555998 0.0763038 0.293197 0.192247 
0.0223411 0.0499844 0.0920026 0.121386 0.131251 0.111403 0.0848286 0.202908 0.0668852 0.117009 
0.0356075 0.145576 0.14975 0.121244 0.057444 0.10752 0.0678484 0.134183 0.072021 0.108806 
0.0956969 0.0993557 0.0688655 0.18494 0.0672089 0.177207 0.104893 0.0644424 0.0819143 0.0554761 
0.315612 0.0148186 0.183154 0.0491866 0.0165289 0.112234 0.107369 0.0392519 0.137828 0.0240178 
0.0300683 0.104243 0.112043 0.119786 0.0884645 0.110579 0.104591 0.0548391 0.137809 0.137578 
0.0529577 0.0224686 0.0616184 0.029542 0.276761 0.0693817 0.090244 0.117259 0.0850771 0.19469 
0.0401806 0.165605 0.179463 0.143347 0.0383092 0.112705 0.116476 0.0417243 0.108529 0.0536608 
0.00984518 0.0637498 0.0485333 0.0795176 0.238514 0.152789 0.0457848 0.0758889 0.0978709 0.187507 
0.0500189 0.151592 0.105416 0.103845 0.0717753 0.136037 0.0855124 0.0817075 0.10305 0.111047 
0.0140159 0.0466518 0.0377324 0.0774115 0.177018 0.109326 0.0454765 0.124722 0.089828 0.277817 
0.0685937 0.0720282 0.0621804 0.115977 0.063471 0.270213 0.0690259 0.0679363 0.0950344 0.11554 
0.0425104 0.0365636 0.0888098 0.179346 0.0607126 0.1001 0.0259582 0.219896 0.102731 0.143371 
0.0294188 0.101116 0.0818284 0.136923 0.0880028 0.0957368 0.0442703 0.193035 0.0806265 0.149042 
0.0349368 0.164383 0.195224 0.131723 0.0279149 0.129528 0.0760327 0.0457167 0.131577 0.0629635 
0.0273917 0.119685 0.13649 0.149708 0.0443408 0.18309 0.0882785 0.0329595 0.146902 0.0711543 
0.0548181 0.017597 0.314512 0.155604 0.0441916 0.0914368 0.154186 0.0233831 0.0903259 0.0539454 
0.261514 0.0241036 0.0931908 0.103954 0.0266067 0.150087 0.166391 0.0503611 0.0856038 0.0381884 
0.0802734 0.0477749 0.063829 0.0531228 0.0637967 0.229435 0.0479794 0.0760985 0.215616 0.122074 
0.0484241 0.132677 0.0924024 0.125273 0.0192995 0.208178 0.0343063 0.12982 0.138651 0.0709691 
0.0263339 0.035842 0.10026 0.114152 0.0605038 0.0980496 0.0230043 0.387182 0.0480139 0.106659 
0.0126961 0.0777679 0.0732193 0.141883 0.0666448 0.143183 0.0385016 0.201833 0.101498 0.142773 
0.0209513 0.138519 0.0953844 0.116161 0.101994 0.155284 0.0380699 0.0884785 0.094198 0.15096 
0.0179147 0.265472 0.106667 0.132531 0.0420202 0.100496 0.064263 0.0670136 0.11431 0.0893122 
0.0956917 0.0439267 0.0635864 0.126697 0.0605535 0.240864 0.0698088 0.0324427 0.14921 0.117218 
0.0124489 0.290043 0.0833604 0.123944 0.0627572 0.0864942 0.0603477 0.0867215 0.093769 0.100115 
0.0616331 0.0253436 0.123937 0.106286 0.0853526 0.168924 0.092095 0.054931 0.129917 0.15158 
0.288454 0.0502126 0.0902855 0.0917992 0.035842 0.107564 0.0507942 0.140843 0.0706929 0.0735128 
0.0481136 0.0669926 0.0884206 0.227009 0.0357761 0.227989 0.0205264 0.0744749 0.100005 0.110693 
0.222413 0.0108634 0.0969025 0.107553 0.0556174 0.164513 0.0553226 0.0819995 0.080433 0.124383 
0.0274096 0.212554 0.0869425 0.119823 0.0553899 0.110223 0.0820675 0.109356 0.0887291 0.107506 
0.0262168 0.0508391 0.0600276 0.0731995 0.10597 0.120134 0.0514365 0.139734 0.15291 0.219533 
0.011074 0.0445595 0.0547103 0.0879592 0.125814 0.0913932 0.0248458 0.176653 0.117721 0.265269 
0.0256397 0.0314538 0.0704355 0.0625531 0.220869 0.117825 0.0712806 0.110985 0.0852558 0.203702 
0.0207177 0.25943 0.108836 0.143414 0.0437452 0.0996385 0.0563661 0.0748228 0.113558 0.079472 
0.0165336 0.049016 0.0816438 0.0800762 0.0810067 0.126972 0.0567695 0.0995437 0.210642 0.197796 
0.0383129 0.0361461 0.241783 0.101074 0.044449 0.1491 0.0915161 0.0484016 0.158714 0.0905024 
0.0305966 0.192671 0.090378 0.121873 0.0591932 0.110711 0.0888291 0.124303 0.0789793 0.102465 
0.0385992 0.165827 0.179391 0.185175 0.0205515 0.107657 0.0970733 0.0165465 0.140392 0.0487885 
0.020861 0.0283116 0.0581368 0.0912651 0.1293 0.103395 0.065314 0.108905 0.136849 0.257664 
0.0339268 0.136524 0.106424 0.112929 0.0752853 0.122619 0.0545149 0.135871 0.104534 0.117371 
0.0708833 0.0654805 0.0430302 0.115448 0.0778602 0.205596 0.0558219 0.108226 0.140193 0.117462 
0.0570879 0.0433775 0.088247 0.0676919 0.106515 0.137999 0.0460259 0.141706 0.109872 0.201477 
0.0309575 0.0400248 0.259879 0.273529 0.0357305 0.106895 0.0905466 0.0396709 0.0865153 0.0362515 
0.0268759 0.0703395 0.131204 0.0990989 0.0780352 0.180107 0.234223 0.0283785 0.108151 0.0435873 
0.0847978 0.0239835 0.0711999 0.112541 0.258718 0.0443446 0.0227688 0.185582 0.0906894 0.105375 
0.031863 0.189885 0.0904031 0.14243 0.0503356 0.130994 0.085546 0.0732775 0.120374 0.0848929 
0.0528377 0.0680642 0.090777 0.115813 0.0849148 0.248098 0.0908212 0.0522472 0.122868 0.0735596 
0.0199876 0.117523 0.06647 0.0843934 0.143011 0.19713 0.0543439 0.0706777 0.106735 0.139728 
0.0845276 0.172824 0.159705 0.180728 0.0116187 0.155475 0.0553722 0.00846102 0.142421 0.0288672 
0.0260909 0.0573543 0.0644662 0.0700277 0.125638 0.125681 0.0349181 0.144733 0.111667 0.239424 
0.015289 0.159087 0.198516 0.112002 0.0762118 0.0852783 0.0982819 0.0443232 0.11734 0.093672 
0.205872 0.0279025 0.0840935 0.107937 0.0474349 0.196184 0.0540657 0.0630866 0.109388 0.104036 
0.035009 0.0532051 0.0492002 0.10559 0.214277 0.152452 0.038984 0.0864723 0.0897 0.175111 
0.361331 0.0150527 0.116259 0.0990088 0.0112279 0.163815 0.0370643 0.0483612 0.0894949 0.0583849 
0.340157 0.0309819 0.0758654 0.0676854 0.0280309 0.174412 0.068573 0.12444 0.0570504 0.0328043 
0.0603831 0.0929495 0.216415 0.138258 0.026332 0.168376 0.107031 0.0129679 0.129269 0.0480188 
0.0542175 0.109209 0.101741 0.149651 0.035954 0.180813 0.0356627 0.050869 0.139083 0.1428 
0.0353892 0.117709 0.0752024 0.132625 0.0865068 0.162369 0.106019 0.12561 0.0894862 0.0690842 
0.0125966 0.0676229 0.0982107 0.11876 0.116777 0.096957 0.0674677 0.225214 0.0786625 0.117732 
0.023239 0.233938 0.106216 0.116436 0.0542825 0.0974886 0.0869867 0.0745617 0.104302 0.10255 
0.0572769 0.0414706 0.221876 0.0929858 0.064465 0.111961 0.0748458 0.0758811 0.116788 0.14245 
0.0170438 0.0633401 0.0579551 0.0932685 0.18146 0.159731 0.0525978 0.100421 0.124722 0.149461 
0.330629 0.0171392 0.133176 0.0402674 0.0175261 0.246408 0.0583796 0.0496474 0.0867539 0.0200732 
0.0389711 0.125166 0.171916 0.200813 0.0195724 0.123805 0.0724848 0.0394713 0.141769 0.0660317 
0.0140918 0.0852279 0.0947101 0.0964645 0.0980572 0.108043 0.050878 0.142736 0.13936 0.170432 
0.0275138 0.0525296 0.093385 0.0524427 0.19781 0.129289 0.102072 0.0826138 0.128108 0.134236 
0.0739496 0.0860069 0.135763 0.246622 0.0407172 0.152563 0.0655991 0.0418589 0.0743157 0.0826044 
0.0718554 0.0711618 0.0712301 0.192629 0.0951081 0.162198 0.0587631 0.0663429 0.0987476 0.111964 
0.402166 0.00689067 0.117681 0.062287 0.0246493 0.135752 0.0843743 0.0301951 0.0865787 0.0494263 
0.311601 0.00938397 0.0926412 0.0689927 0.0599619 0.145467 0.0865243 0.043214 0.0926046 0.089609 
0.0498668 0.0549252 0.101246 0.191698 0.102146 0.179165 0.0894956 0.0683945 0.0914956 0.0715671 
0.0212202 0.24352 0.0969873 0.136738 0.0521474 0.107545 0.0718278 0.0725494 0.105868 0.0915967 
0.0442676 0.0235821 0.079735 0.0525633 0.109517 0.0920678 0.0563787 0.168057 0.142207 0.231624 
0.0813999 0.101077 0.0677619 0.0752767 0.0662413 0.189095 0.225279 0.0317181 0.117682 0.0444694 
0.0336119 0.0718324 0.0426443 0.0688903 0.125122 0.247014 0.076889 0.0868373 0.170453 0.0767059 
0.143931 0.0263458 0.141356 0.213628 0.0838691 0.112292 0.0778378 0.0385971 0.102732 0.0594112 
0.0690063 0.0589517 0.0672932 0.106222 0.0780183 0.318486 0.0968379 0.0189299 0.139795 0.0464591 
0.0211399 0.172044 0.0612947 0.129411 0.065901 0.145752 0.0382665 0.146646 0.0989242 0.120622 
0.0185053 0.0972974 0.0971582 0.120923 0.0593155 0.149185 0.0400646 0.16413 0.122604 0.130818 
0.0194233 0.0811632 0.0523785 0.131633 0.122268 0.132064 0.034134 0.145731 0.0969607 0.184244 
0.0482734 0.0980494 0.124318 0.220919 0.0448138 0.143751 0.0457533 0.0845135 0.107858 0.0817513 
0.134455 0.0717813 0.0703928 0.124384 0.0591151 0.190612 0.0546357 0.0982674 0.0849792 0.111378 
0.0271447 0.0376062 0.114206 0.0633168 0.137056 0.103533 0.0866262 0.0968114 0.139726 0.193973 
0.071759 0.106653 0.190536 0.140616 0.0153007 0.15347 0.109308 0.0103395 0.146374 0.055644 
0.397133 0.0078903 0.079887 0.0453244 0.0518659 0.149653 0.0562386 0.0482502 0.089887 0.0738698 
0.0145353 0.111696 0.0758588 0.0775705 0.0725383 0.14096 0.0485756 0.201362 0.136283 0.12062 
0.0178608 0.252401 0.0917523 0.136834 0.0599896 0.098064 0.0602967 0.0929322 0.0978265 0.0920421 
0.0252631 0.220282 0.0842227 0.128244 0.0572333 0.12594 0.0736365 0.0975567 0.0852651 0.102357 
0.0374762 0.188062 0.198801 0.142524 0.0486842 0.102 0.0724356 0.0321346 0.118178 0.0597052 
0.0184371 0.251924 0.0829446 0.128141 0.0638751 0.0892218 0.0602627 0.11928 0.0808755 0.105038 
0.0952574 0.0428725 0.0638785 0.104331 0.0667437 0.279272 0.0759261 0.0716289 0.132246 0.0678446 
0.0543691 0.0525473 0.0729742 0.244839 0.0372448 0.183787 0.0299056 0.10911 0.117018 0.0982053 
0.0610722 0.09038 0.136695 0.173089 0.0708823 0.161592 0.0696276 0.047113 0.112768 0.0767808 
0.0228773 0.0599922 0.0800777 0.0756889 0.208131 0.0988811 0.0325437 0.115598 0.106575 0.199634 
0.050865 0.0216852 0.0804972 0.199961 0.0636194 0.0843834 0.0270603 0.250997 0.0807789 0.140153 
0.119284 0.0281695 0.0946501 0.116952 0.0440225 0.282871 0.0218203 0.0284713 0.177493 0.0862659 
0.0445188 0.0995372 0.176596 0.0878218 0.0609345 0.17096 0.199138 0.0218758 0.101586 0.0370319 
0.0389968 0.0848513 0.120622 0.200141 0.0325359 0.15817 0.0819335 0.0976356 0.0994069 0.0857073 
0.0516859 0.0791862 0.109165 0.11947 0.107936 0.0991675 0.119832 0.126569 0.0710237 0.115965 
0.0267949 0.236513 0.0873094 0.134983 0.047269 0.120933 0.0618671 0.0876563 0.0995558 0.0971184 
0.0877937 0.0878766 0.0634845 0.255985 0.0284535 0.223847 0.0340066 0.0386001 0.0975296 0.0824232 
0.0451244 0.104302 0.0897048 0.121144 0.0544603 0.227526 0.122173 0.0359211 0.133004 0.0666411 
0.0148625 0.254024 0.0845802 0.136799 0.0609307 0.0826494 0.0467947 0.0980198 0.103487 0.117853 
0.245713 0.0175784 0.0832087 0.118302 0.0413621 0.155593 0.0501175 0.0558709 0.101666 0.130588 
0.0451576 0.0831005 0.0349436 0.0801635 0.0830768 0.355165 0.0633997 0.0510921 0.138543 0.065358 
0.0292784 0.216903 0.117507 0.13246 0.0397767 0.113012 0.0829914 0.0718598 0.12774 0.0684714 
0.0164336 0.0810536 0.102349 0.161972 0.0672486 0.11362 0.0383457 0.168828 0.0990996 0.15105 
0.0124684 0.196182 0.109237 0.124849 0.0535187 0.132298 0.0703605 0.0940349 0.0830661 0.123986 
0.0657704 0.0403011 0.0831816 0.126037 0.0674701 0.314621 0.0658205 0.0290232 0.123446 0.084329 
0.21386 0.0297896 0.107528 0.153823 0.0217945 0.170822 0.0864018 0.0567113 0.125357 0.0339134 
0.0334106 0.0209296 0.104188 0.0735994 0.0927877 0.128774 0.163368 0.0663004 0.172486 0.144157 
0.0398028 0.203798 0.128297 0.0803863 0.0660781 0.0975859 0.0799189 0.093784 0.128089 0.0822602 
0.0555796 0.0959313 0.0704788 0.0851085 0.0667227 0.164656 0.0926359 0.0419887 0.201717 0.125181 
0.0633479 0.03387 0.0294755 0.12346 0.0576969 0.335841 0.0258637 0.0839038 0.106042 0.140499 
0.0546578 0.164215 0.0880527 0.138054 0.0666347 0.109274 0.0824076 0.116842 0.0847538 0.0951077 
0.0302996 0.101369 0.0478048 0.111466 0.114752 0.0957012 0.0335062 0.236993 0.0942205 0.133888 
0.0233889 0.0823433 0.0596749 0.0849128 0.186737 0.127433 0.0600473 0.106733 0.0989353 0.169795 
0.0459617 0.0232378 0.100782 0.113823 0.390085 0.0476664 0.0403395 0.107835 0.0519055 0.0783637 
0.0279192 0.0308243 0.0784354 0.0876153 0.103007 0.163598 0.261665 0.0564798 0.0827579 0.107699 
0.0779275 0.0265155 0.14103 0.147598 0.0764816 0.0990287 0.0216133 0.166685 0.120929 0.122191 
0.0292152 0.145362 0.187993 0.219865 0.017303 0.141464 0.122341 0.0205191 0.0858239 0.0301151 
0.120212 0.0488623 0.0867979 0.0955431 0.0697404 0.254301 0.05975 0.0434323 0.114591 0.106769 
0.200113 0.0209738 0.0740263 0.102079 0.0571369 0.188826 0.0701708 0.0530132 0.114048 0.119613 
0.0438728 0.0783886 0.155267 0.106948 0.0730154 0.129517 0.144674 0.0919231 0.105287 0.0711085 
0.0781057 0.035362 0.0995575 0.105723 0.0922386 0.291093 0.0363402 0.0633236 0.0979634 0.100293 
0.0406049 0.066061 0.158958 0.103373 0.0793188 0.151315 0.172975 0.0454727 0.106292 0.0756297 
0.063853 0.0447073 0.0588373 0.202484 0.0479747 0.198699 0.0335014 0.0957299 0.11072 0.143493 
0.0256442 0.0463562 0.0595019 0.146532 0.0828607 0.0970545 0.0263099 0.286757 0.0758045 0.153179 
0.0381453 0.115794 0.239061 0.260145 0.0204464 0.107224 0.0846222 0.0225729 0.0804867 0.0315022 
0.173146 0.0338458 0.151082 0.163887 0.046996 0.129313 0.0663735 0.067204 0.104996 0.0631556 
0.0437959 0.100643 0.102881 0.0917343 0.0616848 0.218921 0.0466204 0.0623348 0.178807 0.0925776 
0.0382509 0.0817806 0.121454 0.0947094 0.0943393 0.144389 0.0618987 0.0628171 0.167156 0.133205 
0.0562336 0.0518455 0.0722044 0.0742081 0.0702203 0.327862 0.0811688 0.0419906 0.134741 0.0895257 
0.0170058 0.0689602 0.0607893 0.0890251 0.202 0.133557 0.0628137 0.113616 0.0907181 0.161516 
0.0325085 0.188086 0.10947 0.108366 0.0551227 0.112589 0.0766533 0.113489 0.0925308 0.111184 
0.0235792 0.265492 0.092083 0.122943 0.0550385 0.102561 0.0681548 0.0853493 0.0906011 0.0941978 
0.0440772 0.0239418 0.0755647 0.0721148 0.237545 0.112827 0.0706626 0.0866181 0.0738854 0.202764 
0.332246 0.0171306 0.0857227 0.0220578 0.0157463 0.261358 0.131981 0.0321225 0.0919374 0.00969704 
0.0343543 0.0626623 0.0995415 0.202318 0.0641874 0.073268 0.0539135 0.281732 0.0569921 0.0710311 
0.0436249 0.040336 0.052995 0.26522 0.0564315 0.223021 0.0631291 0.0648223 0.0798901 0.11053 
0.0436864 0.0576479 0.0893958 0.141743 0.0667333 0.13476 0.0498382 0.168569 0.101928 0.145699 
0.0564429 0.0280669 0.159591 0.0643951 0.0610856 0.21528 0.242378 0.0485583 0.0754101 0.0487917 
0.0352899 0.223651 0.100358 0.123821 0.0535817 0.115636 0.0705239 0.0939669 0.0984912 0.08468 
0.0975486 0.0459918 0.0682984 0.118398 0.0735713 0.203536 0.111968 0.0689685 0.105314 0.106405 
0.0350998 0.076447 0.197122 0.10347 0.0839251 0.0914979 0.0939593 0.0882113 0.129437 0.10083 
0.0469563 0.192 0.123368 0.115797 0.0594367 0.11041 0.0610377 0.0834311 0.116227 0.0913363 
0.00923521 0.088923 0.0449434 0.126799 0.101042 0.185529 0.0504808 0.146025 0.0989888 0.148034 
0.0832432 0.0110523 0.286603 0.115447 0.0463382 0.112346 0.0921886 0.0575373 0.124816 0.0704282 
0.104273 0.0336498 0.0987555 0.0917213 0.0864599 0.200639 0.0732928 0.0777168 0.127959 0.105533 
0.0304795 0.0514845 0.131164 0.0843719 0.0990339 0.134342 0.212022 0.0560529 0.0940798 0.106969 
0.0261393 0.18672 0.103736 0.113751 0.0607297 0.11889 0.0708191 0.119607 0.0873331 0.112275 
0.0564616 0.0495944 0.0790402 0.0697173 0.139712 0.117449 0.0557211 0.118819 0.115906 0.19758 
0.0578007 0.0516383 0.0428984 0.130278 0.0550758 0.306476 0.0722954 0.0515541 0.119918 0.112066 
0.0234332 0.0964072 0.214578 0.17107 0.059033 0.105384 0.0849083 0.0470871 0.145191 0.0529083 
0.0673145 0.0710989 0.0898018 0.138283 0.0665575 0.259085 0.0701752 0.0358233 0.110172 0.091688 
0.0513305 0.0217517 0.0771747 0.0712221 0.216243 0.155228 0.0754657 0.0917602 0.0918647 0.147959 
0.0539511 0.0332144 0.0947883 0.0523212 0.244297 0.0623418 0.101952 0.104275 0.0867442 0.166115 
0.11484 0.00973877 0.287196 0.0982304 0.0260029 0.119903 0.0644615 0.0459969 0.144831 0.0887986 
0.0428907 0.132316 0.12056 0.118068 0.0616456 0.167881 0.0506165 0.0481996 0.148932 0.10889 
0.050628 0.042053 0.10906 0.227101 0.0643314 0.178522 0.0526045 0.150982 0.0830601 0.0416576 
0.0477565 0.0837979 0.08212 0.0613507 0.111568 0.166923 0.10952 0.0932612 0.129948 0.113755 
0.0429644 0.103806 0.195893 0.133311 0.0330659 0.125749 0.0702574 0.104992 0.107157 0.0828045 
0.0336611 0.0246848 0.100703 0.0939567 0.265954 0.0822485 0.0311449 0.114079 0.0708353 0.182734 
0.105799 0.0190851 0.031133 0.135324 0.0529591 0.292018 0.0971183 0.0400393 0.123117 0.103407 
0.29184 0.0175113 0.0630767 0.0986058 0.0351599 0.155299 0.0200567 0.0579676 0.0906788 0.169804 
0.103696 0.080315 0.0867714 0.258203 0.0251292 0.178486 0.0548338 0.047388 0.108188 0.056989 
0.0232555 0.218248 0.0976892 0.107745 0.0655726 0.105542 0.0869901 0.0868919 0.0967026 0.111363 
0.0266177 0.0251183 0.0669833 0.135053 0.0682358 0.0962024 0.0202411 0.364979 0.0730349 0.123534 
0.0202665 0.104639 0.08523 0.11815 0.0718148 0.128796 0.0435271 0.162489 0.11697 0.148117 
0.0260319 0.0213381 0.0226924 0.220342 0.0354936 0.331425 0.0135948 0.122598 0.0970842 0.109399 
0.0352883 0.00710082 0.0430221 0.162357 0.0349185 0.123744 0.0135936 0.348651 0.0850648 0.14626 
0.024936 0.113487 0.0785175 0.0952705 0.124646 0.11286 0.0615069 0.110141 0.0965707 0.182065 
0.0355635 0.0273886 0.0386373 0.113757 0.0804383 0.172374 0.0385698 0.241887 0.0950072 0.156377 
0.0171218 0.255108 0.102426 0.120957 0.0517724 0.104069 0.0664914 0.0839416 0.109718 0.088395 
