0.0712028 0.0252665 0.0522612 0.154514 0.0701418 0.0953527 0.0248687 0.279427 0.10482 0.122145 
0.102763 0.0721957 0.283628 0.112474 0.0146382 0.1772 0.112011 0.0054154 0.0964775 0.0231968 
0.0478821 0.158549 0.119747 0.114025 0.0881577 0.100465 0.0846612 0.100488 0.096465 0.0895601 
0.367121 0.0225284 0.0663093 0.0761058 0.0355301 0.126195 0.0742602 0.0865519 0.0830151 0.0623832 
0.0945435 0.0457743 0.0770265 0.0611388 0.206067 0.0780415 0.0984414 0.106805 0.11594 0.116222 
0.0377951 0.183288 0.115057 0.121379 0.0781964 0.0762996 0.0557299 0.139736 0.104612 0.0879069 
0.0393473 0.0375477 0.0350008 0.0713891 0.249524 0.11914 0.0581017 0.118355 0.134695 0.1369 
0.0408338 0.0910025 0.100356 0.121372 0.104924 0.0882338 0.0717483 0.0994179 0.104665 0.177446 
0.124708 0.0405641 0.107348 0.0446795 0.210847 0.131405 0.157829 0.0205457 0.109319 0.0527537 
0.0624599 0.0173799 0.0338733 0.0439099 0.184892 0.0738117 0.0365233 0.192218 0.141648 0.213285 
0.253134 0.0331057 0.112547 0.0801533 0.0706187 0.15191 0.0789071 0.040115 0.119379 0.0601309 
0.0825953 0.069327 0.105013 0.100532 0.123513 0.0735109 0.161824 0.0785875 0.129214 0.0758832 
0.0661783 0.0331842 0.0762571 0.104544 0.154405 0.0971725 0.0555266 0.130434 0.117794 0.164504 
0.257873 0.0286629 0.0829449 0.0688399 0.0765674 0.155365 0.0353948 0.0687461 0.128874 0.0967325 
0.0245021 0.259827 0.0894916 0.162658 0.0515468 0.0866433 0.0661193 0.0804854 0.0943851 0.0843411 
0.0679073 0.0562051 0.0723723 0.111235 0.0941834 0.288428 0.0564629 0.0528644 0.114338 0.0860048 
0.0773466 0.0314454 0.0839327 0.0828229 0.149895 0.0721057 0.0751675 0.130238 0.135292 0.161753 
0.0806295 0.0119905 0.0672247 0.19841 0.0558597 0.0707702 0.0259507 0.338922 0.0836797 0.0665631 
0.0449855 0.0472257 0.15031 0.147023 0.08898 0.156356 0.0565448 0.0701623 0.157865 0.0805476 
0.0633033 0.0507318 0.0636376 0.0936641 0.205112 0.104735 0.068299 0.101563 0.121778 0.127176 
0.0539041 0.0376056 0.0257866 0.101317 0.11867 0.107995 0.0215039 0.221897 0.115428 0.195892 
0.0755575 0.0507153 0.102952 0.0891605 0.0851305 0.170971 0.213732 0.0324474 0.119329 0.060004 
0.0464142 0.0532619 0.129575 0.0600241 0.132512 0.0479764 0.165156 0.146362 0.11645 0.102267 
0.0927603 0.0486998 0.132435 0.124282 0.135943 0.188535 0.101667 0.0257873 0.0894587 0.0604328 
0.068278 0.0593842 0.0759027 0.0769748 0.221941 0.0613223 0.0853996 0.146483 0.0782907 0.126024 
0.443536 0.00583514 0.0455105 0.0229102 0.0689011 0.150945 0.104654 0.0310552 0.0942474 0.0324055 
0.0607814 0.0342931 0.0747197 0.114982 0.0519555 0.0995231 0.0352098 0.248888 0.0878433 0.191804 
0.0617462 0.0374351 0.0703417 0.0900069 0.222965 0.10721 0.0925771 0.0979522 0.102222 0.117544 
0.360237 0.0188918 0.104882 0.0983395 0.0314543 0.119884 0.0380858 0.0625785 0.103959 0.0616881 
0.0427392 0.154615 0.0962085 0.134659 0.0535444 0.149359 0.0939823 0.0832148 0.122046 0.0696327 
0.0466388 0.0406348 0.0674263 0.217381 0.0573138 0.151068 0.0340703 0.15026 0.120025 0.115183 
0.0377521 0.161351 0.0863808 0.152631 0.0639678 0.10683 0.0756953 0.11322 0.0991547 0.103017 
0.0402903 0.0408545 0.0872148 0.199989 0.0814599 0.238375 0.0402749 0.0446637 0.149208 0.0776701 
0.149366 0.0165525 0.127353 0.030096 0.180997 0.138857 0.12243 0.0521978 0.122802 0.0593483 
0.0580203 0.0321374 0.0940463 0.122599 0.0923774 0.0807838 0.020469 0.251804 0.134172 0.113591 
0.0827723 0.0693605 0.221956 0.12498 0.0521085 0.222646 0.0595427 0.014481 0.127833 0.0243201 
0.0489589 0.0317187 0.0768215 0.142148 0.0682342 0.086517 0.0239275 0.236924 0.155141 0.12961 
0.0268389 0.202303 0.0872043 0.145908 0.0540509 0.106694 0.0733287 0.10753 0.114395 0.0817478 
0.0898158 0.0957537 0.167798 0.151749 0.0334406 0.132492 0.113991 0.0376159 0.12247 0.0548741 
0.0313166 0.1816 0.1073 0.147468 0.0436266 0.108714 0.0876264 0.0702166 0.133248 0.0888838 
0.0436213 0.151022 0.110272 0.107922 0.0614031 0.0942982 0.101805 0.115804 0.109355 0.104496 
0.0622676 0.0540278 0.0738259 0.126863 0.0812663 0.0856369 0.0513826 0.226119 0.0928761 0.145735 
0.0218037 0.0462086 0.0677729 0.105591 0.237182 0.0642464 0.0437064 0.156361 0.125599 0.131528 
0.0534337 0.074868 0.206995 0.137846 0.0928057 0.0933123 0.10608 0.0475259 0.103556 0.0835779 
0.0633092 0.0714282 0.113674 0.161614 0.0610347 0.164086 0.0768279 0.0776224 0.113396 0.0970089 
0.0730751 0.0520058 0.0831531 0.164563 0.0693079 0.2382 0.0782495 0.0455108 0.117997 0.0779382 
0.0221586 0.163117 0.100367 0.196981 0.0620358 0.109557 0.0677801 0.0891014 0.107576 0.0813255 
0.0693336 0.114459 0.174351 0.126483 0.0742066 0.0956926 0.162813 0.0441975 0.0800982 0.0583652 
0.0170343 0.0209122 0.0338327 0.0999947 0.252078 0.0889569 0.0607552 0.0999966 0.168519 0.157921 
0.0672097 0.0261198 0.0840049 0.0557647 0.297 0.0396965 0.0721066 0.0908399 0.134666 0.132593 
0.165702 0.0466448 0.0847589 0.106882 0.0687694 0.171021 0.194496 0.0276498 0.0818111 0.0522657 
0.0695386 0.0432658 0.123231 0.260374 0.0829869 0.122344 0.0573825 0.108023 0.0872325 0.045622 
0.124932 0.0649247 0.0796791 0.0919345 0.144288 0.156026 0.0570233 0.0833201 0.107804 0.0900678 
0.0829475 0.0710844 0.0776003 0.127575 0.0888275 0.184578 0.0871459 0.052055 0.122743 0.105443 
0.0649051 0.0356702 0.256362 0.0746567 0.101061 0.0427147 0.191195 0.0414588 0.152021 0.0399557 
0.255557 0.0244233 0.081297 0.0901636 0.0447219 0.202831 0.0589186 0.0386236 0.139577 0.0638874 
0.0507262 0.0185677 0.0784072 0.0626261 0.315608 0.0797638 0.0860795 0.0753436 0.140829 0.0920492 
0.0423271 0.171532 0.110876 0.125149 0.0739535 0.0848221 0.0663441 0.105051 0.117796 0.10215 
0.0679115 0.0221044 0.0628914 0.0824183 0.16011 0.0820474 0.0526492 0.144992 0.137787 0.187088 
0.130114 0.0631709 0.0858047 0.0721915 0.131554 0.176246 0.0464302 0.113537 0.110748 0.0702037 
0.026648 0.0218691 0.0596545 0.211918 0.0626789 0.074939 0.0228098 0.394042 0.0621721 0.0632681 
0.105523 0.0322026 0.186862 0.101272 0.0818873 0.12235 0.0622483 0.0394633 0.189695 0.0784973 
0.0548372 0.044297 0.0968816 0.0993267 0.126029 0.123892 0.0998961 0.10685 0.125311 0.12268 
0.0572037 0.116606 0.145711 0.207345 0.0694533 0.100697 0.0628542 0.0585634 0.103782 0.0777845 
0.0667751 0.0194757 0.126687 0.150209 0.112874 0.0530031 0.0230579 0.25346 0.102382 0.0920776 
0.0551831 0.0716043 0.0737642 0.118032 0.157863 0.121154 0.0862528 0.08716 0.114973 0.114013 
0.0728154 0.0920387 0.0990901 0.137368 0.105647 0.0902467 0.107501 0.151594 0.0741117 0.0695868 
0.0895083 0.0401577 0.0572043 0.0479591 0.326879 0.0550053 0.0774748 0.0879244 0.101178 0.116709 
0.0378166 0.0423377 0.0867962 0.302293 0.0714676 0.142104 0.041706 0.0692638 0.142875 0.0633411 
0.321503 0.0199624 0.0926886 0.077421 0.0217319 0.224674 0.0966792 0.0306799 0.0911037 0.0235561 
0.0915344 0.0133326 0.0658857 0.150856 0.0605677 0.0456026 0.0267136 0.406405 0.0718842 0.0672181 
0.376888 0.0165167 0.0898138 0.0506255 0.0370657 0.153403 0.0827633 0.0255662 0.132654 0.0347034 
0.110587 0.0234672 0.257277 0.166933 0.0486667 0.127834 0.0683402 0.0209076 0.143704 0.0322834 
0.0391792 0.0981695 0.0668182 0.162662 0.066599 0.078456 0.0258968 0.181168 0.133145 0.147906 
0.0284761 0.198684 0.0928026 0.146441 0.0544335 0.108341 0.0801839 0.092265 0.123691 0.0746826 
0.0247763 0.0706232 0.0848277 0.109906 0.0916747 0.0697228 0.034494 0.262499 0.114417 0.137059 
0.0509265 0.118991 0.09188 0.186756 0.0755924 0.166507 0.0599832 0.0422827 0.123783 0.083299 
0.0704875 0.122632 0.124793 0.0952325 0.0987372 0.0871939 0.0579623 0.106095 0.123771 0.113097 
0.0298083 0.0994996 0.0577803 0.144805 0.101188 0.116892 0.0527417 0.11659 0.132055 0.14864 
0.0425404 0.0167568 0.0284631 0.0615858 0.0798064 0.0599779 0.0120758 0.423508 0.13185 0.143436 
0.0573803 0.039266 0.0533817 0.117362 0.0932823 0.131476 0.0504422 0.249574 0.07001 0.137825 
0.141879 0.0405076 0.118065 0.0735397 0.093717 0.170008 0.165554 0.0456341 0.0891207 0.061975 
0.0718751 0.0402743 0.284815 0.156693 0.0579553 0.0831351 0.0784621 0.0125334 0.162244 0.0520123 
0.0676219 0.0381337 0.0559344 0.107268 0.0804505 0.0945839 0.0338315 0.269317 0.101063 0.151796 
0.0446183 0.082491 0.0924865 0.0817643 0.138096 0.150074 0.0781499 0.055963 0.187471 0.0888854 
0.0332916 0.0169598 0.0222699 0.0667773 0.416687 0.0730001 0.0428277 0.0626592 0.154376 0.111152 
0.0354705 0.0614642 0.0566059 0.133582 0.0697805 0.0705174 0.0266469 0.308651 0.116251 0.12103 
0.0484386 0.0335055 0.0563614 0.167649 0.104429 0.254963 0.0486439 0.104511 0.0986695 0.0828293 
0.105939 0.0317443 0.134975 0.0676806 0.0961351 0.0979964 0.247332 0.0628046 0.0888014 0.0665909 
0.0360833 0.208976 0.118757 0.120703 0.0895569 0.0866195 0.0747135 0.0844097 0.105884 0.0742979 
0.0640967 0.0634272 0.0633786 0.31474 0.0485921 0.153079 0.0205261 0.0774502 0.112387 0.0823232 
0.0528614 0.064793 0.135514 0.0935403 0.0852071 0.126835 0.24523 0.0391478 0.0996998 0.0571718 
0.0622273 0.0871336 0.112034 0.0966146 0.145569 0.107665 0.0721134 0.0994937 0.107262 0.109888 
0.0541494 0.0483539 0.0610748 0.273069 0.0405081 0.14828 0.0229799 0.139583 0.124492 0.0875098 
0.0167865 0.220752 0.110136 0.115514 0.0688997 0.113332 0.0901909 0.059779 0.13252 0.0720901 
0.0524221 0.0321379 0.0597858 0.0304898 0.300431 0.058317 0.0932224 0.119295 0.10933 0.14457 
0.0325023 0.149564 0.0750727 0.137419 0.0740395 0.105173 0.0787177 0.133884 0.100148 0.11348 
0.0346605 0.060825 0.0980431 0.133169 0.0739706 0.115057 0.0553588 0.223555 0.111393 0.0939685 
0.14218 0.0385927 0.0946415 0.0586151 0.0658213 0.216164 0.244065 0.0155461 0.088245 0.0361304 
0.0281286 0.0330871 0.0895605 0.083596 0.123438 0.0404476 0.0603045 0.165926 0.130796 0.244715 
0.0968567 0.069711 0.106794 0.0894965 0.0893463 0.0732985 0.202146 0.0909043 0.102782 0.0786642 
0.250052 0.0372953 0.0887739 0.0688863 0.0606036 0.171387 0.0733249 0.038534 0.124183 0.0869601 
0.0432514 0.01478 0.0207306 0.100458 0.106023 0.304627 0.0147323 0.107005 0.198729 0.0896642 
0.0675966 0.0399564 0.0677894 0.0794512 0.31412 0.0864246 0.0882051 0.0633223 0.0872352 0.105899 
0.0464007 0.0544664 0.0916674 0.0853607 0.119647 0.133167 0.0874214 0.0939375 0.129247 0.158685 
0.0742867 0.0460524 0.0790384 0.0850025 0.145088 0.0952447 0.0683851 0.114301 0.116699 0.175902 
0.119479 0.0170631 0.238068 0.161591 0.0998559 0.0812291 0.0878038 0.0269116 0.123138 0.0448611 
0.0801366 0.156295 0.125036 0.106764 0.0691092 0.106042 0.0829972 0.0771481 0.113914 0.0825586 
0.0293734 0.0457705 0.0335568 0.124317 0.146796 0.132611 0.0673037 0.110439 0.125432 0.184401 
0.0829384 0.0448753 0.0776357 0.0597405 0.176255 0.0896491 0.0908365 0.142078 0.104077 0.131914 
0.0558147 0.0903104 0.0933499 0.217935 0.0802666 0.123521 0.0586841 0.02798 0.174749 0.0773889 
0.0293149 0.15397 0.112876 0.136368 0.0555823 0.0671847 0.0488119 0.178725 0.111267 0.1059 
0.0667818 0.0784704 0.0916935 0.189322 0.0597262 0.158111 0.0718772 0.069626 0.123357 0.091035 
0.0296303 0.0525459 0.0670773 0.119225 0.143618 0.0718262 0.0598002 0.15657 0.10745 0.192258 
0.0345253 0.0735615 0.142119 0.0972142 0.0861434 0.0641338 0.0728472 0.184786 0.097117 0.147552 
0.0542761 0.071897 0.0913294 0.0798185 0.142772 0.0872422 0.146275 0.0841319 0.100653 0.141605 
0.0307816 0.0758167 0.0744551 0.107664 0.167121 0.0892021 0.0814183 0.118644 0.115817 0.139082 
0.0360607 0.0414364 0.075267 0.0521099 0.346916 0.0582448 0.0852166 0.0516895 0.140883 0.112176 
0.0721833 0.0632876 0.0861572 0.0892559 0.136761 0.104021 0.0728621 0.117393 0.110147 0.147932 
0.0967485 0.0345477 0.121548 0.0602031 0.0763238 0.14088 0.086332 0.137934 0.142715 0.102768 
0.0490457 0.0208736 0.0739024 0.17088 0.115998 0.243627 0.0426908 0.0405249 0.176245 0.0662129 
0.11506 0.0320755 0.118837 0.0463494 0.154399 0.0937873 0.109792 0.0781709 0.126493 0.125035 
0.0520746 0.045923 0.0926646 0.149001 0.104436 0.0959707 0.0424904 0.22092 0.0876342 0.108885 
0.0659154 0.0668129 0.0797193 0.106037 0.0931363 0.122979 0.234067 0.0653777 0.101194 0.0647615 
0.0245452 0.0227364 0.0180381 0.101326 0.247158 0.0499542 0.0609511 0.194285 0.149366 0.131639 
0.0348668 0.0833584 0.0956945 0.0930257 0.154173 0.0822831 0.0795182 0.0894985 0.130463 0.157118 
0.178352 0.0203657 0.202637 0.172502 0.0363655 0.116816 0.0555584 0.0819422 0.0682525 0.0672086 
0.0966606 0.045137 0.0784577 0.0954499 0.131906 0.227861 0.0630411 0.0399648 0.150924 0.0705982 
0.015459 0.0329186 0.0771983 0.186831 0.0882487 0.138273 0.0337264 0.0620245 0.26608 0.0992408 
0.0736546 0.0419023 0.0832834 0.128948 0.110448 0.213063 0.0688824 0.0621943 0.127761 0.0898636 
0.0793116 0.0265378 0.0955551 0.0593604 0.128406 0.147103 0.232536 0.035171 0.113903 0.082116 
0.0720942 0.02133 0.110306 0.0703671 0.0925635 0.155437 0.289916 0.0208891 0.118161 0.0489359 
0.0555019 0.0309545 0.105748 0.154946 0.0436582 0.286527 0.100375 0.0139347 0.15828 0.0500751 
0.0674509 0.0191876 0.139668 0.0909552 0.1102 0.0468283 0.0393127 0.25903 0.112313 0.115055 
0.0330336 0.0778334 0.0956075 0.16847 0.104976 0.124918 0.0562819 0.0520519 0.20431 0.0825164 
0.0236522 0.213062 0.107264 0.145704 0.048807 0.0933193 0.088814 0.0691454 0.123145 0.0870874 
0.235923 0.0208759 0.0838961 0.0937423 0.0491486 0.197058 0.0759187 0.053188 0.134965 0.0552843 
0.0448608 0.197904 0.127512 0.133731 0.0576489 0.0791176 0.0801838 0.0721812 0.120782 0.0860786 
0.113252 0.0365416 0.110463 0.0770844 0.0831796 0.0874744 0.230911 0.0922156 0.103132 0.0657453 
0.0684578 0.0376606 0.08875 0.0418007 0.220685 0.0726955 0.0733784 0.110307 0.172632 0.113633 
0.118444 0.0796699 0.114725 0.0808486 0.0846005 0.162244 0.173692 0.0374083 0.095629 0.052738 
0.0585289 0.0352045 0.0750818 0.179608 0.0519952 0.0730008 0.0370996 0.348923 0.0668571 0.0737016 
0.045101 0.0466041 0.197308 0.202902 0.0868014 0.080634 0.0258553 0.104888 0.127312 0.082595 
0.0353952 0.205321 0.113602 0.114754 0.0564153 0.0901624 0.0875041 0.0986576 0.112915 0.0852744 
0.0834192 0.0425208 0.115985 0.0798847 0.0965246 0.0741574 0.048306 0.183544 0.111924 0.163734 
0.0377568 0.169284 0.104315 0.128893 0.0618581 0.135308 0.0876707 0.0881718 0.108134 0.0786079 
0.0494939 0.0579838 0.106497 0.113284 0.114303 0.130378 0.0692638 0.0906167 0.17304 0.0951396 
0.0706862 0.0362821 0.323456 0.236846 0.0749795 0.103762 0.0574512 0.0107147 0.0692467 0.0165752 
0.261593 0.0277604 0.101289 0.0921674 0.053345 0.158808 0.0786462 0.0589878 0.112145 0.0552588 
0.0446114 0.0901107 0.105108 0.113737 0.149707 0.0929408 0.0622044 0.0709582 0.09248 0.178142 
0.0571814 0.0444834 0.0809885 0.114736 0.144582 0.0980527 0.0751435 0.0945874 0.137577 0.152668 
0.0570794 0.0333734 0.166575 0.106558 0.08578 0.0976659 0.0325895 0.0653483 0.155856 0.199175 
0.10731 0.0458465 0.0688473 0.0597934 0.129295 0.31248 0.0491081 0.0607425 0.111231 0.0553456 
0.078556 0.0577067 0.111673 0.142088 0.0712833 0.183255 0.0692708 0.047102 0.137797 0.101268 
0.0344435 0.176913 0.102918 0.129476 0.0742312 0.0774274 0.0844947 0.119614 0.0983175 0.102164 
0.0655786 0.0508749 0.0488744 0.0681726 0.232221 0.232484 0.0971081 0.0226333 0.115762 0.0662907 
0.126603 0.0153303 0.11083 0.0580343 0.139081 0.107054 0.189051 0.0942582 0.0910722 0.0686869 
0.263304 0.0247902 0.0854984 0.0762805 0.0454637 0.140478 0.0888212 0.0899298 0.112416 0.0730184 
0.117707 0.0497425 0.184817 0.2171 0.03729 0.117532 0.0523012 0.103699 0.0805281 0.0392824 
0.0679935 0.0918242 0.081842 0.0992632 0.149968 0.0845616 0.0944595 0.0989496 0.0973211 0.133817 
0.0262229 0.057335 0.0757161 0.0876225 0.231562 0.0853611 0.0873244 0.111189 0.120459 0.117208 
0.133429 0.0352523 0.105312 0.0779213 0.11181 0.184324 0.206749 0.0288083 0.0724017 0.043993 
0.0658342 0.0298441 0.0704099 0.131509 0.0700622 0.381371 0.0239323 0.0235191 0.157198 0.0463193 
0.0254717 0.0212707 0.0464562 0.0866629 0.297942 0.0548118 0.0476029 0.1712 0.0890641 0.159518 
0.0537004 0.0357935 0.101178 0.0794368 0.124184 0.0639584 0.164226 0.148115 0.0963946 0.133013 
0.071968 0.0420827 0.0887098 0.125208 0.079776 0.248998 0.0771611 0.031473 0.154554 0.0800689 
0.0835329 0.0403723 0.101857 0.0677937 0.181999 0.085317 0.0829565 0.0970815 0.119343 0.139747 
0.05925 0.0788242 0.0789684 0.135106 0.108176 0.231957 0.063305 0.0673118 0.103112 0.07399 
0.0313138 0.212543 0.107782 0.125701 0.0485671 0.0983389 0.10252 0.0838659 0.115613 0.0737543 
0.0541921 0.0312241 0.0565728 0.0918909 0.221923 0.109631 0.0562731 0.119015 0.116687 0.142591 
0.0395469 0.0557237 0.0761312 0.105292 0.223126 0.0893201 0.0856364 0.0920094 0.1161 0.117113 
0.0498121 0.0599081 0.117754 0.167034 0.0455945 0.0440849 0.0182085 0.285669 0.114557 0.097379 
0.0731891 0.0826532 0.274345 0.16853 0.0295333 0.141359 0.060569 0.00452769 0.135354 0.0299401 
0.0983473 0.0406163 0.0960844 0.206126 0.0791009 0.141087 0.0519104 0.0770372 0.125241 0.0844496 
0.0654229 0.0932561 0.224533 0.129102 0.0800677 0.0663446 0.111871 0.0435691 0.120724 0.0651091 
0.0518076 0.120577 0.0893072 0.139018 0.0742709 0.103482 0.0668883 0.143361 0.0979393 0.113349 
0.0430199 0.180672 0.0955539 0.114647 0.0569589 0.0999437 0.0909884 0.107403 0.115086 0.0957276 
0.0467557 0.0564744 0.124277 0.142621 0.107373 0.143738 0.0771707 0.0601701 0.158022 0.0833972 
0.0278299 0.204732 0.100981 0.13583 0.0547143 0.0799055 0.096223 0.0987626 0.113096 0.0879254 
0.0297473 0.104428 0.143361 0.13596 0.0675457 0.120457 0.0730374 0.0419688 0.218034 0.0654612 
0.0279232 0.183617 0.0976563 0.147026 0.062268 0.083318 0.0688286 0.125512 0.107548 0.0963044 
0.0359653 0.0897716 0.124585 0.147884 0.0640889 0.117484 0.110592 0.0309352 0.197924 0.0807699 
0.0704828 0.0688304 0.0939543 0.13264 0.0988349 0.208093 0.0772725 0.0447533 0.132352 0.0727864 
0.302859 0.0164235 0.088255 0.0946963 0.0526566 0.214121 0.0869797 0.0208942 0.0977143 0.0254005 
0.0777729 0.0869611 0.0779592 0.153251 0.0878014 0.119431 0.110935 0.0555038 0.156337 0.0740479 
0.0540863 0.0365536 0.0720059 0.0497731 0.2286 0.0525452 0.0820363 0.0969583 0.122686 0.204755 
0.0335288 0.0615305 0.337563 0.224941 0.0171225 0.0762353 0.0708575 0.0136009 0.133468 0.0311519 
0.0554977 0.0456312 0.127977 0.145401 0.0510053 0.260125 0.044807 0.0293539 0.151528 0.0886736 
0.34035 0.0162381 0.0665421 0.0632596 0.0255287 0.204978 0.0396609 0.0320834 0.185683 0.0256758 
0.0480809 0.147899 0.0959559 0.151254 0.0781594 0.11455 0.0878251 0.0985309 0.0902968 0.0874474 
0.033346 0.190665 0.0925131 0.133582 0.0708726 0.0629483 0.0518348 0.144414 0.126286 0.0935388 
0.034769 0.1454 0.0766506 0.135328 0.0797455 0.125265 0.0946162 0.10689 0.115949 0.0853868 
0.287422 0.0189659 0.0764935 0.0996991 0.102434 0.192055 0.0608645 0.0448471 0.06779 0.0494289 
0.0226906 0.0409036 0.0903791 0.150172 0.140123 0.103845 0.0598456 0.151915 0.116736 0.123391 
0.213483 0.0160381 0.0912866 0.0945486 0.0515257 0.182862 0.0392 0.100976 0.120612 0.0894677 
0.0409917 0.0740835 0.103417 0.12786 0.087252 0.178436 0.0983954 0.075246 0.121244 0.0930744 
0.0267632 0.213541 0.106962 0.119969 0.0520547 0.108314 0.105833 0.0628246 0.123841 0.0798984 
0.0701241 0.0427909 0.0876889 0.0754392 0.105205 0.145478 0.268146 0.0241445 0.122981 0.0580034 
0.0383518 0.0334109 0.0797084 0.13761 0.162436 0.112836 0.0679112 0.11104 0.128474 0.12822 
0.044853 0.081007 0.221454 0.232812 0.0374496 0.0730271 0.0535225 0.0466655 0.157024 0.052185 
0.0550239 0.0149522 0.131582 0.437448 0.0216182 0.176786 0.0224183 0.0185542 0.0896585 0.0319587 
0.162109 0.0388874 0.112836 0.0644511 0.0833076 0.0616451 0.273399 0.0607398 0.0907268 0.0518986 
0.0405131 0.163194 0.124014 0.135623 0.0966814 0.0789768 0.0662022 0.108887 0.108469 0.0774404 
0.0335981 0.16954 0.105336 0.129755 0.0658879 0.10984 0.0766492 0.102868 0.117603 0.0889219 
0.0466449 0.1649 0.118106 0.11584 0.0816662 0.0887141 0.0803339 0.117663 0.0974977 0.088634 
0.0653822 0.0680403 0.0870022 0.200579 0.0775269 0.153442 0.0593107 0.0630549 0.133375 0.092287 
0.0225257 0.0445913 0.0407615 0.0831699 0.109883 0.172371 0.0376925 0.115004 0.142624 0.231377 
0.0709584 0.0513602 0.0582343 0.105242 0.081175 0.251406 0.0584974 0.0945849 0.146846 0.0816959 
0.0782916 0.0567901 0.320424 0.0970539 0.0626898 0.0802681 0.131564 0.0231681 0.0994584 0.0502918 
0.0194591 0.0702079 0.0241472 0.077027 0.150549 0.13941 0.03323 0.15295 0.10016 0.23286 
0.0693403 0.015891 0.0602109 0.0908309 0.211861 0.142712 0.0741849 0.120228 0.121627 0.0931141 
0.100843 0.0425249 0.0526626 0.107571 0.0957986 0.189435 0.038935 0.159327 0.124707 0.0881956 
0.0221585 0.0580841 0.0523799 0.139006 0.0914069 0.133063 0.0583596 0.179373 0.0876202 0.178549 
0.0387925 0.0968484 0.125468 0.151788 0.0801317 0.0890607 0.0602406 0.121795 0.100587 0.135288 
0.0219098 0.0480446 0.0851294 0.153697 0.14092 0.0836757 0.0536695 0.114734 0.13684 0.16138 
0.271774 0.0235181 0.0785372 0.0953239 0.0706356 0.121909 0.0624511 0.082759 0.105765 0.0873277 
0.0433933 0.066872 0.124989 0.251202 0.0737217 0.104893 0.0385685 0.0883733 0.100831 0.107156 
0.0878793 0.0916607 0.109533 0.0997208 0.104258 0.175159 0.127171 0.0156565 0.138992 0.049969 
0.0896783 0.0476267 0.0706864 0.0932759 0.0832667 0.19003 0.0484863 0.166666 0.129795 0.0804881 
0.0855342 0.0470655 0.0546911 0.188517 0.0910652 0.252908 0.0268176 0.0888426 0.0839201 0.0806391 
0.0582709 0.0192585 0.0382954 0.0871764 0.0924098 0.106282 0.034846 0.282073 0.104088 0.177299 
0.106494 0.0238495 0.227703 0.195042 0.0654197 0.0694577 0.102494 0.0466342 0.106464 0.056442 
0.0914622 0.0141814 0.46821 0.0710538 0.0308788 0.0924009 0.0517212 0.0358813 0.0935041 0.0507065 
0.0797009 0.0270084 0.069794 0.0951107 0.0640935 0.0762545 0.0223497 0.316047 0.0968641 0.152777 
0.0638741 0.141719 0.123186 0.103084 0.105698 0.0980352 0.0788341 0.101277 0.0981362 0.0861564 
0.0943156 0.0626491 0.200896 0.149563 0.0863541 0.13029 0.0436403 0.0247028 0.163453 0.0441358 
0.020758 0.072148 0.0741264 0.157203 0.112987 0.152829 0.043439 0.0908758 0.200054 0.0755797 
0.0713484 0.0854166 0.1118 0.10826 0.147244 0.0780216 0.114675 0.0667551 0.103053 0.113426 
0.048997 0.18481 0.136043 0.125309 0.0694312 0.07822 0.0698251 0.0941267 0.10835 0.0848879 
0.0568385 0.0660421 0.062952 0.144599 0.0735259 0.0887832 0.0452508 0.222622 0.095964 0.143422 
0.100605 0.108733 0.0830026 0.181953 0.0337472 0.152655 0.0637319 0.11256 0.0870194 0.0759933 
0.0718697 0.132216 0.096231 0.193771 0.0761121 0.114309 0.0474484 0.06288 0.123474 0.0816895 
0.0363807 0.0479898 0.142131 0.0979096 0.0748098 0.166151 0.143028 0.0199309 0.198089 0.0735799 
0.0336923 0.0265715 0.0558355 0.150652 0.0633631 0.117555 0.0176693 0.180399 0.20688 0.147383 
0.0651512 0.0708568 0.0769026 0.139305 0.0684002 0.0937201 0.0438704 0.210403 0.106403 0.124988 
0.0872208 0.0324684 0.0761132 0.085155 0.109504 0.129018 0.0730414 0.176005 0.0863272 0.145147 
0.0515374 0.053982 0.276683 0.164685 0.0599328 0.0628183 0.135671 0.0590389 0.0790307 0.0566211 
0.0489861 0.141613 0.19475 0.156145 0.0515067 0.0613663 0.161129 0.0328684 0.105475 0.0461618 
0.0532771 0.0376425 0.0454589 0.0526884 0.325844 0.0567715 0.0737155 0.0987842 0.115696 0.140121 
0.0314978 0.228296 0.0903564 0.140457 0.0576236 0.0921694 0.0812882 0.105283 0.0977825 0.075247 
0.0701208 0.0609814 0.0952816 0.153423 0.070038 0.208475 0.0667264 0.0321364 0.155991 0.086827 
0.0651052 0.0420722 0.112677 0.180981 0.0871905 0.138566 0.0624626 0.0739907 0.146352 0.0906026 
0.131876 0.0247321 0.0902556 0.0533053 0.0862817 0.103266 0.063628 0.0501639 0.277071 0.11942 
0.0370163 0.0459845 0.117199 0.111199 0.129795 0.0886041 0.0600291 0.221639 0.0945302 0.0940032 
0.0660319 0.0958661 0.179318 0.115155 0.0740659 0.073738 0.0628713 0.131303 0.0870792 0.114572 
0.0927524 0.0676383 0.0727644 0.158102 0.0908462 0.189835 0.122988 0.073572 0.0809829 0.0505186 
0.285336 0.0171799 0.190197 0.0762014 0.0326692 0.130429 0.0756744 0.0207029 0.130741 0.0408699 
0.0515309 0.0857356 0.152694 0.136975 0.0942765 0.103047 0.117487 0.0349922 0.11229 0.110971 
0.0551928 0.0154943 0.0439703 0.0334644 0.366768 0.0524528 0.0874372 0.0782729 0.134807 0.13214 
0.057659 0.161549 0.158128 0.156971 0.049477 0.0931533 0.135966 0.0460594 0.109325 0.031713 
0.0232711 0.040704 0.0546433 0.0992898 0.252879 0.0918364 0.0550404 0.10031 0.117092 0.164933 
0.0517056 0.139206 0.0941903 0.110139 0.0592334 0.170803 0.0930184 0.0748476 0.133843 0.0730139 
0.0264315 0.0437209 0.0393528 0.0898478 0.172118 0.0985321 0.0517632 0.143764 0.117266 0.217204 
0.0833615 0.051402 0.101114 0.149162 0.0864442 0.229465 0.071668 0.0312398 0.12209 0.0740535 
0.055459 0.0407949 0.0880694 0.174035 0.0734573 0.0797584 0.029217 0.211847 0.11654 0.130822 
0.0344462 0.0556088 0.0989736 0.165177 0.0818864 0.0782871 0.0470325 0.228106 0.0926638 0.117818 
0.037769 0.158428 0.165211 0.191174 0.0391738 0.079004 0.0946625 0.0477144 0.146243 0.0406212 
0.0492723 0.107314 0.133503 0.142292 0.0456725 0.114888 0.126497 0.0523125 0.162306 0.0659423 
0.112561 0.0228458 0.310929 0.147431 0.049465 0.0622397 0.139751 0.0197074 0.103226 0.0318433 
0.31554 0.041358 0.0858885 0.0572248 0.06973 0.0983374 0.140017 0.0556183 0.0876123 0.0486742 
0.0605227 0.0426939 0.125656 0.0756691 0.0819506 0.167499 0.0440439 0.0366365 0.276668 0.0886601 
0.0732292 0.149095 0.0978006 0.117065 0.0458862 0.194775 0.0250455 0.126342 0.107723 0.0630392 
0.0541386 0.0342689 0.0697316 0.188076 0.0456132 0.070366 0.0248891 0.303763 0.0893526 0.119802 
0.0317561 0.0726093 0.0551329 0.149493 0.0636422 0.0793169 0.0298192 0.280177 0.0961797 0.141874 
0.0217194 0.112586 0.0780046 0.129984 0.114469 0.122555 0.0501406 0.101697 0.129759 0.139086 
0.0228366 0.232942 0.111232 0.148531 0.0505368 0.0867262 0.0878083 0.065026 0.113353 0.0810094 
0.110627 0.0460262 0.0672937 0.140094 0.059771 0.168199 0.103382 0.0484857 0.181009 0.0751122 
0.0178595 0.260751 0.0858483 0.141976 0.0649616 0.0697297 0.0757495 0.0865982 0.104508 0.0920183 
0.0806687 0.0185371 0.11385 0.123469 0.100012 0.145393 0.0514867 0.0394899 0.202843 0.124251 
0.278135 0.0443345 0.0735454 0.123563 0.0509128 0.125118 0.0661956 0.119789 0.068361 0.0500455 
0.0452302 0.0525556 0.108577 0.172913 0.0727421 0.194791 0.0214795 0.0535046 0.182355 0.0958521 
0.273671 0.0309909 0.08325 0.100198 0.0566267 0.124672 0.0827472 0.0868098 0.0965738 0.0644604 
0.0285891 0.197603 0.0950929 0.144299 0.0588426 0.0943863 0.0768491 0.112126 0.106961 0.0852519 
0.0540268 0.0493464 0.0806484 0.09086 0.112762 0.0716413 0.046041 0.127934 0.163748 0.202992 
0.0149902 0.0453908 0.0798399 0.130787 0.112987 0.0516085 0.0345893 0.163185 0.136524 0.230098 
0.0421664 0.0265777 0.0786089 0.0706288 0.21632 0.0931852 0.0861051 0.123263 0.132615 0.13053 
0.02827 0.220262 0.119851 0.137937 0.0477624 0.0948069 0.0762713 0.0788774 0.116751 0.0792114 
0.0339645 0.0336784 0.111848 0.117075 0.105758 0.0677668 0.0554696 0.11641 0.246223 0.111806 
0.0670807 0.04429 0.250211 0.117275 0.0560239 0.082482 0.0902943 0.0444869 0.177768 0.0700873 
0.0356337 0.193994 0.0983066 0.126999 0.0686819 0.0828142 0.0844134 0.120374 0.100427 0.0883565 
0.0442814 0.158542 0.179998 0.190193 0.0399723 0.0748268 0.128873 0.0160664 0.137675 0.0295714 
0.0535812 0.0322942 0.0688627 0.0738216 0.163645 0.0640764 0.0623709 0.137165 0.133501 0.210682 
0.0543776 0.110614 0.114622 0.129075 0.0643675 0.0756451 0.0588665 0.163472 0.113766 0.115195 
0.0948845 0.0442379 0.0704548 0.115547 0.116667 0.202654 0.0413492 0.127917 0.119141 0.0671479 
0.0805504 0.0490788 0.0980348 0.0698166 0.116934 0.0886492 0.0675047 0.123798 0.12985 0.175783 
0.0502745 0.0379365 0.300975 0.179836 0.0541991 0.0652966 0.152007 0.0265456 0.0921862 0.0407432 
0.053759 0.0631903 0.142936 0.0983205 0.0902902 0.165355 0.222923 0.0152503 0.102676 0.0453001 
0.0343729 0.0266114 0.0625931 0.0911823 0.271834 0.055324 0.061126 0.124387 0.0956417 0.176928 
0.0405676 0.163728 0.119127 0.126238 0.0624889 0.112357 0.0767948 0.0792581 0.14288 0.0765614 
0.0574179 0.0620598 0.0827042 0.103727 0.126935 0.216277 0.11653 0.044074 0.124253 0.0660213 
0.0293778 0.0867178 0.0654639 0.0874731 0.150756 0.148181 0.0797441 0.068741 0.160209 0.123336 
0.0873539 0.0991299 0.157638 0.206439 0.0292018 0.171504 0.103427 0.00752597 0.116845 0.0209369 
0.0403156 0.0430219 0.0766961 0.0661479 0.123077 0.102723 0.0488594 0.177347 0.111403 0.210409 
0.039284 0.0887904 0.28205 0.116187 0.0862049 0.0485305 0.107474 0.0395537 0.101591 0.090335 
0.20191 0.0278962 0.129412 0.118013 0.0413298 0.184693 0.0394617 0.0584785 0.124726 0.0740786 
0.0417535 0.0480392 0.0527973 0.114445 0.232886 0.11008 0.0535687 0.0827503 0.0973741 0.166306 
0.452182 0.0168866 0.0929485 0.107172 0.0235307 0.156478 0.0375431 0.0248561 0.0655864 0.0228175 
0.300441 0.0242922 0.109115 0.0925451 0.0420956 0.165857 0.089508 0.0483652 0.100501 0.0272794 
0.0726689 0.0820977 0.235784 0.146561 0.0309949 0.151337 0.113594 0.00959348 0.127862 0.0295081 
0.0509136 0.096106 0.111726 0.221906 0.0443899 0.141711 0.0397278 0.0491578 0.175685 0.0686771 
0.058373 0.117851 0.104878 0.0960902 0.112902 0.106634 0.114393 0.0946478 0.0987936 0.0954382 
0.0403314 0.042626 0.145204 0.114184 0.0938434 0.0590737 0.0631312 0.240841 0.100117 0.100649 
0.0228758 0.216948 0.103116 0.142739 0.066875 0.0912466 0.0914572 0.0801503 0.113288 0.0713046 
0.0577726 0.0603575 0.157236 0.0977701 0.0849232 0.0929071 0.0771495 0.111133 0.11847 0.142281 
0.0274748 0.0567628 0.0613236 0.102704 0.175091 0.0898277 0.0644982 0.146341 0.128235 0.147742 
0.149832 0.0137721 0.234906 0.0556755 0.0335589 0.332801 0.0343744 0.016008 0.112245 0.0168277 
0.0461074 0.137195 0.249516 0.185438 0.0309924 0.0724249 0.1202 0.0304403 0.0949364 0.0327496 
0.0395457 0.0737639 0.126687 0.135364 0.0936702 0.0704861 0.0721166 0.122042 0.131149 0.135175 
0.0345321 0.037853 0.0536786 0.0709754 0.254686 0.102026 0.0865939 0.089137 0.163798 0.10672 
0.0607561 0.0865626 0.12463 0.211252 0.0641314 0.143733 0.0750725 0.0347964 0.133577 0.0654899 
0.0596956 0.0843579 0.119951 0.176793 0.0927963 0.132048 0.0633829 0.070238 0.118778 0.0819587 
0.423035 0.00487975 0.118163 0.0474288 0.0239108 0.108254 0.0828669 0.0233011 0.136397 0.0317644 
0.378026 0.0146229 0.0760363 0.0563072 0.0742117 0.113294 0.0880664 0.0503649 0.0870587 0.0620122 
0.0640763 0.0375253 0.120862 0.140289 0.139718 0.19256 0.0752998 0.0340256 0.119847 0.0757973 
0.024327 0.248656 0.0927472 0.154316 0.0547234 0.0869839 0.0838366 0.073523 0.106646 0.0742416 
0.080214 0.0250533 0.0985946 0.0690536 0.132942 0.0483803 0.066676 0.132363 0.169671 0.177051 
0.0734556 0.0747445 0.0710333 0.0761684 0.107433 0.150219 0.19155 0.0283873 0.151803 0.0752055 
0.0318753 0.0860276 0.0307155 0.0678631 0.13623 0.27541 0.0624408 0.0872741 0.159354 0.0628101 
0.101706 0.0304901 0.196711 0.152043 0.0934807 0.103923 0.0690078 0.0319639 0.173612 0.0470634 
0.0672288 0.0337757 0.0990722 0.111067 0.109407 0.290281 0.104319 0.0143636 0.109491 0.0609952 
0.0217871 0.136527 0.0815049 0.155472 0.0450763 0.103483 0.0559233 0.161181 0.122998 0.116047 
0.0413703 0.0887692 0.0968068 0.162316 0.0639137 0.095822 0.0404895 0.169413 0.145786 0.0953135 
0.0306271 0.0746889 0.0436951 0.135835 0.10973 0.129172 0.0489714 0.161274 0.0930076 0.172999 
0.0549945 0.122379 0.0878747 0.244139 0.0701189 0.102978 0.0355525 0.073518 0.122531 0.0859138 
0.140027 0.0692885 0.0991264 0.0966319 0.0801481 0.112667 0.0722537 0.106294 0.10456 0.119004 
0.0592576 0.0421956 0.141062 0.0809498 0.170419 0.0806317 0.0868878 0.0868574 0.12846 0.123279 
0.0508369 0.10925 0.213064 0.15104 0.0201781 0.139178 0.126805 0.00847622 0.144558 0.0366146 
0.370621 0.0146059 0.0568341 0.0600346 0.0690685 0.146911 0.0932544 0.0365964 0.0974325 0.0546412 
0.0377254 0.0729253 0.0940832 0.0749732 0.0662478 0.0764906 0.0439167 0.272684 0.112278 0.148676 
0.0221362 0.228478 0.101703 0.150065 0.0604613 0.0795949 0.079055 0.0843094 0.10888 0.0853169 
0.0291781 0.210102 0.0881749 0.13473 0.0635554 0.0843497 0.0865932 0.101232 0.105137 0.0969487 
0.0410207 0.122588 0.210075 0.165399 0.0500743 0.0810663 0.103647 0.0279949 0.150193 0.0479432 
0.0243492 0.2192 0.0973915 0.141288 0.061601 0.0796926 0.0750579 0.105972 0.101617 0.0938305 
0.0524774 0.02938 0.101503 0.135651 0.139517 0.24207 0.0329148 0.0434196 0.174576 0.0484917 
0.0818385 0.0595926 0.093657 0.268363 0.0773498 0.152097 0.0211366 0.0680408 0.109457 0.0684681 
0.0594975 0.0936137 0.148186 0.182215 0.0752381 0.127384 0.0711224 0.0643567 0.115139 0.0632472 
0.0387504 0.0563109 0.0806563 0.0981232 0.178191 0.0704793 0.0659192 0.110937 0.112028 0.188605 
0.0477305 0.0304085 0.0547117 0.146647 0.0696991 0.0680674 0.0279904 0.336453 0.0804666 0.137826 
0.0484244 0.0203267 0.126144 0.122714 0.0671175 0.258424 0.025745 0.0256607 0.199184 0.106259 
0.0697417 0.0352578 0.114802 0.0781613 0.0835241 0.139772 0.308518 0.0160667 0.0997358 0.0544204 
0.089979 0.11478 0.0880103 0.224996 0.0344295 0.139463 0.10068 0.0677067 0.0798833 0.0600732 
0.0759288 0.0457836 0.0932821 0.107094 0.172095 0.0884095 0.110578 0.104946 0.0815835 0.120299 
0.0286477 0.216785 0.0939386 0.147289 0.049877 0.0906411 0.0755175 0.096214 0.114223 0.0868672 
0.0954757 0.0910984 0.0631119 0.2603 0.0466914 0.193141 0.0284454 0.0351699 0.107378 0.0791893 
0.0401361 0.0581869 0.100454 0.119502 0.0929927 0.175699 0.0965231 0.0506104 0.174158 0.0917387 
0.0204218 0.230778 0.0989302 0.152305 0.0539128 0.0719735 0.0634567 0.0854085 0.110179 0.112634 
0.28573 0.0247039 0.0990549 0.112817 0.033226 0.127285 0.0559207 0.0645758 0.121995 0.0746909 
0.068123 0.0777622 0.0675627 0.117295 0.151448 0.192498 0.0677679 0.0409196 0.153986 0.0626376 
0.0396116 0.181672 0.123231 0.124148 0.0490587 0.109014 0.0984413 0.0793589 0.118431 0.0770334 
0.0195332 0.042507 0.0969828 0.234964 0.0826529 0.0756828 0.037939 0.167726 0.122655 0.119358 
0.0248851 0.177337 0.0846475 0.17619 0.0657144 0.101389 0.0637253 0.11193 0.107041 0.0871415 
0.0458348 0.0345392 0.106254 0.1409 0.0845567 0.25561 0.0730828 0.0267706 0.161495 0.0709579 
0.210292 0.0287426 0.11549 0.147098 0.0462122 0.151058 0.0517182 0.0509874 0.158693 0.0397085 
0.0781472 0.0342364 0.128086 0.0646053 0.120754 0.078304 0.181582 0.0890215 0.129335 0.0959293 
0.0360695 0.163061 0.107113 0.129723 0.0960774 0.0739865 0.105077 0.0874187 0.119515 0.0819595 
0.0677214 0.11005 0.099375 0.100459 0.0796687 0.120638 0.0953131 0.0468509 0.196046 0.0838777 
0.0617714 0.0393439 0.037643 0.142197 0.108702 0.324045 0.028885 0.0434534 0.132932 0.0810282 
0.05431 0.150133 0.104355 0.114732 0.0666248 0.0986683 0.0873919 0.125262 0.0919687 0.106554 
0.0294003 0.090435 0.0404336 0.102748 0.118445 0.0871069 0.0383193 0.211752 0.129847 0.151513 
0.0372223 0.0637625 0.0779007 0.113122 0.17819 0.0837811 0.0687892 0.108829 0.121705 0.146699 
0.0351554 0.0189319 0.107381 0.0780771 0.33752 0.048687 0.101074 0.103057 0.103572 0.0665449 
0.0515992 0.0427641 0.120931 0.0716536 0.10611 0.116635 0.215451 0.0704219 0.115263 0.0891716 
0.0563966 0.0279888 0.122841 0.139793 0.0718421 0.0999522 0.0306531 0.215419 0.142567 0.0925472 
0.0396266 0.11981 0.235509 0.177351 0.0263846 0.0878748 0.16927 0.0254374 0.0950659 0.0236711 
0.0886195 0.0575956 0.122064 0.0948229 0.0902848 0.202361 0.0473994 0.0414846 0.164297 0.0910705 
0.2144 0.0246343 0.102302 0.105903 0.0763673 0.166614 0.0699633 0.0517498 0.117265 0.0708015 
0.0623296 0.0729278 0.110802 0.0993415 0.0883643 0.101978 0.126113 0.154509 0.0941652 0.0894687 
0.0446809 0.0247588 0.126002 0.110677 0.151027 0.193877 0.0391636 0.0309159 0.174331 0.104567 
0.0864583 0.0716572 0.138138 0.0882123 0.0719833 0.142013 0.208494 0.0204379 0.111489 0.0611175 
0.0689275 0.0570977 0.0728345 0.236035 0.0595631 0.194541 0.0323695 0.0884205 0.111279 0.0789324 
0.0312015 0.0324495 0.0779388 0.185841 0.0790177 0.0760423 0.0243824 0.285106 0.0888568 0.119165 
0.0367906 0.0736331 0.363381 0.133869 0.0218989 0.118372 0.11545 0.0163556 0.0884841 0.0317659 
0.19366 0.0294702 0.180876 0.139587 0.05411 0.0875758 0.0558531 0.0439568 0.138254 0.0766575 
0.0424019 0.0907282 0.141496 0.134884 0.074612 0.13127 0.0488713 0.0551411 0.196303 0.0842936 
0.0360991 0.0598743 0.114249 0.117311 0.0956019 0.0957858 0.0675097 0.074588 0.212773 0.126209 
0.0705864 0.0391769 0.100395 0.0913254 0.113058 0.277877 0.0880849 0.0282904 0.141311 0.0498957 
0.0422509 0.0576281 0.0662989 0.120113 0.165164 0.102977 0.055932 0.13042 0.107212 0.152004 
0.0329093 0.175643 0.0992382 0.133048 0.0593169 0.0868335 0.079209 0.125064 0.115898 0.09284 
0.0255397 0.224182 0.0962138 0.136452 0.0622136 0.0815373 0.0818703 0.0930473 0.109389 0.0895548 
0.0582801 0.043367 0.0709122 0.0962754 0.190507 0.109866 0.085714 0.0901568 0.127651 0.12727 
0.145075 0.0168573 0.158643 0.0500251 0.0386537 0.377621 0.0705615 0.0140596 0.111292 0.0172117 
0.0732233 0.050008 0.0996643 0.199776 0.0866783 0.0448381 0.0648188 0.251446 0.0733577 0.0561893 
0.0548109 0.0533987 0.0695312 0.214566 0.0823875 0.188779 0.0581164 0.0767026 0.124878 0.0768299 
0.0645216 0.0502478 0.0606608 0.162089 0.0777304 0.0940167 0.0485151 0.203112 0.109818 0.129289 
0.0725426 0.0524937 0.0947801 0.0670483 0.095286 0.119758 0.33141 0.032092 0.100661 0.0339285 
0.0381391 0.189382 0.109085 0.125502 0.0544631 0.0840633 0.094644 0.091907 0.115059 0.0977565 
0.143121 0.0639422 0.0665423 0.133575 0.0742215 0.161152 0.138278 0.0646944 0.0863181 0.0681556 
0.0434873 0.0994482 0.180222 0.110397 0.102349 0.0927689 0.087767 0.0837472 0.116225 0.0835889 
0.0435592 0.171815 0.128785 0.129769 0.0856475 0.0764171 0.0682196 0.0961742 0.119593 0.0800204 
0.0168765 0.0617153 0.0479599 0.139065 0.110262 0.10547 0.0483218 0.186364 0.127389 0.156575 
0.143573 0.0106669 0.386026 0.122732 0.0404441 0.0711836 0.0565701 0.0458123 0.0823656 0.0406265 
0.112241 0.0342171 0.125589 0.117932 0.0941391 0.191222 0.0671133 0.0546865 0.150588 0.0522719 
0.0683738 0.0518321 0.130593 0.0864043 0.0989013 0.136543 0.216123 0.0479034 0.0922976 0.0710275 
0.0298421 0.182607 0.107567 0.143063 0.0608406 0.0834379 0.0662771 0.12387 0.111579 0.090916 
0.0988342 0.0640552 0.0784206 0.0690855 0.14381 0.0840489 0.0779476 0.11838 0.123599 0.141819 
0.0600262 0.056652 0.0526788 0.148509 0.0692123 0.233735 0.0961298 0.0425721 0.148984 0.0915013 
0.058269 0.105792 0.265584 0.16249 0.0613514 0.0640467 0.107554 0.0310858 0.0977187 0.0461085 
0.0703899 0.061342 0.0934783 0.14817 0.0884403 0.223071 0.061709 0.0321051 0.14651 0.074784 
0.0549174 0.041173 0.0732145 0.070112 0.233769 0.114237 0.0775368 0.0827711 0.125074 0.127195 
0.0933287 0.0295263 0.0528223 0.0602291 0.31096 0.0553201 0.108844 0.0702492 0.0787279 0.139992 
0.213523 0.0172255 0.210374 0.0997781 0.0616519 0.135454 0.0616271 0.0298506 0.124631 0.0458847 
0.0381117 0.0954109 0.120999 0.151935 0.0836967 0.129973 0.0505753 0.0573725 0.180387 0.0915398 
0.0650706 0.0402901 0.136635 0.299529 0.0636623 0.202501 0.0397071 0.0422867 0.0745171 0.0358001 
0.0976499 0.0574795 0.078194 0.0748486 0.125337 0.121215 0.0863742 0.109477 0.138946 0.11048 
0.0707395 0.0918131 0.175033 0.16149 0.0614435 0.0854472 0.0739054 0.093362 0.12079 0.0659768 
0.0327509 0.0235893 0.0863107 0.0723572 0.313461 0.0566647 0.0441036 0.0900602 0.0992209 0.181481 
0.104511 0.0247422 0.0555033 0.0970292 0.0784615 0.184574 0.113398 0.0619596 0.159629 0.120193 
0.264932 0.0244156 0.0946529 0.0899841 0.037173 0.157735 0.0194527 0.0782811 0.125401 0.107972 
0.0798018 0.0869235 0.125953 0.217841 0.0415285 0.155939 0.0718434 0.0455246 0.115484 0.0591612 
0.0227087 0.174675 0.104764 0.168286 0.0672391 0.103456 0.0777476 0.0747473 0.125238 0.0811385 
0.0451757 0.0295938 0.0597316 0.117276 0.0485506 0.0760812 0.0245574 0.332437 0.117347 0.14925 
0.0423519 0.0998418 0.0919863 0.137143 0.0614952 0.0937191 0.0435778 0.181861 0.118139 0.129885 
0.0355297 0.0198275 0.0234335 0.215194 0.05992 0.307821 0.00855563 0.121402 0.13596 0.0723565 
0.0544196 0.00850412 0.0339676 0.116304 0.0422928 0.0898565 0.0111183 0.40587 0.132909 0.104758 
0.0279045 0.122484 0.100827 0.10616 0.152164 0.0605708 0.069302 0.0961999 0.107606 0.156782 
0.0608036 0.0279541 0.0454427 0.0971071 0.0960346 0.11324 0.0341039 0.255001 0.125871 0.144442 
0.0253898 0.204982 0.110602 0.133041 0.0510764 0.0919881 0.104238 0.0782441 0.121895 0.0785434 
