0.0773438 0.0296842 0.0717436 0.165572 0.0772521 0.100021 0.0356638 0.210072 0.0951163 0.137531 
0.111201 0.059531 0.300962 0.107359 0.0114775 0.137911 0.158965 0.00467444 0.0819695 0.0259492 
0.0508393 0.163877 0.114845 0.104836 0.0822105 0.101013 0.107053 0.0963258 0.0913954 0.0876047 
0.383504 0.0277971 0.073717 0.0719644 0.0352331 0.0988733 0.0852318 0.0703243 0.068302 0.0850527 
0.120942 0.0391675 0.0685462 0.048415 0.194306 0.0795602 0.10539 0.109738 0.107267 0.126667 
0.0442901 0.178913 0.0955581 0.12396 0.0744815 0.0901619 0.0731679 0.122236 0.0980769 0.0991544 
0.0506443 0.0472189 0.0325272 0.0687963 0.211711 0.127127 0.0481668 0.129257 0.137591 0.146959 
0.0394928 0.137563 0.0752678 0.0833101 0.0907664 0.108442 0.0800436 0.0850198 0.0927747 0.20732 
0.129731 0.0365384 0.111017 0.0259756 0.176573 0.116642 0.194021 0.0438702 0.10206 0.0635706 
0.072054 0.0243504 0.0373079 0.0539815 0.178316 0.0795877 0.0455159 0.158541 0.135874 0.214472 
0.326409 0.0394025 0.0771118 0.0806329 0.0456375 0.157524 0.073851 0.0354436 0.100738 0.0632493 
0.090973 0.0842828 0.117225 0.0973735 0.102725 0.0650328 0.162056 0.0415715 0.145288 0.093473 
0.0548646 0.0517931 0.0912929 0.103319 0.126637 0.0937136 0.0695155 0.121979 0.104023 0.182864 
0.259478 0.0300175 0.102166 0.0719545 0.0565574 0.143285 0.0442652 0.0684717 0.117081 0.106724 
0.0339448 0.236558 0.0867284 0.162573 0.0431511 0.0889393 0.0755496 0.0630624 0.102121 0.107373 
0.109482 0.0711739 0.0699472 0.12434 0.066494 0.285727 0.0729478 0.0423252 0.0960165 0.0615462 
0.0876815 0.0265545 0.0863307 0.0686155 0.14921 0.0641842 0.0797276 0.135133 0.113656 0.188906 
0.0902606 0.0146795 0.0680524 0.174794 0.0694037 0.0720043 0.0317547 0.308368 0.071803 0.0988798 
0.105102 0.0361069 0.142926 0.114864 0.111251 0.153168 0.0626241 0.0453087 0.109064 0.119585 
0.0708358 0.0702225 0.0731847 0.0886654 0.173604 0.10098 0.0823618 0.104581 0.100963 0.134602 
0.0780653 0.0477757 0.0319924 0.0985344 0.131166 0.103116 0.0253299 0.175411 0.0945974 0.214012 
0.084194 0.0689298 0.0929363 0.0777248 0.0677468 0.161705 0.229575 0.0301086 0.105549 0.0815303 
0.0617208 0.0599279 0.0898945 0.0628709 0.166531 0.0592158 0.174539 0.123836 0.0934447 0.10802 
0.081256 0.0546002 0.0924741 0.116904 0.129746 0.224928 0.105774 0.0299482 0.0991474 0.065222 
0.0713699 0.0723279 0.0728794 0.0700447 0.175539 0.100524 0.0926781 0.13394 0.0765452 0.134152 
0.48998 0.00366693 0.0332598 0.0180913 0.0598779 0.147764 0.115938 0.0257225 0.0651738 0.0405248 
0.0540166 0.0328391 0.0707918 0.0980488 0.0540291 0.104733 0.0429367 0.235557 0.0932438 0.213804 
0.0843734 0.0419744 0.0717691 0.0684251 0.200749 0.105933 0.0967074 0.0821705 0.102056 0.145842 
0.3871 0.0190863 0.116529 0.0763233 0.027263 0.106202 0.0380875 0.0594873 0.0917429 0.0781797 
0.044414 0.165991 0.0791771 0.13931 0.0504956 0.144142 0.101819 0.0707345 0.0966476 0.107269 
0.0497971 0.0458537 0.0580489 0.234585 0.0542524 0.141845 0.0437548 0.129875 0.0824792 0.159509 
0.042021 0.161056 0.0792861 0.154676 0.0714989 0.0981551 0.0754283 0.100882 0.0991709 0.117826 
0.0476627 0.0458184 0.105654 0.168951 0.0835832 0.220653 0.0549743 0.0380291 0.125109 0.109565 
0.186304 0.0156245 0.106668 0.0261851 0.180819 0.147915 0.131138 0.044544 0.0840202 0.0767818 
0.0953038 0.0347478 0.102947 0.140252 0.0837274 0.0813256 0.0300581 0.22196 0.0902123 0.119465 
0.12724 0.0604388 0.183175 0.144531 0.0468289 0.205299 0.0596387 0.0189559 0.129644 0.0242487 
0.0573372 0.0472704 0.107214 0.142729 0.0696032 0.0953556 0.0393398 0.172871 0.123 0.145279 
0.0297702 0.209583 0.080208 0.150386 0.0490657 0.106556 0.0843708 0.0805821 0.10269 0.106789 
0.0944228 0.103294 0.184719 0.138982 0.0261531 0.129346 0.120542 0.0269677 0.116184 0.0593893 
0.0361061 0.20068 0.113544 0.117823 0.0462179 0.104228 0.0940022 0.0666126 0.124947 0.095838 
0.063214 0.165806 0.099966 0.109892 0.058477 0.116544 0.0899109 0.0972893 0.0930833 0.105818 
0.0787082 0.056469 0.0837674 0.115645 0.0892864 0.0861108 0.0482964 0.187268 0.0824309 0.172017 
0.0244223 0.0834187 0.0728209 0.103756 0.207201 0.0629965 0.0582443 0.124123 0.0994392 0.163578 
0.064392 0.0917705 0.226695 0.117271 0.0715027 0.0893511 0.0844742 0.0486403 0.105919 0.0999842 
0.0795629 0.0682483 0.103248 0.161865 0.0713122 0.148264 0.0986308 0.0673221 0.0811327 0.120414 
0.0946515 0.0566868 0.0639668 0.143615 0.0639975 0.214694 0.0929853 0.0459455 0.111085 0.112372 
0.0280901 0.165198 0.0933037 0.190088 0.0711855 0.129973 0.0622365 0.0601511 0.0857154 0.114059 
0.0578013 0.120067 0.187564 0.141842 0.0514756 0.0898704 0.165446 0.0307722 0.107839 0.0473231 
0.0209484 0.0259949 0.0371506 0.0732909 0.243349 0.109656 0.0657968 0.0714221 0.144181 0.208211 
0.0679413 0.0258098 0.0740008 0.0413616 0.290815 0.0454971 0.0888603 0.0986241 0.102942 0.164148 
0.147141 0.0407929 0.072102 0.0975592 0.0583008 0.174675 0.221754 0.0345857 0.0879023 0.0651868 
0.101849 0.0403235 0.109537 0.218975 0.0617109 0.139557 0.0761161 0.095901 0.0847857 0.0712455 
0.106385 0.079456 0.0650385 0.0824855 0.126869 0.194499 0.0851966 0.0691946 0.0944239 0.0964528 
0.0857522 0.0532166 0.0677217 0.109816 0.109342 0.170327 0.109848 0.0769305 0.108375 0.10867 
0.12899 0.0154927 0.233443 0.0568612 0.090621 0.0546966 0.209239 0.0301822 0.12977 0.0507047 
0.244877 0.024409 0.0903043 0.090487 0.0550233 0.165774 0.0611501 0.0444166 0.116955 0.106603 
0.0694771 0.0179055 0.070241 0.0628673 0.290537 0.0889507 0.0956475 0.0794725 0.115252 0.10965 
0.0535659 0.157046 0.10976 0.109053 0.0697549 0.0984218 0.0808669 0.111527 0.104376 0.105627 
0.0575256 0.0272048 0.0774866 0.0587351 0.151033 0.0710608 0.0687201 0.145871 0.120479 0.221885 
0.10921 0.0866527 0.0838986 0.0737363 0.111192 0.151931 0.0710348 0.110127 0.112273 0.0899446 
0.0212121 0.0278289 0.0712123 0.183295 0.039936 0.0599023 0.029403 0.417623 0.0552466 0.0943406 
0.111722 0.0313623 0.167157 0.105767 0.0891848 0.116293 0.0685857 0.0417549 0.178257 0.0899169 
0.0687966 0.0548152 0.104275 0.0894912 0.11774 0.126769 0.0969593 0.0929452 0.108169 0.140039 
0.0841796 0.0852315 0.1378 0.195839 0.06946 0.0904496 0.0734128 0.0474578 0.11133 0.104841 
0.055751 0.0212681 0.0938897 0.182915 0.0846904 0.0797636 0.0264895 0.226118 0.0944306 0.134684 
0.0700538 0.0787208 0.069739 0.114153 0.146933 0.129355 0.0881148 0.0791783 0.100539 0.123213 
0.0894852 0.0647667 0.0876481 0.151445 0.118106 0.100211 0.115321 0.108163 0.0927333 0.07212 
0.0926423 0.034502 0.069587 0.0476266 0.278733 0.0516601 0.0953073 0.102863 0.0947275 0.132351 
0.0704031 0.053962 0.0863338 0.246334 0.0786829 0.13525 0.0516529 0.0543944 0.108061 0.114927 
0.349422 0.0145329 0.0798147 0.069518 0.0253903 0.215552 0.10583 0.0334254 0.0753338 0.0311807 
0.0979867 0.0232723 0.0809241 0.136736 0.0542399 0.0332195 0.0284952 0.377516 0.0785273 0.0890832 
0.466503 0.0130152 0.0745433 0.0521885 0.0299865 0.140147 0.0824948 0.0177434 0.0821827 0.0411958 
0.196291 0.0212004 0.217012 0.142418 0.0485261 0.153935 0.0673832 0.0190661 0.0868073 0.0473604 
0.0490984 0.0954531 0.0587589 0.160039 0.0531672 0.0983236 0.0373407 0.153918 0.117474 0.176428 
0.0356933 0.182241 0.0902507 0.130305 0.052429 0.127148 0.0826359 0.0787482 0.118326 0.102222 
0.0262719 0.0728491 0.119706 0.106474 0.081029 0.0569268 0.0532587 0.226426 0.107501 0.149557 
0.0696211 0.109146 0.0803899 0.178847 0.0655317 0.1598 0.0772578 0.0434852 0.110629 0.105294 
0.071217 0.0912973 0.128727 0.098995 0.0933601 0.0922343 0.0636474 0.122021 0.100942 0.137559 
0.0500558 0.0939143 0.0621964 0.147695 0.10266 0.0951265 0.0648291 0.102559 0.117804 0.16316 
0.0538664 0.0239376 0.0299667 0.0721219 0.0757819 0.0602369 0.0133891 0.359626 0.127581 0.183492 
0.0606816 0.0574436 0.0584251 0.0840403 0.0850648 0.125888 0.0477242 0.253654 0.0785584 0.14852 
0.145694 0.049296 0.10729 0.080896 0.0828147 0.158139 0.180574 0.0443192 0.0751138 0.0758629 
0.11927 0.0419419 0.307675 0.156195 0.0416843 0.0775021 0.0896976 0.0129133 0.107153 0.0459673 
0.0628795 0.0424072 0.0619379 0.0979622 0.0845367 0.100221 0.0488025 0.248811 0.0844449 0.167997 
0.0643912 0.0898208 0.0719279 0.0753414 0.137903 0.154954 0.0854477 0.042733 0.195126 0.0823548 
0.0363515 0.0202914 0.0204451 0.0529172 0.369202 0.0686939 0.0755852 0.0613792 0.135712 0.159422 
0.043692 0.0770016 0.0571664 0.110227 0.0650602 0.0618713 0.0277693 0.302566 0.0941436 0.160503 
0.0828629 0.0492535 0.0566195 0.131808 0.118659 0.22009 0.0639316 0.0914942 0.0766823 0.108599 
0.0822858 0.0884671 0.141562 0.052673 0.0928146 0.0943177 0.249836 0.0357629 0.0873919 0.0748885 
0.0385306 0.199764 0.105845 0.109544 0.0871552 0.0935255 0.100818 0.0728252 0.112687 0.0793049 
0.0854001 0.0711308 0.0602314 0.285672 0.0457304 0.140319 0.0256649 0.0780604 0.103355 0.104436 
0.0489536 0.0867753 0.130411 0.0771394 0.0782604 0.109447 0.255825 0.042883 0.105431 0.0648747 
0.0733787 0.0939621 0.0931164 0.0964896 0.120573 0.118834 0.0710384 0.105922 0.109156 0.117529 
0.0763984 0.0560303 0.071834 0.222237 0.0407873 0.144579 0.0378185 0.119571 0.0829529 0.147791 
0.0220163 0.236989 0.110136 0.105984 0.0694825 0.121319 0.0948346 0.0461286 0.112806 0.0803039 
0.0585013 0.0459558 0.0577315 0.0270718 0.260521 0.0553489 0.144037 0.113714 0.0908583 0.14626 
0.0368217 0.147536 0.0761693 0.122978 0.0764045 0.128774 0.0648086 0.111073 0.104938 0.130498 
0.0429207 0.0675115 0.0999999 0.140812 0.0788851 0.0969466 0.0870047 0.159274 0.103509 0.123137 
0.12759 0.0515994 0.105555 0.0577535 0.0626516 0.167145 0.287638 0.0184067 0.0879528 0.033707 
0.0431601 0.0239665 0.0615364 0.0456179 0.119582 0.0418669 0.0555368 0.199734 0.105517 0.303483 
0.0908968 0.113576 0.0909812 0.0801641 0.0705182 0.0758497 0.201579 0.0692659 0.1176 0.0895698 
0.269393 0.0335883 0.0936166 0.0569553 0.045374 0.162039 0.0769335 0.044753 0.123285 0.0940633 
0.0544993 0.0290824 0.0327453 0.103529 0.0874393 0.314886 0.0222962 0.0770864 0.156279 0.122157 
0.0627131 0.0383736 0.0736317 0.0718452 0.316976 0.0767652 0.0973613 0.0710806 0.0761449 0.115108 
0.0515822 0.0333283 0.102494 0.0653408 0.118763 0.15926 0.0679814 0.0806462 0.107192 0.213412 
0.0575163 0.0509388 0.0939707 0.0761276 0.128097 0.0965623 0.0695179 0.104599 0.119042 0.203629 
0.116721 0.0188105 0.214228 0.163841 0.0845522 0.103226 0.073655 0.0336355 0.120644 0.0706878 
0.072957 0.164442 0.115414 0.112844 0.0645438 0.0898747 0.0974976 0.065391 0.131002 0.0860341 
0.0436034 0.0662083 0.0313681 0.0928686 0.135375 0.133418 0.0754796 0.104882 0.11859 0.198207 
0.0791191 0.0580235 0.0991773 0.0624251 0.174317 0.0581787 0.102898 0.139526 0.0826656 0.14367 
0.0714083 0.101406 0.0869914 0.168312 0.0645935 0.110733 0.0887202 0.0228097 0.176194 0.108833 
0.0473709 0.141241 0.0890458 0.143803 0.0598886 0.0661158 0.0601011 0.158255 0.106366 0.127813 
0.103944 0.0799606 0.0893716 0.180311 0.0576711 0.15278 0.0599745 0.0509972 0.110895 0.114095 
0.0334486 0.0682642 0.0889091 0.0899019 0.122787 0.0653013 0.0660904 0.138956 0.114968 0.211373 
0.0458337 0.076429 0.144041 0.089438 0.0869932 0.0661671 0.070579 0.169845 0.0853326 0.165341 
0.0625428 0.0844488 0.105888 0.0715779 0.125341 0.0922618 0.119809 0.0843442 0.105537 0.14825 
0.037781 0.0935445 0.0840344 0.105094 0.171396 0.0859723 0.0880163 0.083026 0.106081 0.145054 
0.0519883 0.0218074 0.0641667 0.0488456 0.334668 0.0574763 0.0894009 0.0638481 0.132781 0.135018 
0.0661956 0.0674221 0.112036 0.0800349 0.146638 0.0799898 0.0830312 0.109722 0.0925405 0.16239 
0.119989 0.0427977 0.13334 0.0660507 0.0836313 0.152025 0.0803207 0.102553 0.111128 0.108164 
0.0673003 0.0247071 0.0669894 0.125353 0.0889696 0.281821 0.0677852 0.0335943 0.147684 0.0957953 
0.123127 0.0376084 0.119972 0.0522192 0.15481 0.0753284 0.11709 0.0791091 0.120192 0.120544 
0.0555541 0.0569383 0.0866598 0.133205 0.0995193 0.105934 0.0545243 0.213297 0.0767294 0.117639 
0.0750533 0.0877907 0.0745832 0.0920409 0.0936568 0.101216 0.223372 0.0717824 0.101649 0.078855 
0.0368517 0.0324839 0.0185137 0.0853059 0.212129 0.0442696 0.0504244 0.210761 0.140895 0.168365 
0.0407814 0.0997555 0.0916145 0.0892993 0.136569 0.0648903 0.088149 0.0830026 0.102734 0.203205 
0.266018 0.0150671 0.132775 0.153892 0.0357186 0.107133 0.0421479 0.0835122 0.074932 0.0888044 
0.105415 0.0714084 0.0771129 0.0796735 0.0916492 0.25465 0.057037 0.0404358 0.120448 0.10217 
0.0314544 0.0389466 0.0792008 0.159977 0.0876057 0.141817 0.0467016 0.0586704 0.205727 0.149899 
0.109795 0.0562739 0.0730786 0.129068 0.0963795 0.198467 0.0506926 0.0461898 0.119272 0.120783 
0.0983103 0.0378008 0.0697291 0.054477 0.151895 0.124867 0.229975 0.0445269 0.0857388 0.10268 
0.0840491 0.0288475 0.0983245 0.0508434 0.0846523 0.141621 0.355733 0.0180428 0.08193 0.0559562 
0.0679234 0.0300553 0.123235 0.142281 0.0386014 0.278337 0.121751 0.0184085 0.11875 0.0606578 
0.0787012 0.0177276 0.195274 0.0858902 0.0901484 0.0397642 0.0370216 0.210326 0.114586 0.130561 
0.0430832 0.0973878 0.0787605 0.154117 0.0673093 0.151624 0.0549293 0.0392198 0.199551 0.114018 
0.0330266 0.233758 0.111215 0.126033 0.0412547 0.0877642 0.0954858 0.0609023 0.118818 0.0917418 
0.281973 0.0326128 0.0851333 0.0825669 0.0427635 0.145537 0.091687 0.0478702 0.105522 0.0843339 
0.0425103 0.206687 0.105148 0.133033 0.0506435 0.0902722 0.107516 0.0666928 0.106256 0.0912413 
0.111215 0.0682286 0.0796974 0.0671125 0.0786773 0.087852 0.278063 0.0457896 0.0963793 0.0869859 
0.0887353 0.0459245 0.0960542 0.0399047 0.21925 0.0587515 0.0915338 0.101848 0.14086 0.117138 
0.127111 0.0695701 0.105138 0.0834149 0.0873423 0.138373 0.17121 0.0492008 0.0921463 0.0764924 
0.0392253 0.0373876 0.0722186 0.11599 0.0386912 0.0572056 0.0297993 0.441018 0.0911514 0.0773123 
0.0601331 0.0320216 0.215516 0.153896 0.104984 0.0787656 0.0235365 0.104044 0.125747 0.101356 
0.0479897 0.187341 0.11596 0.116876 0.0520533 0.096389 0.104362 0.0802973 0.109166 0.0895656 
0.0665689 0.0606285 0.165373 0.0947726 0.0838699 0.0533832 0.0624274 0.162349 0.08263 0.167997 
0.0454461 0.166438 0.0890394 0.147854 0.0609562 0.11174 0.0828553 0.090745 0.101844 0.103082 
0.05807 0.0902906 0.0851898 0.104571 0.111259 0.144406 0.0720403 0.0593596 0.149763 0.12505 
0.0711738 0.0378267 0.30723 0.198891 0.0629341 0.152965 0.0646785 0.0109271 0.0722809 0.0210929 
0.258212 0.0359905 0.101663 0.0982269 0.0444917 0.153637 0.092129 0.0409948 0.10326 0.0713952 
0.0492314 0.047942 0.101199 0.098593 0.124794 0.0988986 0.0692204 0.0715787 0.11696 0.221583 
0.0622263 0.0527535 0.0798888 0.0886915 0.128842 0.100783 0.0966744 0.105875 0.107744 0.176522 
0.0985412 0.0223886 0.129652 0.0769294 0.0864081 0.0790751 0.033645 0.0591041 0.139197 0.275059 
0.0885052 0.0605315 0.107458 0.0619108 0.106812 0.241078 0.0522136 0.0451635 0.167466 0.0688618 
0.0911564 0.067581 0.0988273 0.125308 0.0526249 0.190272 0.0827596 0.0483767 0.108182 0.134912 
0.0371671 0.189248 0.0912473 0.120564 0.0774856 0.0855127 0.0986095 0.104449 0.087626 0.10809 
0.0957435 0.0473521 0.0450256 0.0621622 0.15337 0.253307 0.107037 0.0322269 0.117924 0.0858515 
0.092229 0.0416884 0.121823 0.0674838 0.131784 0.102318 0.2219 0.054885 0.067825 0.0980639 
0.277263 0.0316781 0.08085 0.0709623 0.0459627 0.113663 0.1025 0.082187 0.0896483 0.105286 
0.166777 0.0501731 0.18577 0.174343 0.0368888 0.105479 0.0593789 0.0796044 0.0775353 0.0640506 
0.0557681 0.099029 0.0986932 0.107281 0.129003 0.0737755 0.112731 0.0929383 0.0913285 0.139452 
0.0297255 0.0690288 0.0900783 0.0744715 0.257175 0.0967699 0.0820214 0.0728026 0.104231 0.123697 
0.10559 0.0325456 0.122207 0.0751514 0.0973444 0.146229 0.270148 0.0287842 0.0683248 0.0536752 
0.0878959 0.0388666 0.0649318 0.128718 0.0481413 0.372118 0.0283071 0.0220216 0.144526 0.0644735 
0.0415165 0.0101147 0.0431553 0.0646791 0.260214 0.0637611 0.0617807 0.173285 0.0983739 0.183121 
0.0685925 0.0485271 0.0834379 0.0753024 0.143769 0.0700383 0.191713 0.115477 0.0805494 0.122594 
0.100949 0.0446817 0.0768004 0.114133 0.0652846 0.244848 0.105409 0.0328693 0.120967 0.0940588 
0.114169 0.0466338 0.100564 0.050057 0.165958 0.0716465 0.0972563 0.0943121 0.0944361 0.164967 
0.0854652 0.0623594 0.0643251 0.108521 0.128016 0.204773 0.0844467 0.0664843 0.0935635 0.102046 
0.0427078 0.221938 0.103325 0.129391 0.0409174 0.10834 0.0954577 0.0699251 0.105705 0.0822934 
0.0616662 0.0602871 0.053765 0.0888238 0.199629 0.0938243 0.0712311 0.114068 0.0925498 0.164156 
0.0423648 0.0802086 0.0597015 0.0886742 0.186458 0.12445 0.0833753 0.0885309 0.107224 0.139013 
0.0622054 0.0606246 0.0824895 0.149203 0.0327439 0.0541602 0.0295929 0.306531 0.0858994 0.13655 
0.143217 0.0799938 0.222933 0.154223 0.0235787 0.138587 0.0572886 0.00484728 0.13712 0.0382113 
0.144306 0.0562613 0.0812324 0.137962 0.0860006 0.14487 0.0595315 0.0770551 0.099825 0.112955 
0.102553 0.0844915 0.212191 0.12831 0.0628336 0.0818631 0.111138 0.0412035 0.0900561 0.0853603 
0.068577 0.107656 0.0703409 0.124336 0.0839904 0.096219 0.0723216 0.152575 0.0950945 0.128889 
0.0596562 0.177269 0.101446 0.115932 0.0492026 0.116233 0.0939739 0.0784954 0.103128 0.104662 
0.0576239 0.0676021 0.110177 0.108536 0.116686 0.118401 0.0974004 0.0775636 0.11932 0.12669 
0.0361679 0.201873 0.0958874 0.132379 0.0467603 0.0903297 0.0974336 0.0807201 0.108295 0.110154 
0.0504562 0.120598 0.126686 0.115553 0.0473314 0.137484 0.0912982 0.0371818 0.169228 0.104184 
0.0363491 0.192553 0.0917256 0.141203 0.0564376 0.0939 0.0844425 0.0956523 0.0995516 0.108185 
0.0438916 0.129233 0.116673 0.111936 0.0556079 0.120321 0.121456 0.0326427 0.169199 0.0990404 
0.0762363 0.0717851 0.0962642 0.120203 0.0972177 0.189581 0.0933113 0.0479262 0.119768 0.087707 
0.446343 0.0108924 0.046891 0.0800525 0.0372021 0.183307 0.0703941 0.0177609 0.0803284 0.0268282 
0.0832524 0.0988341 0.0792578 0.135905 0.0712439 0.14012 0.114367 0.0449807 0.140971 0.0910688 
0.0815205 0.0429083 0.0671125 0.048783 0.20085 0.0471186 0.111328 0.112858 0.0944211 0.1931 
0.0828929 0.0689053 0.296564 0.215868 0.0147611 0.0906823 0.0785913 0.011785 0.0940457 0.0459036 
0.09999 0.0433988 0.134224 0.149806 0.0441255 0.232182 0.0434118 0.0323285 0.124633 0.0959007 
0.46556 0.0123394 0.0551903 0.0598506 0.0231259 0.168739 0.0407516 0.0214203 0.104158 0.0488649 
0.0520951 0.143999 0.0829939 0.153594 0.0777284 0.124359 0.07309 0.0804857 0.0993312 0.112324 
0.0414416 0.194272 0.0850347 0.118742 0.0744025 0.069523 0.0582952 0.117397 0.131947 0.108944 
0.0397876 0.14134 0.0812272 0.130254 0.088473 0.152353 0.0824551 0.0740045 0.103789 0.106316 
0.291654 0.0182891 0.0740855 0.101657 0.0975038 0.177133 0.0579882 0.055407 0.0662079 0.060075 
0.0276149 0.0442812 0.0750516 0.141856 0.177904 0.124236 0.0520582 0.0900143 0.120303 0.146681 
0.254809 0.0254593 0.104069 0.111817 0.0443556 0.129149 0.0439583 0.0708903 0.100386 0.115107 
0.0340394 0.0653763 0.124916 0.115724 0.0922601 0.17683 0.0948022 0.0627508 0.133568 0.0997323 
0.034495 0.212562 0.107741 0.107607 0.0561186 0.103774 0.119005 0.0588895 0.11643 0.0833766 
0.0628356 0.0368354 0.108382 0.0667521 0.104799 0.17276 0.278604 0.0193882 0.0887988 0.0608453 
0.0499299 0.0523207 0.0778669 0.111243 0.173521 0.114341 0.0776699 0.0907004 0.108953 0.143454 
0.0794501 0.0792262 0.212629 0.197027 0.0333397 0.0820408 0.07543 0.0415122 0.125023 0.074322 
0.0950973 0.0249237 0.115518 0.409688 0.0176226 0.164191 0.0378023 0.01805 0.0661545 0.050953 
0.151923 0.0392639 0.094106 0.0479691 0.0926427 0.0871544 0.306022 0.0401594 0.0801384 0.0606208 
0.0440451 0.176227 0.11908 0.123449 0.0863977 0.076646 0.0786079 0.104428 0.103553 0.0875656 
0.0467781 0.18431 0.0842601 0.135507 0.0673424 0.0989033 0.0899212 0.0922082 0.0946538 0.106116 
0.0500265 0.162803 0.11092 0.104708 0.0813039 0.101777 0.0930365 0.108552 0.0929357 0.0939373 
0.0726757 0.0753483 0.0863763 0.172074 0.0693951 0.146623 0.0809508 0.0709652 0.10366 0.121931 
0.0269222 0.0438342 0.0381436 0.078133 0.108839 0.165409 0.047451 0.0984469 0.133104 0.259717 
0.0935449 0.0368548 0.0641809 0.102391 0.0771883 0.285153 0.0697541 0.0626985 0.116277 0.0919579 
0.121319 0.0689367 0.32215 0.0926423 0.0594525 0.0693722 0.0939214 0.0251829 0.0792373 0.0677855 
0.019646 0.0647531 0.0284668 0.0710661 0.124987 0.184326 0.0419865 0.119856 0.102191 0.242722 
0.0628849 0.0180421 0.0570777 0.0626469 0.215992 0.145862 0.0861359 0.111064 0.111 0.129293 
0.0950037 0.0699505 0.0631727 0.107692 0.0935943 0.151431 0.0455345 0.148381 0.119481 0.105759 
0.0197089 0.0401287 0.0498196 0.0819548 0.106219 0.152079 0.0556335 0.162858 0.101349 0.230249 
0.0542771 0.10803 0.133805 0.158129 0.0865526 0.089472 0.0492059 0.0783369 0.09201 0.150181 
0.026753 0.0748897 0.0727084 0.133097 0.143413 0.0931544 0.0544361 0.102243 0.106042 0.193264 
0.293317 0.025189 0.0765525 0.0778741 0.0571856 0.127013 0.078861 0.0623782 0.0954583 0.10617 
0.0605837 0.0607012 0.109255 0.211225 0.0761619 0.0965247 0.0632186 0.101927 0.0916072 0.128796 
0.0941205 0.0771619 0.0734496 0.0871312 0.0959807 0.191109 0.137474 0.0219632 0.166819 0.0547906 
0.0966454 0.0571538 0.0761738 0.122713 0.0926934 0.151962 0.0433428 0.131331 0.115178 0.112807 
0.109325 0.0523308 0.0495935 0.175285 0.0681995 0.230367 0.032141 0.0668738 0.0985482 0.117336 
0.060425 0.0244532 0.0423819 0.0691764 0.0831552 0.132205 0.0420149 0.24838 0.0948863 0.202922 
0.133703 0.0225818 0.226579 0.143947 0.0690135 0.075412 0.129573 0.0408409 0.0818151 0.0765343 
0.124871 0.0147424 0.389494 0.0843063 0.0327916 0.0819056 0.0574521 0.0290888 0.0919347 0.0934135 
0.0855284 0.0398954 0.07265 0.118186 0.0688081 0.0690387 0.0279862 0.269363 0.0846681 0.163876 
0.0624927 0.154175 0.103945 0.111459 0.102041 0.0840489 0.0897511 0.101915 0.099451 0.0907209 
0.13677 0.0491425 0.176518 0.134725 0.0689467 0.160869 0.0531879 0.0309614 0.136541 0.0523376 
0.0340865 0.0885431 0.0779412 0.128917 0.104273 0.154008 0.059535 0.0952674 0.161171 0.0962577 
0.0737019 0.0808694 0.122827 0.0920301 0.133437 0.0862443 0.0863534 0.0867603 0.101778 0.135998 
0.056004 0.173263 0.111329 0.120698 0.0579229 0.0995597 0.0848073 0.0938407 0.0983587 0.104217 
0.0683575 0.0756785 0.0615872 0.116429 0.0857543 0.0828076 0.043773 0.19694 0.0892363 0.179437 
0.126131 0.0841588 0.0904136 0.167001 0.0377662 0.144553 0.0676253 0.117373 0.0697407 0.0952374 
0.0774361 0.122373 0.096931 0.176566 0.0697305 0.148006 0.0546143 0.0497704 0.100764 0.103808 
0.0614229 0.0863588 0.125344 0.0669732 0.0818156 0.152233 0.167052 0.0177429 0.156318 0.0847397 
0.0618114 0.026657 0.073599 0.122496 0.0655605 0.0993546 0.0234225 0.163476 0.176428 0.187195 
0.0668865 0.0624392 0.072635 0.13656 0.0761547 0.0998751 0.0559662 0.189221 0.0955303 0.144733 
0.0901148 0.0332306 0.10941 0.0697167 0.105981 0.101327 0.0657752 0.146994 0.10596 0.171492 
0.0596171 0.050676 0.272454 0.1637 0.0722034 0.0717343 0.149483 0.040782 0.0581954 0.0611547 
0.0405936 0.128678 0.194227 0.154253 0.0564316 0.0653731 0.159257 0.0332878 0.105551 0.0623465 
0.0508456 0.0453632 0.0538758 0.0505032 0.268082 0.0534225 0.133609 0.0934799 0.0943025 0.156516 
0.034242 0.210641 0.0834473 0.136045 0.0566377 0.0946369 0.100046 0.0820765 0.0997051 0.102522 
0.0726115 0.0700964 0.0917185 0.11782 0.0668037 0.206216 0.0927575 0.0342382 0.153437 0.0943014 
0.061709 0.0450312 0.12761 0.14238 0.0856564 0.148306 0.0815059 0.0780318 0.112359 0.117411 
0.111538 0.0268758 0.081304 0.0602092 0.0890159 0.0822032 0.0858096 0.0563681 0.212521 0.194155 
0.04201 0.0490186 0.11033 0.129779 0.114837 0.0948842 0.101126 0.156443 0.0907723 0.110799 
0.0828942 0.0948385 0.182982 0.126838 0.0716925 0.0707157 0.0850518 0.104722 0.0626284 0.117638 
0.084924 0.0948575 0.0673 0.139415 0.0648933 0.185495 0.13378 0.0541817 0.0929531 0.0822006 
0.470236 0.00724621 0.138982 0.0460504 0.0244234 0.113412 0.0666073 0.0152082 0.0876746 0.0301604 
0.0514212 0.0838905 0.147331 0.1299 0.0780124 0.0891284 0.151737 0.0412853 0.110954 0.116341 
0.0680834 0.0196704 0.0462817 0.0264348 0.313106 0.0583548 0.10288 0.096133 0.124823 0.144233 
0.0592978 0.169233 0.155036 0.152655 0.0415588 0.104324 0.132415 0.0408516 0.107052 0.0375779 
0.0308265 0.0644032 0.0641709 0.0894182 0.226382 0.096133 0.0708414 0.0775642 0.0980091 0.182252 
0.0626638 0.125289 0.0993957 0.104902 0.06893 0.131201 0.0985998 0.0855044 0.122766 0.100749 
0.0264815 0.0502822 0.0523619 0.0673081 0.152909 0.0788868 0.086449 0.117849 0.119768 0.247704 
0.103446 0.0584165 0.0705839 0.127889 0.0770731 0.234094 0.0665986 0.0383759 0.130066 0.0934565 
0.0745674 0.0494923 0.0968457 0.147951 0.0662112 0.0667527 0.0357276 0.212293 0.107672 0.142487 
0.0457622 0.0725832 0.095785 0.150001 0.0800083 0.0848779 0.0535469 0.187251 0.087547 0.142637 
0.0516904 0.161219 0.19331 0.164285 0.0313539 0.0895096 0.103125 0.0397754 0.102974 0.0627587 
0.0633703 0.125686 0.127105 0.122708 0.0524762 0.128067 0.125983 0.0333385 0.136476 0.08479 
0.0955461 0.0175771 0.427196 0.0972175 0.0457941 0.0649832 0.127873 0.014932 0.0731527 0.0357282 
0.374496 0.0336975 0.0781243 0.0582849 0.0588051 0.0904015 0.122615 0.0414234 0.0919132 0.0502397 
0.100294 0.0417338 0.123224 0.064373 0.0711141 0.139849 0.0492541 0.0433836 0.268844 0.0979304 
0.0866289 0.111215 0.0989395 0.130726 0.0402074 0.210076 0.0279523 0.0887787 0.129028 0.076448 
0.0403606 0.0407215 0.0810221 0.141729 0.0349385 0.0552344 0.0357613 0.345619 0.0908171 0.133797 
0.0393884 0.076151 0.062756 0.123198 0.0906744 0.0734908 0.0348914 0.220001 0.108072 0.171378 
0.0362247 0.133826 0.0738346 0.109811 0.0988149 0.136799 0.0565394 0.0763659 0.106506 0.171278 
0.0330722 0.226065 0.109546 0.152556 0.0383412 0.0893077 0.0883656 0.0550497 0.115292 0.0924055 
0.12941 0.0625739 0.0575597 0.11519 0.0523645 0.142867 0.116879 0.0445906 0.154467 0.124099 
0.0275801 0.242026 0.0873359 0.137956 0.0545211 0.0787691 0.0799902 0.0722797 0.106291 0.11325 
0.0851669 0.021809 0.135274 0.114089 0.0928281 0.122251 0.0941336 0.0489125 0.148864 0.136672 
0.265477 0.0441312 0.0836807 0.137025 0.0401547 0.120771 0.0681424 0.114127 0.0752966 0.0511946 
0.0530464 0.0343085 0.120316 0.149347 0.0629461 0.237186 0.0270295 0.0498242 0.143575 0.122421 
0.288473 0.0230286 0.0896443 0.0846405 0.0486665 0.116666 0.123873 0.0806677 0.0696462 0.0746932 
0.0324767 0.19715 0.0842166 0.149265 0.0559635 0.0958573 0.0895758 0.0890173 0.100535 0.105943 
0.0597069 0.0447222 0.0707824 0.0772918 0.122997 0.0616751 0.0573625 0.134977 0.145276 0.22521 
0.0202797 0.0228369 0.0867268 0.0747566 0.0973098 0.0431619 0.0328828 0.180458 0.136588 0.304999 
0.0445297 0.0315015 0.0814717 0.0566556 0.233658 0.0779931 0.0787096 0.110819 0.133134 0.151528 
0.0447631 0.23551 0.109348 0.118786 0.0447988 0.0832322 0.0900835 0.06827 0.115853 0.089355 
0.0459508 0.0577059 0.0794677 0.0949509 0.0918364 0.0866015 0.0714796 0.0927634 0.164205 0.215039 
0.128339 0.0376785 0.183641 0.103969 0.077364 0.107706 0.104186 0.044249 0.122861 0.0900066 
0.0355084 0.199628 0.0913219 0.127222 0.070305 0.0842696 0.1128 0.0882257 0.0901364 0.100583 
0.0593287 0.138658 0.200613 0.171785 0.035279 0.069489 0.12508 0.0148127 0.146219 0.0387357 
0.0560569 0.0321702 0.0747137 0.0664631 0.162584 0.0592574 0.0707559 0.111198 0.115652 0.251148 
0.056548 0.139515 0.0993084 0.11211 0.0631463 0.0866495 0.0698702 0.133529 0.10666 0.132663 
0.082739 0.0609895 0.0683375 0.140032 0.09381 0.215721 0.0447557 0.112228 0.0962957 0.0850926 
0.0862185 0.0498825 0.0932485 0.0631938 0.116274 0.095929 0.0806358 0.120221 0.103259 0.191139 
0.0581699 0.0342268 0.32686 0.171404 0.0613699 0.0604806 0.143265 0.016188 0.0825584 0.0454774 
0.0577173 0.0684668 0.145126 0.096378 0.0940113 0.172263 0.196433 0.0204592 0.107396 0.0417502 
0.0748135 0.0324169 0.0417776 0.097387 0.251867 0.0424403 0.0794353 0.113315 0.0730539 0.193494 
0.0553363 0.185211 0.0971097 0.113429 0.0639917 0.104973 0.0752195 0.0745338 0.127596 0.1026 
0.0803891 0.0786043 0.0932165 0.0815605 0.120247 0.197527 0.130227 0.0356733 0.108805 0.0737505 
0.0368269 0.0959682 0.0654231 0.0675398 0.143676 0.140929 0.0995242 0.0629223 0.129718 0.157472 
0.0874975 0.0935271 0.190287 0.189673 0.019555 0.183977 0.103979 0.00747355 0.103792 0.0202383 
0.0469009 0.0567599 0.088594 0.0468504 0.102201 0.0931904 0.0612004 0.176725 0.0986997 0.228878 
0.0425548 0.124194 0.295308 0.0858211 0.0797483 0.0534985 0.129796 0.0236538 0.0831028 0.0823223 
0.231659 0.0322343 0.130459 0.111936 0.0395355 0.156416 0.0441565 0.0490882 0.0967531 0.107763 
0.0448022 0.0532604 0.0509185 0.0776411 0.234817 0.0943983 0.0715546 0.080467 0.0832879 0.208853 
0.477655 0.0153683 0.072412 0.121388 0.0214617 0.141663 0.0417274 0.0273851 0.0533436 0.0275953 
0.33958 0.0132336 0.0935029 0.0842414 0.0362039 0.183002 0.0870216 0.0509394 0.0740603 0.0382151 
0.0897977 0.0756982 0.213911 0.186377 0.0243363 0.128474 0.111376 0.00850526 0.116015 0.0455093 
0.0770924 0.0941672 0.101438 0.1578 0.0487633 0.150504 0.0401231 0.0434458 0.154718 0.131947 
0.076616 0.109141 0.102388 0.0980443 0.0856991 0.0731413 0.150724 0.101444 0.0881385 0.114664 
0.0339286 0.0601335 0.149053 0.0931537 0.0899422 0.0674006 0.0762824 0.196237 0.0860815 0.147787 
0.0290796 0.224083 0.0914823 0.143997 0.0576255 0.0943599 0.0998407 0.0702272 0.0992741 0.0900303 
0.0716643 0.0373468 0.175663 0.0981467 0.0906419 0.0787094 0.0772962 0.114225 0.121422 0.134885 
0.038759 0.072696 0.0583814 0.0870721 0.174258 0.110082 0.0673328 0.126262 0.120064 0.145093 
0.269851 0.00603012 0.169196 0.0468489 0.0293332 0.306129 0.0306586 0.014368 0.103057 0.0245274 
0.0584366 0.122738 0.258452 0.147508 0.0212058 0.0893945 0.126395 0.025646 0.108518 0.041706 
0.0338886 0.0952986 0.10441 0.109372 0.0961326 0.0766492 0.0811988 0.113732 0.113192 0.176127 
0.0390459 0.0554983 0.0523707 0.0540001 0.258858 0.1062 0.088881 0.0850249 0.130006 0.130115 
0.0739541 0.0801285 0.13492 0.212144 0.071407 0.124055 0.0718298 0.0273903 0.106064 0.0981078 
0.0723623 0.117134 0.117527 0.173381 0.0778928 0.126147 0.0711599 0.0456684 0.0907255 0.108002 
0.575514 0.00430635 0.0840992 0.0306747 0.0189623 0.0764504 0.0711013 0.02077 0.0715057 0.0466158 
0.385442 0.0160867 0.058056 0.0536123 0.0600503 0.103006 0.118329 0.0418068 0.0869401 0.0766712 
0.0985573 0.0350358 0.12895 0.121749 0.109816 0.182764 0.0806973 0.0410182 0.0957319 0.10568 
0.0309784 0.225009 0.0840199 0.161148 0.043789 0.0975839 0.0827271 0.0621016 0.113387 0.0992564 
0.0915939 0.0207831 0.0897124 0.0513199 0.123949 0.0481437 0.0727341 0.132318 0.149784 0.219662 
0.0849314 0.07833 0.0660117 0.074793 0.116006 0.135669 0.197207 0.031265 0.137873 0.0779135 
0.053541 0.0651612 0.0310914 0.0618461 0.170535 0.220432 0.0535724 0.0824996 0.180303 0.0810186 
0.158809 0.0270316 0.191735 0.17422 0.0825452 0.0863224 0.0663795 0.0240275 0.119437 0.0694935 
0.114346 0.0425333 0.083887 0.0942113 0.0883133 0.279604 0.11099 0.0166658 0.105202 0.0642472 
0.0274016 0.134498 0.0778742 0.117839 0.0576095 0.128376 0.0584434 0.139502 0.122607 0.135849 
0.0628105 0.0859911 0.0932377 0.157853 0.0679146 0.0858902 0.055223 0.171909 0.101448 0.117724 
0.0348017 0.0895806 0.0502911 0.10826 0.110332 0.120752 0.048071 0.14061 0.0965133 0.200788 
0.0980684 0.104103 0.0831553 0.210198 0.0740287 0.101302 0.0425897 0.0489351 0.132625 0.104996 
0.165736 0.0765559 0.0993789 0.102274 0.0703672 0.105037 0.088743 0.087555 0.0906324 0.11372 
0.0824265 0.0434475 0.123703 0.0840031 0.180776 0.083178 0.0767054 0.0862732 0.108111 0.131376 
0.0501322 0.0921215 0.20974 0.140517 0.0202352 0.154873 0.171822 0.00810445 0.113132 0.0393232 
0.363598 0.0108572 0.0502823 0.0521785 0.060872 0.154134 0.110152 0.0367931 0.0885949 0.0725385 
0.0421318 0.0865363 0.0976267 0.0716821 0.0692554 0.0805299 0.0598343 0.226053 0.101422 0.164929 
0.0292514 0.218024 0.0956927 0.144014 0.0527286 0.0820153 0.0858656 0.0745528 0.103115 0.114741 
0.0326033 0.21212 0.0859313 0.142532 0.0556987 0.0866048 0.0945626 0.0694169 0.104857 0.115674 
0.0500084 0.130848 0.186468 0.16767 0.0622024 0.0854072 0.111157 0.0291771 0.115286 0.0617752 
0.0335628 0.2066 0.0921477 0.128942 0.0528334 0.0780463 0.0825555 0.100799 0.0972662 0.127247 
0.0939505 0.0443163 0.0988877 0.118128 0.133564 0.214186 0.0379687 0.0351929 0.155649 0.0681561 
0.0759275 0.0742553 0.0889767 0.209877 0.0958768 0.148164 0.041557 0.0710389 0.0927314 0.101596 
0.0677873 0.101745 0.126412 0.191093 0.0755048 0.134706 0.0695686 0.0512214 0.0913257 0.0906371 
0.0530082 0.052686 0.0840123 0.0755235 0.178782 0.0629164 0.062525 0.1104 0.0887323 0.231413 
0.0645861 0.0392406 0.0567434 0.14258 0.0699378 0.069121 0.0318839 0.279834 0.0891102 0.156963 
0.0960241 0.0255253 0.0866723 0.0993213 0.0619944 0.289806 0.0350798 0.0197503 0.18362 0.102206 
0.0592935 0.055186 0.176559 0.0589731 0.0862768 0.135138 0.272611 0.0211278 0.101682 0.0331517 
0.077406 0.101221 0.0806047 0.187412 0.0314966 0.181005 0.115594 0.0800543 0.0668229 0.0783823 
0.0597938 0.0665645 0.107178 0.07646 0.151475 0.0596526 0.151866 0.123445 0.0735774 0.129988 
0.0342272 0.209075 0.0920945 0.139788 0.03961 0.107655 0.0780673 0.0704545 0.120323 0.108706 
0.114638 0.090379 0.0636344 0.227263 0.0367235 0.179931 0.0421837 0.0375355 0.11349 0.0942222 
0.0508054 0.0869273 0.0912661 0.10728 0.0958922 0.164166 0.116682 0.0389049 0.144556 0.10352 
0.0276155 0.220617 0.0923232 0.140215 0.0436902 0.079542 0.0602948 0.0880746 0.101214 0.146414 
0.283804 0.0231705 0.0940037 0.111723 0.0332467 0.117242 0.0514395 0.0565479 0.107346 0.121476 
0.075965 0.0954302 0.0463596 0.0950118 0.101364 0.257574 0.0499405 0.0376 0.150689 0.0900663 
0.0479343 0.181143 0.116231 0.114095 0.0520842 0.111678 0.108424 0.0750484 0.107604 0.0857592 
0.0309012 0.0512407 0.118737 0.199551 0.0777872 0.0686563 0.0429084 0.131666 0.112983 0.16557 
0.0332781 0.189042 0.0855728 0.16171 0.0648286 0.105879 0.07971 0.074711 0.0923575 0.112912 
0.0730344 0.0468294 0.0881393 0.114336 0.0667025 0.28035 0.0807902 0.026504 0.130217 0.0930967 
0.322453 0.0277622 0.0994401 0.112365 0.0337458 0.152333 0.0475947 0.0487241 0.111664 0.0439182 
0.100765 0.0482605 0.0994974 0.0562982 0.0992396 0.0636085 0.232266 0.0529784 0.106137 0.140949 
0.0503456 0.160946 0.118771 0.115642 0.0865763 0.0875373 0.0964997 0.0768555 0.116043 0.0907841 
0.0921236 0.0975924 0.0885678 0.101537 0.0600507 0.116023 0.085149 0.0394456 0.201979 0.117533 
0.086231 0.0513776 0.0348613 0.141451 0.0756216 0.285258 0.0333056 0.0416466 0.120907 0.12934 
0.053373 0.152127 0.104748 0.116853 0.0669637 0.107581 0.0921295 0.104369 0.0956366 0.106219 
0.038858 0.0769823 0.0439884 0.0855536 0.101348 0.105744 0.0422484 0.222904 0.125691 0.156682 
0.0479065 0.102817 0.0551721 0.091873 0.151182 0.0921299 0.0672743 0.120447 0.11913 0.152068 
0.0460571 0.0184926 0.121453 0.0854261 0.280389 0.0503979 0.0633025 0.102624 0.134008 0.0978489 
0.0568496 0.077659 0.10273 0.0585 0.111034 0.101883 0.249434 0.0413206 0.0961649 0.104425 
0.0794357 0.0311075 0.130638 0.123785 0.0736815 0.0990794 0.0379459 0.176391 0.129542 0.118395 
0.0322382 0.108011 0.274913 0.175272 0.0221305 0.100775 0.146123 0.0147148 0.0993093 0.0265134 
0.0977688 0.0556794 0.114025 0.0899098 0.0767364 0.233534 0.0621082 0.0327978 0.137442 0.0999986 
0.221185 0.0257011 0.0982192 0.0829892 0.0588441 0.182747 0.0693693 0.0576815 0.10753 0.0957339 
0.0793356 0.0908547 0.0984385 0.108588 0.0683567 0.123541 0.129837 0.0868228 0.100458 0.113768 
0.0827054 0.0252823 0.0910343 0.102461 0.13861 0.211118 0.0513348 0.0411081 0.135313 0.121032 
0.0716853 0.0752225 0.158036 0.0730297 0.0712216 0.131782 0.210321 0.0336534 0.106897 0.0681526 
0.116251 0.0551803 0.0663387 0.215131 0.0733396 0.154643 0.0322665 0.0833575 0.101648 0.101845 
0.0302923 0.0279653 0.0889727 0.172939 0.0618877 0.0924919 0.0337207 0.255799 0.0801503 0.155781 
0.0523102 0.103317 0.314985 0.181866 0.0243395 0.0932549 0.105114 0.0106142 0.0716734 0.0425256 
0.210842 0.0203719 0.169715 0.0976136 0.0507424 0.109044 0.0673799 0.0518718 0.119546 0.102874 
0.055201 0.109217 0.117462 0.120596 0.0540081 0.170044 0.0443504 0.0427549 0.171776 0.11459 
0.0658897 0.0713747 0.122267 0.102235 0.0965819 0.0828798 0.0734641 0.0685532 0.172318 0.144437 
0.0794213 0.0571898 0.0788662 0.0907856 0.0816014 0.306486 0.0777379 0.0366341 0.110534 0.0807434 
0.0359883 0.0690355 0.0618663 0.108415 0.167075 0.111155 0.0773429 0.100334 0.0978633 0.170924 
0.0437296 0.166415 0.0958352 0.126054 0.0630865 0.109564 0.0917862 0.0878985 0.110041 0.105591 
0.0308759 0.218848 0.10333 0.121793 0.0565672 0.0922461 0.0864739 0.0672576 0.116889 0.105721 
0.0838737 0.0364792 0.0728718 0.0716913 0.184487 0.126535 0.0896054 0.0746166 0.126864 0.132977 
0.206243 0.00739388 0.174199 0.0418178 0.0378218 0.344113 0.0716259 0.0104795 0.0914536 0.0148519 
0.0512738 0.0676307 0.095739 0.194293 0.0695801 0.0417925 0.0700542 0.241299 0.0889818 0.0793555 
0.0529088 0.0822069 0.072179 0.184027 0.0656067 0.190588 0.0965353 0.0536253 0.0980576 0.104265 
0.0637901 0.0460599 0.0754705 0.133894 0.0827003 0.105066 0.0427371 0.186934 0.102964 0.160384 
0.0830645 0.0474525 0.0896004 0.0567014 0.102057 0.138365 0.332275 0.0360851 0.0801756 0.0342238 
0.0516413 0.178622 0.109517 0.118315 0.0431462 0.102694 0.0850201 0.0891499 0.110539 0.111354 
0.150201 0.050198 0.0618552 0.109178 0.0708385 0.169844 0.150163 0.0598232 0.0879639 0.0899346 
0.0520623 0.0902356 0.197706 0.101775 0.0955301 0.079147 0.104015 0.073601 0.11301 0.092918 
0.0432252 0.174667 0.117401 0.130019 0.0749784 0.0800435 0.0685896 0.0914132 0.109786 0.109877 
0.0227698 0.0914218 0.0466456 0.126176 0.109173 0.106938 0.0632165 0.165587 0.105412 0.162661 
0.149717 0.0112509 0.343088 0.101088 0.0503527 0.0758877 0.0796161 0.0533631 0.0686588 0.0669779 
0.118811 0.0385699 0.123032 0.116894 0.0791409 0.19503 0.0715921 0.0505525 0.13172 0.0746566 
0.073004 0.0662418 0.134422 0.0740189 0.0951573 0.100164 0.214486 0.0607253 0.0938584 0.0879233 
0.0426488 0.176398 0.0935882 0.129626 0.0695852 0.0915039 0.0788799 0.0955189 0.102573 0.119678 
0.0874928 0.0447983 0.0702575 0.0608118 0.115639 0.101586 0.0842756 0.142984 0.111583 0.180572 
0.0820115 0.0636206 0.0500719 0.106254 0.0542461 0.263985 0.0988105 0.04051 0.127129 0.113362 
0.0507883 0.106348 0.281184 0.127667 0.0482135 0.0881755 0.106383 0.0365876 0.0989298 0.0557231 
0.0568013 0.0700871 0.0974309 0.147451 0.0689913 0.212615 0.0925474 0.0379803 0.126919 0.0891766 
0.0565248 0.0346217 0.076218 0.0637324 0.210252 0.129088 0.0971515 0.0809868 0.133795 0.117631 
0.091384 0.0204655 0.0482664 0.055858 0.326961 0.0568112 0.120588 0.0812287 0.0766521 0.121786 
0.239683 0.0229375 0.199356 0.0939931 0.056746 0.11683 0.0676635 0.0334527 0.105667 0.063671 
0.0466603 0.111963 0.128708 0.132886 0.0602022 0.122853 0.0638244 0.0565561 0.142311 0.134037 
0.121542 0.0431468 0.115646 0.210657 0.0864986 0.19294 0.0494277 0.0476615 0.0662031 0.0662768 
0.111976 0.0601194 0.0770112 0.0628248 0.125243 0.134637 0.0907875 0.0795153 0.130704 0.127182 
0.0774699 0.112329 0.110977 0.152339 0.0695839 0.105937 0.0910682 0.0915355 0.105775 0.0829859 
0.0502892 0.00977684 0.0664429 0.0539151 0.32755 0.0739716 0.0468308 0.0763053 0.0859599 0.208958 
0.171667 0.0351714 0.0477323 0.0798849 0.0613361 0.178529 0.118814 0.0488351 0.114936 0.143095 
0.275753 0.0232192 0.100769 0.0864066 0.0346091 0.144629 0.0294876 0.0793476 0.101502 0.124276 
0.124547 0.0682887 0.114639 0.19549 0.0323602 0.14179 0.0976577 0.0404349 0.109177 0.0756165 
0.028172 0.172888 0.0890879 0.158163 0.0604269 0.10927 0.0839931 0.0700236 0.11907 0.108906 
0.0427109 0.0328921 0.0573952 0.107399 0.0433394 0.0625758 0.0290659 0.344068 0.116794 0.163759 
0.0505602 0.113183 0.0833255 0.126545 0.0670057 0.0868694 0.0623628 0.155775 0.104658 0.149716 
0.0435956 0.0297224 0.0338587 0.239057 0.048577 0.267435 0.0199179 0.0900218 0.128331 0.0994827 
0.059862 0.0108868 0.0483701 0.10243 0.0454753 0.0983403 0.0144957 0.346353 0.112346 0.161441 
0.0405872 0.114714 0.0896781 0.09453 0.11787 0.0803713 0.081177 0.0848707 0.108886 0.187316 
0.0479939 0.0463575 0.0506188 0.089325 0.0740053 0.123501 0.0546058 0.23809 0.10618 0.169322 
0.0378284 0.210548 0.11191 0.11818 0.0504072 0.0870943 0.107097 0.0693613 0.116594 0.0909796 
