0.0657863 0.0328616 0.0664747 0.181403 0.0835854 0.0925268 0.0206548 0.24265 0.103367 0.110691 
0.0932819 0.0911877 0.260827 0.0998732 0.0151967 0.174963 0.138537 0.00667797 0.093131 0.0263236 
0.0447637 0.16238 0.112412 0.0939644 0.0826127 0.11608 0.0981861 0.109162 0.0966155 0.0838238 
0.246051 0.0358712 0.0785575 0.0727574 0.0468328 0.157199 0.0695788 0.134674 0.0784018 0.0800763 
0.0932197 0.0522047 0.0833458 0.0496669 0.240159 0.0611191 0.0866335 0.104985 0.104013 0.124653 
0.0354786 0.190966 0.103734 0.116111 0.0745165 0.098477 0.0791105 0.120914 0.0970265 0.0836655 
0.0549277 0.0419116 0.0327832 0.0685211 0.205858 0.132756 0.0538831 0.140857 0.129715 0.138787 
0.0489911 0.0912139 0.078324 0.0854089 0.113077 0.108293 0.0769372 0.116257 0.102677 0.17882 
0.0826349 0.0416726 0.107119 0.0322175 0.170589 0.184665 0.197612 0.0347343 0.0985944 0.0501623 
0.0546777 0.0237858 0.0370084 0.0455261 0.226557 0.0833139 0.0467965 0.199089 0.101645 0.181601 
0.202755 0.0292423 0.125848 0.0733435 0.0585481 0.159053 0.0985679 0.0520172 0.137403 0.0632211 
0.0676436 0.095752 0.120989 0.0782822 0.0834413 0.087562 0.189721 0.0619061 0.137026 0.0776762 
0.061959 0.036767 0.0713467 0.0894225 0.145804 0.107355 0.0531452 0.147481 0.115885 0.170835 
0.209693 0.0311936 0.0837945 0.0686403 0.0812527 0.160891 0.0356183 0.0736947 0.136437 0.118786 
0.0253324 0.24039 0.0750146 0.144502 0.0530547 0.0868292 0.0898617 0.0931965 0.0921853 0.0996337 
0.0793995 0.0482233 0.0835464 0.117052 0.0983974 0.254118 0.0714469 0.0755925 0.116758 0.0554652 
0.0721831 0.0261274 0.0974159 0.0717671 0.149788 0.0735302 0.0686081 0.15594 0.111507 0.173133 
0.0586223 0.0177832 0.0766779 0.190008 0.0600969 0.0644433 0.0177755 0.340064 0.0970558 0.0774737 
0.065465 0.051092 0.112086 0.118188 0.133665 0.172786 0.0579216 0.0454664 0.169107 0.0742225 
0.0660644 0.0655089 0.0740188 0.0875694 0.198645 0.107267 0.0777512 0.106321 0.103702 0.113152 
0.0479502 0.0614293 0.0267769 0.0893771 0.141578 0.127728 0.0233773 0.185156 0.0951353 0.201491 
0.0808343 0.0685324 0.0915269 0.08333 0.0902021 0.17895 0.189444 0.0365996 0.104715 0.0758654 
0.053506 0.0469166 0.0858391 0.0492188 0.16578 0.0603469 0.20627 0.136013 0.111926 0.0841843 
0.0812606 0.053441 0.0827006 0.115918 0.119295 0.244153 0.103852 0.0345021 0.10801 0.0568659 
0.0717741 0.0525355 0.0799282 0.0790497 0.188456 0.08558 0.102286 0.132503 0.0779848 0.129903 
0.33653 0.0046709 0.0586493 0.0173887 0.0721294 0.202444 0.135835 0.0443737 0.0940562 0.033923 
0.0693803 0.0389637 0.085142 0.147496 0.0560602 0.090239 0.0316871 0.233303 0.0868613 0.160867 
0.0699461 0.043096 0.0754473 0.0720719 0.22939 0.109709 0.0763591 0.103116 0.0941746 0.126691 
0.279331 0.0238408 0.0998964 0.0892668 0.0447371 0.146958 0.032792 0.0812402 0.10853 0.0934073 
0.0417917 0.176221 0.0822797 0.110471 0.0570099 0.154894 0.0954527 0.0855605 0.108841 0.0874784 
0.0420543 0.0435677 0.0541176 0.23635 0.0591303 0.161119 0.0316508 0.153352 0.095698 0.122961 
0.0443117 0.155594 0.0806725 0.131254 0.0777894 0.0982102 0.0661903 0.136583 0.0928714 0.116524 
0.0392413 0.0560903 0.0751229 0.192736 0.0748772 0.252479 0.0384205 0.0457056 0.137519 0.0878079 
0.140053 0.0169685 0.123244 0.0207456 0.166663 0.156789 0.130677 0.0671004 0.116761 0.0609985 
0.0450597 0.039417 0.0948329 0.133264 0.0894878 0.0940759 0.0286529 0.258918 0.0987302 0.117561 
0.0791042 0.0741792 0.191918 0.15906 0.0418621 0.187436 0.0777672 0.037586 0.123407 0.027681 
0.0498305 0.0343114 0.0659279 0.153698 0.0641893 0.0920283 0.0234026 0.239507 0.141048 0.136057 
0.0302656 0.180905 0.0783857 0.118262 0.0627476 0.119002 0.07521 0.111821 0.114938 0.108463 
0.0764671 0.099277 0.184516 0.131983 0.0288427 0.150376 0.0929627 0.0444704 0.127885 0.0632211 
0.0278322 0.189808 0.0900591 0.109915 0.0439989 0.126722 0.10293 0.0775315 0.132648 0.0985543 
0.0509666 0.165465 0.0926938 0.111256 0.0738027 0.120882 0.0867404 0.0941287 0.100731 0.103334 
0.0711159 0.0685729 0.0685337 0.123036 0.0788188 0.0890604 0.0416457 0.223759 0.0904783 0.144979 
0.0308233 0.0538638 0.0533827 0.090549 0.240859 0.0773906 0.066087 0.144924 0.0960888 0.146032 
0.0745695 0.0756991 0.200746 0.123875 0.0699832 0.0981846 0.100087 0.0501763 0.107682 0.0989984 
0.0510997 0.0866791 0.0946508 0.169532 0.0712983 0.176776 0.0772555 0.0808318 0.0926597 0.0992174 
0.075483 0.0561591 0.0728644 0.140954 0.0837883 0.227722 0.0749005 0.0654065 0.113853 0.0888695 
0.0280119 0.19453 0.0947876 0.154998 0.0661334 0.122399 0.0600636 0.0856619 0.101123 0.0922924 
0.0611736 0.0950235 0.218591 0.119855 0.0520399 0.0855003 0.186822 0.0460336 0.0913429 0.0436186 
0.0217723 0.0267175 0.0301461 0.0692175 0.326504 0.0917371 0.0409389 0.0817874 0.136365 0.174814 
0.0642255 0.0327111 0.0943724 0.0508989 0.293651 0.043096 0.0900833 0.0910592 0.111291 0.128611 
0.123463 0.054224 0.0872708 0.0953077 0.0730813 0.173781 0.205172 0.0444637 0.0895454 0.0536921 
0.0803613 0.0567273 0.127144 0.23087 0.0651618 0.145651 0.0627194 0.095271 0.0922631 0.0438313 
0.11188 0.0845477 0.0588291 0.0846553 0.125854 0.192694 0.0610699 0.0849513 0.102653 0.0928663 
0.0950833 0.0628314 0.0623099 0.091433 0.11873 0.182671 0.0969381 0.0614701 0.121926 0.106606 
0.0654208 0.0242017 0.285926 0.0505387 0.0926113 0.0680877 0.214252 0.0245736 0.145291 0.0290974 
0.181775 0.0406104 0.0888407 0.0786267 0.0759361 0.195044 0.0558375 0.0579615 0.137316 0.0880526 
0.0491194 0.0214153 0.0708185 0.0594196 0.329978 0.0795312 0.0950939 0.0858372 0.108327 0.10046 
0.0418345 0.177491 0.110486 0.106265 0.0680586 0.10347 0.0742548 0.120755 0.104381 0.0930032 
0.0541341 0.0228958 0.067765 0.0557613 0.177873 0.0745304 0.0517952 0.198967 0.0967763 0.199502 
0.102365 0.0848999 0.0821415 0.0666164 0.113896 0.183985 0.064863 0.118907 0.105865 0.0764605 
0.0267294 0.0458278 0.0650178 0.183358 0.0400795 0.0375912 0.0150386 0.478409 0.0595265 0.0484224 
0.0749032 0.0288216 0.185674 0.0868923 0.0910668 0.134734 0.0827546 0.042273 0.192857 0.0800237 
0.0668249 0.0600374 0.0965864 0.0771997 0.150422 0.108625 0.0866353 0.104969 0.10592 0.142781 
0.0678194 0.10538 0.147446 0.205188 0.0629762 0.0969107 0.0649681 0.0558886 0.0896478 0.103775 
0.0391391 0.0246344 0.102862 0.211204 0.0897883 0.0543195 0.0339848 0.278665 0.0791057 0.086297 
0.0701651 0.0763018 0.0820429 0.0969582 0.154939 0.138531 0.0731696 0.090464 0.1054 0.112028 
0.0850898 0.071049 0.0894195 0.1144 0.123403 0.0994093 0.142032 0.12976 0.0833808 0.0620554 
0.0759183 0.0434214 0.0736457 0.0512691 0.264628 0.0730635 0.1065 0.114813 0.0894273 0.107313 
0.0419453 0.0616021 0.0742789 0.239116 0.0727897 0.181555 0.0411848 0.0577341 0.131826 0.0979677 
0.288259 0.0152078 0.109758 0.065305 0.0246434 0.260367 0.0920315 0.0363713 0.0746191 0.0334367 
0.0638327 0.0245225 0.0602093 0.141551 0.0619045 0.0357036 0.0212214 0.437448 0.0705953 0.083012 
0.309353 0.0113412 0.101524 0.0428197 0.0370444 0.202868 0.102614 0.0290144 0.127642 0.0357811 
0.126155 0.0279416 0.217595 0.154368 0.0464465 0.153365 0.084593 0.0352498 0.120532 0.0337541 
0.029964 0.0928566 0.0503359 0.153099 0.0717732 0.0966398 0.0475199 0.191776 0.10065 0.165385 
0.027657 0.207819 0.0807655 0.129523 0.0543204 0.118114 0.0769115 0.0872198 0.119885 0.0977846 
0.0314255 0.0688915 0.0646166 0.0988129 0.0854508 0.0620169 0.0378901 0.278426 0.101773 0.170697 
0.0640867 0.0982621 0.0812044 0.175442 0.0658817 0.15213 0.0615185 0.0859241 0.121868 0.0936822 
0.0806439 0.130437 0.0984543 0.0903941 0.0663676 0.0832648 0.0728948 0.128911 0.12507 0.123563 
0.0350017 0.104417 0.0470508 0.115077 0.124606 0.13115 0.05193 0.115543 0.11712 0.158104 
0.0272876 0.0262375 0.0260144 0.0730898 0.0843324 0.068284 0.0138846 0.446993 0.10632 0.127557 
0.0550712 0.0539357 0.0439525 0.103718 0.113291 0.139784 0.0308715 0.234042 0.0847002 0.140634 
0.113753 0.059111 0.0994176 0.0816697 0.0980568 0.182384 0.151851 0.0640367 0.0854814 0.0642385 
0.0620836 0.0404463 0.300843 0.154751 0.0514566 0.103628 0.0929971 0.0241958 0.121477 0.0481222 
0.0644231 0.0398109 0.062174 0.11483 0.09624 0.10378 0.0344611 0.255448 0.088148 0.140685 
0.0532853 0.077465 0.0757701 0.0858295 0.139774 0.167479 0.0776988 0.0497962 0.186833 0.0860682 
0.0256426 0.0233039 0.0315677 0.0571585 0.394079 0.0776702 0.0595034 0.0752674 0.134532 0.121275 
0.0336561 0.0899166 0.0544683 0.11566 0.0759373 0.0857103 0.0210486 0.291954 0.10102 0.130628 
0.0561746 0.0415425 0.0548446 0.141624 0.13744 0.234542 0.0444277 0.101952 0.104877 0.0825757 
0.0981343 0.0490689 0.142927 0.0376529 0.108856 0.0947075 0.253488 0.0655408 0.0910227 0.0586018 
0.0388652 0.223124 0.0874456 0.0984532 0.0747746 0.113021 0.0985598 0.0839889 0.106004 0.0757643 
0.0623389 0.0715338 0.0587566 0.293541 0.0542664 0.126684 0.0177163 0.102336 0.116198 0.0966283 
0.0492869 0.0774467 0.130651 0.0867341 0.0976326 0.126496 0.240818 0.0474671 0.0841275 0.0593395 
0.0599878 0.0884378 0.0970554 0.0779144 0.130541 0.0958727 0.0993014 0.13786 0.093769 0.119261 
0.0472158 0.0627634 0.0586888 0.225015 0.0428871 0.158987 0.0259063 0.145601 0.10784 0.125097 
0.0225933 0.235837 0.0815255 0.0779459 0.0822238 0.14423 0.0773222 0.0590735 0.127527 0.0917209 
0.0438573 0.0416933 0.0485333 0.0216195 0.302526 0.0614172 0.137396 0.114852 0.0819161 0.14619 
0.0441802 0.147574 0.0714749 0.130444 0.079872 0.126633 0.0614143 0.130337 0.104132 0.103938 
0.0387942 0.07929 0.0671311 0.129554 0.0852162 0.128838 0.0491424 0.181789 0.118618 0.121627 
0.0939704 0.0558089 0.104596 0.0631807 0.0685534 0.212278 0.242885 0.0262166 0.0908655 0.0416451 
0.035761 0.0316972 0.0788035 0.0651893 0.14957 0.0461498 0.0544048 0.167072 0.12972 0.241632 
0.0850259 0.0892179 0.099231 0.0787918 0.107978 0.0783395 0.210062 0.0700242 0.106453 0.0748766 
0.183113 0.0483968 0.0935403 0.0634353 0.0623007 0.17002 0.0888849 0.0427357 0.149008 0.098566 
0.040277 0.029585 0.0219095 0.108615 0.0970422 0.283094 0.0135544 0.0952183 0.210637 0.100068 
0.0661501 0.0420836 0.0733737 0.0808989 0.297704 0.0845622 0.0820803 0.0743136 0.076972 0.121861 
0.0521865 0.0458415 0.089082 0.0736061 0.11756 0.160195 0.0847516 0.0795406 0.131564 0.165672 
0.0556529 0.0525999 0.0897548 0.0797624 0.163698 0.101847 0.0593968 0.120222 0.109219 0.167847 
0.12846 0.0175049 0.241076 0.164898 0.0548885 0.10049 0.0767691 0.0423405 0.12377 0.0498019 
0.0694461 0.155645 0.10982 0.105987 0.0627959 0.121278 0.106239 0.0681309 0.116404 0.0842539 
0.0329768 0.0547737 0.0357629 0.1058 0.162884 0.151613 0.0501485 0.109907 0.116416 0.179718 
0.0807852 0.0474388 0.065065 0.0663149 0.166356 0.0914197 0.0915186 0.152854 0.0905832 0.147664 
0.0590915 0.0966197 0.100519 0.178827 0.0656919 0.136024 0.0687689 0.0365757 0.17038 0.0875025 
0.0316048 0.160325 0.0958263 0.127041 0.0682871 0.0901927 0.0521844 0.166332 0.0964795 0.111727 
0.074313 0.0799867 0.0884719 0.165649 0.0630876 0.174096 0.060367 0.0637174 0.126705 0.103607 
0.02891 0.0666413 0.058152 0.10446 0.167092 0.0690059 0.0504389 0.14996 0.111761 0.193578 
0.0335049 0.0752437 0.112871 0.0969382 0.105822 0.0676869 0.0651274 0.208956 0.0787901 0.15506 
0.0608548 0.0893498 0.0764298 0.0688337 0.142132 0.096324 0.12291 0.0886335 0.109696 0.144837 
0.0400015 0.0830018 0.0732631 0.0907462 0.174899 0.0848706 0.0766145 0.112368 0.119048 0.145188 
0.0468996 0.0287221 0.0636139 0.0531103 0.306186 0.0628296 0.11276 0.0706908 0.137908 0.11728 
0.0680135 0.0562938 0.071859 0.0792592 0.14274 0.0985353 0.0591159 0.139419 0.117702 0.167062 
0.0837522 0.0560068 0.115974 0.0635875 0.0917233 0.156451 0.0778838 0.110404 0.121984 0.122234 
0.0465485 0.0339243 0.0525298 0.141149 0.0838979 0.307803 0.0543762 0.0360472 0.159089 0.0846348 
0.0773562 0.0400405 0.115116 0.0514324 0.154032 0.103991 0.133277 0.0981467 0.108066 0.118542 
0.0405626 0.0551796 0.0846744 0.139187 0.102921 0.0992738 0.0386059 0.247517 0.0818138 0.110264 
0.06562 0.0964831 0.0947332 0.109823 0.114349 0.109142 0.178251 0.0844883 0.0748107 0.0722998 
0.0271215 0.0335523 0.0170959 0.0859269 0.218111 0.0436497 0.0554383 0.250216 0.150262 0.118627 
0.0302575 0.114221 0.0976573 0.103763 0.136875 0.0848095 0.0811429 0.0788718 0.130418 0.141983 
0.160539 0.0151113 0.159866 0.175324 0.039403 0.155983 0.0494744 0.0727588 0.095754 0.0757863 
0.0748544 0.052695 0.0648521 0.087813 0.137223 0.280795 0.0503251 0.0529887 0.132824 0.065629 
0.0166067 0.0491018 0.0769539 0.153393 0.103305 0.157036 0.0310831 0.0639575 0.228143 0.120421 
0.0774267 0.0470528 0.082137 0.130953 0.0956381 0.244835 0.0524772 0.0457556 0.131923 0.091801 
0.0600711 0.0397829 0.0672596 0.0388069 0.137829 0.152973 0.286509 0.0581852 0.0827617 0.0758205 
0.0600413 0.0356725 0.109475 0.0377916 0.0988134 0.147152 0.342065 0.0254829 0.0899498 0.0535569 
0.0502208 0.0382964 0.0769439 0.12104 0.043806 0.352089 0.0935623 0.0171086 0.149812 0.0571209 
0.0406999 0.0273033 0.129568 0.102429 0.11843 0.0514775 0.0462322 0.269059 0.102275 0.112526 
0.0318192 0.0786306 0.0943656 0.135928 0.0848795 0.150974 0.0527292 0.0790082 0.199915 0.0917508 
0.0258733 0.201077 0.0954699 0.113676 0.0468505 0.102168 0.101969 0.0886653 0.1267 0.0975507 
0.207237 0.0342761 0.0926527 0.0856106 0.0582149 0.172673 0.0763989 0.0792366 0.116206 0.0774939 
0.0381425 0.208691 0.0981583 0.10781 0.0562482 0.104272 0.123708 0.0726236 0.114973 0.0753729 
0.105458 0.062925 0.130317 0.0581209 0.0922561 0.0803738 0.198484 0.106427 0.0990749 0.066564 
0.04573 0.0544554 0.0743505 0.0360447 0.266739 0.0556087 0.0918964 0.120148 0.146133 0.108895 
0.0913614 0.0793372 0.105517 0.0752684 0.0838037 0.16539 0.192901 0.0436024 0.096216 0.0666027 
0.0595816 0.0550977 0.0626297 0.146686 0.0492266 0.0568617 0.0265338 0.402503 0.0668649 0.0740151 
0.0401473 0.0475213 0.170563 0.177138 0.0879794 0.0923316 0.0288364 0.123052 0.140359 0.0920712 
0.0350844 0.20876 0.113985 0.106495 0.058496 0.093481 0.104324 0.0908178 0.106902 0.0816551 
0.0506387 0.056092 0.125186 0.097466 0.112552 0.0736756 0.056553 0.203993 0.0794169 0.144427 
0.0457884 0.156632 0.0728115 0.123176 0.0656547 0.146706 0.0804509 0.103459 0.110593 0.0947286 
0.0389121 0.0804301 0.0837743 0.0944908 0.117008 0.142873 0.0667011 0.104638 0.163845 0.107328 
0.0551568 0.0408673 0.284212 0.189335 0.0856324 0.13907 0.0876078 0.0209299 0.0758745 0.021314 
0.199736 0.0393488 0.0984362 0.0801061 0.0607889 0.168313 0.0871598 0.0681228 0.112329 0.0856593 
0.0311401 0.0877895 0.0910537 0.0934759 0.153045 0.0770319 0.107792 0.0761754 0.0859218 0.196575 
0.0520543 0.0508787 0.0881206 0.0969277 0.165592 0.09188 0.0760214 0.103466 0.113644 0.161415 
0.0571803 0.0304086 0.120345 0.0910959 0.0941295 0.100895 0.0352598 0.0602538 0.152858 0.257574 
0.103813 0.0521877 0.0786487 0.0501708 0.115724 0.254968 0.0562461 0.0640394 0.147193 0.0770089 
0.0617729 0.0755749 0.0894699 0.121903 0.0719675 0.191105 0.0564229 0.0655239 0.13134 0.13492 
0.0430911 0.178754 0.084373 0.113524 0.0755883 0.0844211 0.0921664 0.121569 0.094205 0.112308 
0.0740277 0.0401663 0.0516435 0.0642788 0.219634 0.26395 0.0898589 0.038824 0.096071 0.0615457 
0.0788681 0.0309092 0.113441 0.0518313 0.121409 0.107991 0.260577 0.0935181 0.0733692 0.0680848 
0.185072 0.0423824 0.0922613 0.0731858 0.0733676 0.14468 0.0788316 0.0925357 0.114017 0.103666 
0.0985486 0.0821545 0.164085 0.2101 0.0499442 0.125013 0.0505321 0.0753669 0.0799213 0.0643338 
0.0491587 0.0846955 0.0794849 0.0714205 0.148987 0.0971789 0.119396 0.112621 0.0896178 0.14744 
0.0320741 0.0806092 0.066711 0.0740609 0.236156 0.101544 0.0808808 0.111677 0.0938911 0.122396 
0.0966791 0.0453656 0.122289 0.0517112 0.102349 0.137755 0.282367 0.0424083 0.0623282 0.0567478 
0.059451 0.0289284 0.065724 0.122003 0.0648519 0.419454 0.0180494 0.0291491 0.149585 0.0428037 
0.0300795 0.016965 0.0566759 0.0746304 0.29582 0.0671609 0.0489891 0.169747 0.0948277 0.145105 
0.0553108 0.0433837 0.0956768 0.0577847 0.15586 0.0643714 0.193512 0.140939 0.0851917 0.107971 
0.0739337 0.048628 0.0674553 0.103474 0.0805897 0.268825 0.0799613 0.0397751 0.147918 0.0894393 
0.0892949 0.0481512 0.101486 0.0569695 0.177663 0.0919305 0.0756082 0.118471 0.113343 0.127082 
0.0508166 0.0620592 0.0672147 0.13417 0.110146 0.249538 0.071181 0.0851744 0.0824133 0.0872866 
0.0344661 0.202187 0.0895604 0.10489 0.0544994 0.12147 0.0977341 0.0900016 0.112359 0.0928317 
0.0564665 0.0511408 0.0536076 0.101981 0.19955 0.118201 0.0566325 0.133132 0.0950482 0.13424 
0.0482354 0.0774939 0.0700632 0.0998503 0.174004 0.122124 0.0920207 0.100463 0.102288 0.113457 
0.0475784 0.0752318 0.078226 0.161946 0.0467906 0.0418436 0.0310239 0.326015 0.0780687 0.113275 
0.105009 0.0585981 0.210783 0.155782 0.0245849 0.197728 0.0522834 0.00911919 0.156598 0.0295135 
0.0926453 0.047734 0.102138 0.155565 0.0983562 0.138135 0.0525253 0.0890921 0.113454 0.110356 
0.0792074 0.118405 0.191572 0.112552 0.0656967 0.0738248 0.112812 0.0716259 0.101997 0.0723077 
0.0619889 0.113676 0.0804433 0.140364 0.0865581 0.115793 0.0548658 0.141754 0.0888312 0.115726 
0.0446438 0.179237 0.0989558 0.111214 0.0610287 0.109901 0.0882456 0.100143 0.104439 0.102192 
0.043004 0.0720005 0.0967525 0.117761 0.119662 0.132849 0.0915844 0.0738437 0.146655 0.105888 
0.0314679 0.205347 0.100772 0.105125 0.0527754 0.0871506 0.098055 0.0938335 0.118166 0.107308 
0.0309315 0.117735 0.114705 0.109288 0.0558409 0.150611 0.0778022 0.0342047 0.233872 0.0750096 
0.031692 0.200557 0.0884157 0.128681 0.0666495 0.0913674 0.0739565 0.100517 0.107405 0.11076 
0.0344868 0.0809072 0.10683 0.10808 0.0645914 0.164158 0.127036 0.0375268 0.205337 0.0710475 
0.0521416 0.0728576 0.0887927 0.109421 0.0964852 0.238381 0.0675377 0.0591486 0.137154 0.0780811 
0.28198 0.0107076 0.0987095 0.0731476 0.0380931 0.238213 0.0990821 0.0325834 0.0966803 0.0308027 
0.0729992 0.0888069 0.0769104 0.127534 0.0812991 0.155949 0.106331 0.0548387 0.149294 0.0860384 
0.0521792 0.0399229 0.0777144 0.0491682 0.233648 0.0505898 0.094595 0.126138 0.113503 0.162541 
0.0482518 0.0681804 0.262433 0.195433 0.0205103 0.105923 0.0802115 0.0211115 0.157676 0.0402687 
0.0640379 0.0595761 0.0995922 0.138138 0.0612319 0.276691 0.0367117 0.0392009 0.117219 0.107602 
0.320285 0.0230623 0.072361 0.0585103 0.0374227 0.202885 0.0442835 0.0338212 0.155577 0.0517921 
0.0559664 0.155787 0.0811933 0.141713 0.0811746 0.121146 0.0699847 0.105011 0.0904214 0.0976028 
0.031675 0.197323 0.0853734 0.111111 0.0715172 0.082281 0.0663585 0.13043 0.11993 0.104 
0.0508738 0.15344 0.0805475 0.126109 0.0800676 0.140087 0.0791836 0.0914565 0.105286 0.0929487 
0.257782 0.0197039 0.0825843 0.0905092 0.0808448 0.224368 0.0714211 0.0518595 0.0637195 0.057208 
0.0293784 0.0565543 0.0756372 0.115644 0.143822 0.121923 0.0546418 0.125943 0.123546 0.15291 
0.166811 0.0191577 0.0816287 0.096035 0.0665535 0.174768 0.0277288 0.119139 0.126334 0.121845 
0.0445661 0.0806839 0.0836773 0.129991 0.0732647 0.177906 0.104527 0.0688797 0.120572 0.115933 
0.027556 0.215171 0.0872936 0.101424 0.0533848 0.123399 0.120726 0.0660549 0.120145 0.084845 
0.0631651 0.0401343 0.090068 0.0491591 0.101122 0.162443 0.32001 0.02412 0.0946966 0.0550823 
0.0414048 0.0562291 0.0650038 0.101348 0.173988 0.129986 0.065169 0.120148 0.115188 0.131535 
0.0516266 0.0758716 0.181599 0.207941 0.0401523 0.0923355 0.0654087 0.0863929 0.132718 0.0659542 
0.0493912 0.0233529 0.120307 0.367775 0.0258638 0.207763 0.0298558 0.0290168 0.10051 0.0461643 
0.15438 0.0333577 0.13615 0.0298847 0.0887884 0.0783861 0.271922 0.0552883 0.0893045 0.0625388 
0.0466578 0.173663 0.107319 0.106451 0.0946963 0.0919315 0.0891051 0.103538 0.107859 0.0787798 
0.0429921 0.173617 0.0836495 0.125389 0.0673776 0.119176 0.0782085 0.0999323 0.107765 0.101894 
0.0485984 0.159889 0.11117 0.102364 0.0787446 0.110909 0.0884763 0.119728 0.0988398 0.0812807 
0.0528709 0.081244 0.0847366 0.174537 0.0792103 0.1594 0.0536147 0.0677658 0.13889 0.107731 
0.0271944 0.0406457 0.0264406 0.0793237 0.16514 0.177931 0.030344 0.119375 0.114337 0.219268 
0.0670052 0.041889 0.0510953 0.105474 0.0847246 0.263382 0.0587926 0.0958546 0.124655 0.107127 
0.0807621 0.0622374 0.286816 0.0839544 0.0627773 0.0943794 0.126215 0.0363515 0.112866 0.053641 
0.0229368 0.0769531 0.0213077 0.0807555 0.164524 0.146937 0.0316294 0.123869 0.0920017 0.239085 
0.0491799 0.0278351 0.0729458 0.0744432 0.190368 0.137561 0.0757085 0.15274 0.111326 0.107893 
0.10749 0.0694132 0.0556234 0.0914052 0.103071 0.158687 0.0410049 0.154389 0.110558 0.108358 
0.0214993 0.0584189 0.0399897 0.105567 0.130965 0.125189 0.0575001 0.161983 0.102917 0.195971 
0.0524227 0.0956068 0.110001 0.161165 0.0916302 0.114241 0.0488786 0.0904271 0.0989178 0.13671 
0.0250102 0.0695154 0.0571638 0.116248 0.177588 0.11028 0.0464218 0.120554 0.116042 0.161176 
0.221926 0.0286486 0.0716803 0.099938 0.0709862 0.140613 0.0521712 0.111828 0.097496 0.104713 
0.0495122 0.0716072 0.0832453 0.232186 0.0743665 0.104239 0.0468768 0.117023 0.0795271 0.141417 
0.0867398 0.103798 0.0673465 0.0865554 0.110078 0.210566 0.130909 0.0304467 0.124562 0.0489997 
0.0861923 0.0615493 0.0511887 0.101161 0.0962595 0.234478 0.042466 0.123857 0.115725 0.0871226 
0.089766 0.0673453 0.063179 0.178601 0.0739371 0.238669 0.0302161 0.0802763 0.0936322 0.0843772 
0.0583516 0.0261697 0.0483923 0.0820767 0.0820604 0.11275 0.0244702 0.287935 0.0944471 0.183347 
0.082019 0.0378121 0.248379 0.157299 0.0690276 0.071208 0.114013 0.0430141 0.109526 0.0677022 
0.0652033 0.015994 0.406219 0.0751291 0.0398181 0.131896 0.0585002 0.0571041 0.0833526 0.0667839 
0.0482143 0.0446647 0.0663848 0.113263 0.0695407 0.0693006 0.0232924 0.356433 0.0692008 0.139705 
0.0729044 0.133136 0.100321 0.0978381 0.107181 0.0977878 0.107295 0.109544 0.0966902 0.0773029 
0.0875194 0.057471 0.184553 0.135467 0.0632263 0.152413 0.0698945 0.0458776 0.16188 0.0416986 
0.023607 0.0862765 0.0547658 0.141967 0.12226 0.171871 0.0455493 0.07246 0.200174 0.0810682 
0.0745027 0.0820936 0.106668 0.0940817 0.140846 0.0839421 0.108568 0.0864445 0.099704 0.123149 
0.051553 0.171996 0.114936 0.107599 0.0599382 0.0888933 0.109958 0.102734 0.0969315 0.0954598 
0.0667118 0.0857669 0.0715088 0.142225 0.0827547 0.0882067 0.034713 0.197116 0.0914002 0.139596 
0.0889674 0.0942988 0.0813486 0.169111 0.0406133 0.157207 0.0471621 0.14981 0.0766311 0.0948513 
0.0714711 0.135675 0.0781642 0.192623 0.0663731 0.122896 0.048434 0.0799212 0.109539 0.0949035 
0.0431374 0.0756747 0.122693 0.0747051 0.0873353 0.154125 0.149936 0.0207746 0.20036 0.0712587 
0.0257892 0.0394109 0.0488823 0.134214 0.0752776 0.13433 0.0141813 0.180879 0.172626 0.174409 
0.0583199 0.0648556 0.0680806 0.139652 0.0679882 0.100205 0.0399282 0.213885 0.100228 0.146856 
0.0701715 0.0458948 0.0772368 0.0935717 0.141632 0.0945646 0.0503149 0.17595 0.0892371 0.161427 
0.0515473 0.0548751 0.250914 0.155903 0.0546557 0.0854044 0.170839 0.0436065 0.0812025 0.0510523 
0.0523935 0.114431 0.227089 0.125207 0.0569653 0.0680505 0.166924 0.0462706 0.0964257 0.0462439 
0.0492363 0.0367395 0.0481086 0.0432396 0.347154 0.0586865 0.117574 0.0907891 0.0810015 0.127471 
0.0337241 0.229425 0.0794715 0.107209 0.0601946 0.0966923 0.0899979 0.101363 0.100537 0.101386 
0.0568631 0.0788548 0.0745754 0.112092 0.071246 0.233305 0.075994 0.0346333 0.169908 0.0925286 
0.065992 0.0480741 0.102138 0.150299 0.0904762 0.134708 0.0613824 0.0788303 0.134431 0.133668 
0.0841479 0.0315695 0.10016 0.0544655 0.105972 0.110758 0.0839145 0.0679445 0.219252 0.141817 
0.0357158 0.0562297 0.0941796 0.120672 0.135937 0.0663509 0.0646223 0.220634 0.0799418 0.125717 
0.0587984 0.0932787 0.135657 0.107244 0.0810343 0.0991137 0.0736452 0.14848 0.0780218 0.124727 
0.0781383 0.0660383 0.0687174 0.129841 0.0562195 0.225444 0.111356 0.085773 0.118732 0.0597402 
0.290693 0.0116805 0.159063 0.0570565 0.0338994 0.178304 0.0938833 0.0209206 0.114278 0.0402211 
0.0475025 0.116162 0.135356 0.151025 0.0821142 0.094126 0.119626 0.0510081 0.0910652 0.112015 
0.0445071 0.0198945 0.0442318 0.028057 0.37994 0.0515663 0.082448 0.119264 0.105031 0.12506 
0.0490722 0.175331 0.149981 0.151413 0.0437346 0.102526 0.15498 0.0469404 0.0925558 0.0334663 
0.028342 0.059404 0.05142 0.0774476 0.24534 0.114835 0.0528371 0.0917209 0.115927 0.162727 
0.0495405 0.126337 0.0783552 0.105937 0.0712894 0.165711 0.0719594 0.0920305 0.127044 0.111796 
0.0254812 0.0629865 0.047485 0.0688055 0.185348 0.0917921 0.0494791 0.144469 0.0935829 0.230571 
0.0698427 0.050365 0.0809492 0.132157 0.086792 0.238218 0.0471025 0.0802256 0.131558 0.0827896 
0.0504579 0.046011 0.0835959 0.164481 0.0688583 0.0787888 0.0243045 0.226532 0.113624 0.143346 
0.042142 0.0617696 0.0863863 0.158428 0.0807031 0.0978822 0.0369277 0.221201 0.0896322 0.124928 
0.0522965 0.153265 0.172621 0.139571 0.0383885 0.113703 0.104666 0.0545856 0.116907 0.0539974 
0.04435 0.147736 0.117853 0.1124 0.0414979 0.140418 0.130458 0.0437563 0.148142 0.073388 
0.0794295 0.0265459 0.295934 0.112876 0.0466804 0.0718581 0.222555 0.0253526 0.0792984 0.0394695 
0.283395 0.0308734 0.0768253 0.0524889 0.0704604 0.117074 0.15538 0.0448752 0.108106 0.0605219 
0.0593179 0.0357575 0.123669 0.069495 0.114657 0.128967 0.0394904 0.0714416 0.263353 0.0938518 
0.0601748 0.141684 0.0820208 0.125505 0.0411675 0.21632 0.0330301 0.103581 0.120013 0.0765036 
0.059464 0.0544048 0.0620066 0.151867 0.0361826 0.0555344 0.029463 0.349884 0.0872677 0.113925 
0.0374644 0.0878949 0.0571037 0.120932 0.0717977 0.0767456 0.0233801 0.271148 0.0931068 0.160427 
0.0295864 0.1364 0.074525 0.117969 0.130253 0.125453 0.0371313 0.0815521 0.111776 0.155354 
0.0255172 0.22061 0.0932109 0.11783 0.049197 0.0946517 0.102794 0.0876848 0.114352 0.0941526 
0.103859 0.0710291 0.0617774 0.107604 0.0741391 0.171404 0.0998748 0.0555235 0.158025 0.0967645 
0.0219267 0.231071 0.0802013 0.110672 0.0687142 0.0761764 0.0834993 0.10454 0.0995093 0.123689 
0.0683994 0.0367804 0.134661 0.101757 0.0870408 0.130568 0.0895384 0.0386304 0.169059 0.143566 
0.253976 0.0444133 0.0760127 0.109595 0.0480313 0.1322 0.065917 0.140194 0.0786892 0.050971 
0.0427464 0.0475477 0.083318 0.190484 0.0453655 0.257894 0.0188553 0.0755594 0.143951 0.0942785 
0.219318 0.0313973 0.0893113 0.0808798 0.0706826 0.131803 0.0842963 0.10901 0.0831355 0.100166 
0.032163 0.205416 0.0794563 0.12206 0.063963 0.102391 0.0818223 0.102134 0.104324 0.106271 
0.0505069 0.0409009 0.0675623 0.0771137 0.148248 0.0739724 0.0502181 0.138396 0.135591 0.21749 
0.0167671 0.0337018 0.0651043 0.111695 0.123952 0.0486702 0.0310546 0.184326 0.158942 0.225788 
0.0459288 0.0364166 0.0662697 0.0565176 0.260203 0.0747445 0.0725384 0.134466 0.125593 0.127322 
0.0288412 0.22028 0.104374 0.117285 0.0472721 0.0986684 0.0932603 0.0888975 0.110883 0.0902391 
0.027719 0.0595778 0.086078 0.0943585 0.0934119 0.1022 0.0515198 0.116653 0.221676 0.146807 
0.0787602 0.0428942 0.177728 0.111761 0.0718798 0.111384 0.10814 0.082488 0.141925 0.0730407 
0.0396854 0.205585 0.0882574 0.111703 0.0701138 0.0937482 0.0889241 0.104168 0.0981903 0.0996254 
0.0526259 0.165621 0.160599 0.155195 0.032379 0.092728 0.159171 0.0152057 0.136435 0.0300402 
0.0542419 0.0314488 0.0638957 0.073662 0.164373 0.0657222 0.066462 0.141079 0.115065 0.224051 
0.0529094 0.101684 0.104876 0.0978141 0.072043 0.0969959 0.0646505 0.160935 0.118559 0.129533 
0.0910673 0.0680664 0.0564574 0.119486 0.0963415 0.206349 0.0469146 0.13172 0.0988804 0.0847172 
0.0804038 0.0490347 0.0915296 0.0794536 0.12875 0.0923354 0.0756678 0.129171 0.113147 0.160507 
0.0535787 0.0519105 0.291358 0.167953 0.0416872 0.0778455 0.177275 0.0168282 0.0812015 0.0403619 
0.0525682 0.0714194 0.120045 0.07425 0.0827259 0.188719 0.236096 0.0194145 0.106412 0.0483501 
0.0389664 0.0186802 0.0372981 0.0807536 0.334832 0.0678624 0.0662128 0.111135 0.0777073 0.166552 
0.0394412 0.174825 0.0989896 0.10282 0.0530529 0.158398 0.0812065 0.076856 0.134713 0.0796976 
0.0662604 0.0732316 0.0716881 0.0916424 0.114286 0.23914 0.103584 0.0446632 0.125925 0.0695789 
0.033802 0.095141 0.0599809 0.0674968 0.167511 0.175528 0.0685566 0.0749632 0.112036 0.144985 
0.0886702 0.101254 0.147603 0.178263 0.0259533 0.21846 0.0886741 0.00858121 0.116728 0.0258133 
0.0393367 0.0691447 0.0685047 0.0573007 0.139693 0.111646 0.0446352 0.166884 0.0974437 0.205411 
0.0357415 0.140078 0.224008 0.07568 0.0892572 0.0591466 0.154532 0.0393535 0.0956659 0.0865372 
0.175595 0.0375768 0.0986007 0.0912076 0.0600829 0.190194 0.0338913 0.0819108 0.110248 0.120693 
0.0460751 0.0761171 0.0572366 0.106373 0.206871 0.103338 0.0597397 0.0797161 0.105959 0.158575 
0.41307 0.0125453 0.0836104 0.0909126 0.0316461 0.171262 0.0499683 0.0432397 0.0733164 0.03043 
0.273336 0.017595 0.111087 0.0740245 0.0343453 0.210329 0.100371 0.0514817 0.0897834 0.0376464 
0.0831459 0.0637752 0.229305 0.129039 0.024756 0.174879 0.129985 0.0144193 0.117259 0.033437 
0.0679069 0.0950344 0.114795 0.158022 0.0515853 0.137579 0.0319795 0.0691715 0.179587 0.0943394 
0.0575553 0.102287 0.0993452 0.0870312 0.107521 0.0991569 0.157716 0.101178 0.0968021 0.0914072 
0.0326115 0.0625687 0.119792 0.0954742 0.101263 0.0684821 0.0499465 0.286832 0.0853152 0.0977145 
0.024906 0.209845 0.087736 0.111938 0.0653492 0.100122 0.115407 0.0865537 0.107035 0.0911075 
0.0531175 0.052827 0.139468 0.12195 0.0945037 0.0835076 0.0732599 0.111324 0.119349 0.150693 
0.035131 0.072646 0.0581619 0.0801809 0.166089 0.113988 0.063787 0.143486 0.108289 0.158241 
0.133149 0.0103709 0.191113 0.0492256 0.0289151 0.403457 0.0309839 0.0132192 0.117316 0.0222495 
0.0562019 0.125675 0.244573 0.145938 0.0298732 0.0923926 0.120813 0.0354517 0.104189 0.0448921 
0.0417609 0.0792767 0.101531 0.114477 0.110007 0.0698489 0.0535102 0.153191 0.132412 0.143986 
0.0322591 0.0532191 0.0549845 0.0694837 0.251968 0.108761 0.0660755 0.104865 0.14531 0.113074 
0.0568241 0.0839963 0.106922 0.211958 0.0580321 0.136962 0.0763451 0.0415157 0.118024 0.109422 
0.0687499 0.099275 0.109533 0.167324 0.0706053 0.14448 0.0684699 0.0649398 0.106915 0.0997078 
0.330976 0.00532047 0.132932 0.0311741 0.027064 0.156446 0.106601 0.0312755 0.132569 0.0456419 
0.300111 0.0169006 0.0746437 0.0564766 0.0752799 0.1288 0.100677 0.0782736 0.0879165 0.0809208 
0.0734935 0.0381319 0.101555 0.126827 0.174167 0.192587 0.0660403 0.045421 0.103008 0.0787697 
0.0275442 0.231161 0.0770696 0.132017 0.0559022 0.0902067 0.0943824 0.0813824 0.109264 0.101071 
0.0565488 0.0208511 0.0903022 0.0546784 0.1616 0.0540904 0.0479398 0.154761 0.14582 0.213408 
0.0834836 0.0870994 0.0643118 0.0530819 0.103205 0.156455 0.247096 0.025399 0.12205 0.0578184 
0.0385481 0.0624415 0.0281535 0.0577372 0.163718 0.269093 0.0819525 0.0835368 0.142261 0.0725578 
0.0991108 0.0469584 0.168894 0.185774 0.083125 0.10707 0.0686203 0.0360719 0.137293 0.0670832 
0.0886908 0.0264202 0.0917725 0.0974869 0.0930207 0.31925 0.0931695 0.0192496 0.119196 0.051743 
0.0326946 0.151169 0.0624324 0.129811 0.0556541 0.154988 0.0419916 0.138295 0.124566 0.108399 
0.0359526 0.0880162 0.0784579 0.153009 0.0764966 0.100343 0.0437818 0.193354 0.115509 0.115081 
0.0332248 0.0850612 0.0461523 0.137023 0.118992 0.146632 0.0367836 0.136589 0.0885458 0.170997 
0.0566832 0.120274 0.0749887 0.205402 0.0771602 0.129616 0.038667 0.0687957 0.12738 0.101033 
0.128859 0.109531 0.0952969 0.0828157 0.0897737 0.107925 0.0645754 0.10596 0.0881225 0.127141 
0.0447388 0.0581145 0.123349 0.0745422 0.177935 0.0900285 0.0967801 0.0844782 0.114216 0.135817 
0.0479962 0.121158 0.232697 0.124199 0.0209077 0.139467 0.135348 0.0114507 0.118276 0.048501 
0.243787 0.014028 0.0769864 0.0545045 0.0642497 0.163633 0.121767 0.0886211 0.0962854 0.0761386 
0.0393222 0.0876621 0.0816891 0.072448 0.0823493 0.0941219 0.0440941 0.249949 0.109139 0.139225 
0.0230909 0.205132 0.0941575 0.125924 0.0607762 0.0862282 0.0910065 0.0923496 0.111645 0.109689 
0.0321466 0.210087 0.0866101 0.106282 0.057383 0.090436 0.0995107 0.0956374 0.111482 0.110426 
0.0356807 0.127138 0.159747 0.155225 0.0754204 0.0964085 0.121762 0.0340052 0.142192 0.0524217 
0.0253606 0.220477 0.0899514 0.111024 0.0647709 0.0816433 0.0820261 0.112387 0.104495 0.107864 
0.0582516 0.0368168 0.0850679 0.115103 0.12539 0.267277 0.0320794 0.0374629 0.189604 0.0529485 
0.0637662 0.0805748 0.0763927 0.238826 0.0753328 0.133897 0.0284402 0.0974385 0.114148 0.0911826 
0.0614256 0.108998 0.11592 0.172056 0.0530403 0.145235 0.0721272 0.0740164 0.118252 0.0789304 
0.0422125 0.0640788 0.0814071 0.107188 0.186337 0.0658497 0.0669202 0.096789 0.100504 0.188715 
0.0424102 0.0394734 0.0480503 0.191094 0.0715968 0.0630344 0.0210714 0.299998 0.0779756 0.145296 
0.0523243 0.0279283 0.0970962 0.132929 0.0818267 0.256852 0.0243129 0.0278502 0.182165 0.116716 
0.0565591 0.0450083 0.119472 0.0586937 0.0883545 0.167194 0.303478 0.0200543 0.103422 0.0377647 
0.0565558 0.11099 0.0846011 0.221243 0.0349762 0.173476 0.0769682 0.092009 0.0748671 0.0743133 
0.0717149 0.052745 0.11814 0.0938481 0.147989 0.0844096 0.153259 0.086008 0.0882111 0.103675 
0.0305142 0.213689 0.0878242 0.120577 0.0516653 0.0962109 0.0801886 0.0870066 0.11791 0.114415 
0.102036 0.117908 0.0613064 0.178515 0.045042 0.199876 0.0390395 0.0504627 0.118645 0.08717 
0.0485486 0.0924266 0.0756982 0.0970441 0.084141 0.19128 0.105541 0.0328934 0.179051 0.0933766 
0.0231539 0.193827 0.0799398 0.130911 0.0617787 0.0798897 0.0620526 0.106776 0.102117 0.159554 
0.210758 0.032958 0.0984666 0.110417 0.0573634 0.141253 0.0600555 0.0610039 0.108652 0.119072 
0.0371977 0.0677456 0.0386048 0.0902018 0.134016 0.328367 0.0425933 0.0409435 0.153717 0.0666123 
0.0417506 0.187182 0.102582 0.0924074 0.0464503 0.133911 0.106926 0.0862513 0.11913 0.0834103 
0.0246024 0.0554913 0.0947794 0.22694 0.0713122 0.0895292 0.0359234 0.155996 0.113981 0.131445 
0.0271293 0.191641 0.0784591 0.134021 0.0653453 0.124383 0.0539805 0.101587 0.106292 0.117163 
0.0561399 0.0511521 0.0794249 0.121463 0.0676485 0.306462 0.0553543 0.0294854 0.146971 0.0858976 
0.176819 0.0231369 0.114404 0.128279 0.0431225 0.178497 0.054027 0.0615829 0.168884 0.0512493 
0.0495162 0.0398665 0.11233 0.0439439 0.14749 0.0813384 0.22146 0.0768243 0.103508 0.123723 
0.0465428 0.145422 0.121648 0.106542 0.107623 0.0810016 0.103431 0.0847429 0.125418 0.0776294 
0.0626329 0.0954281 0.0964993 0.0836293 0.0743227 0.143808 0.112423 0.0417825 0.205427 0.0840477 
0.0569288 0.0418087 0.0344999 0.152922 0.0988546 0.289737 0.0243905 0.0767516 0.133881 0.0902264 
0.0642357 0.163884 0.0874292 0.111134 0.0686045 0.104468 0.0841447 0.115048 0.0982018 0.10285 
0.0353685 0.0844808 0.0408126 0.107153 0.108101 0.109196 0.0394673 0.202026 0.131758 0.141637 
0.0432202 0.0605901 0.0517497 0.0919216 0.202247 0.116624 0.0606047 0.116858 0.113775 0.142409 
0.053445 0.0220188 0.0845816 0.100076 0.291591 0.0504358 0.0982723 0.100061 0.11466 0.0848589 
0.0550687 0.0668482 0.133822 0.057296 0.140944 0.107873 0.20882 0.0614368 0.0987682 0.0691238 
0.0647049 0.0379212 0.0995463 0.175803 0.0657824 0.103472 0.0260026 0.190886 0.13174 0.104141 
0.0340267 0.127993 0.216358 0.147879 0.0211883 0.0994733 0.210755 0.0215105 0.0924555 0.0283615 
0.0756382 0.0477042 0.0826028 0.097422 0.0955159 0.246518 0.0529841 0.0444487 0.167822 0.089344 
0.171111 0.0343842 0.0985043 0.0852374 0.0802019 0.189699 0.0708296 0.0699283 0.11527 0.0848343 
0.0693356 0.0917904 0.101414 0.0994796 0.099524 0.10967 0.133132 0.119525 0.0914722 0.0846564 
0.0433826 0.0254048 0.108647 0.119168 0.14491 0.208717 0.0460047 0.0334465 0.153176 0.117143 
0.116101 0.0658984 0.13749 0.0625871 0.0823434 0.16175 0.183276 0.0301238 0.107788 0.0526419 
0.0923455 0.0578231 0.0589894 0.182325 0.0814052 0.143493 0.0309083 0.109328 0.115379 0.128004 
0.0281586 0.0373331 0.0728141 0.178648 0.0641949 0.0844252 0.0186102 0.302835 0.0830436 0.129937 
0.0420101 0.0791767 0.318706 0.112031 0.0230151 0.160458 0.128404 0.0158042 0.0693336 0.0510607 
0.128658 0.0257838 0.195408 0.0980831 0.05756 0.134145 0.0638127 0.0513399 0.131858 0.113351 
0.0510421 0.104603 0.113305 0.118535 0.0927786 0.170571 0.0375331 0.0512447 0.158659 0.10173 
0.0444799 0.0658367 0.107618 0.120067 0.124103 0.0996493 0.0474158 0.0572418 0.211715 0.121873 
0.0475759 0.0411513 0.07736 0.0893951 0.126402 0.307544 0.0605033 0.04642 0.140375 0.0632725 
0.0419861 0.0657556 0.0641552 0.0950181 0.175363 0.134729 0.063882 0.128539 0.0871029 0.143469 
0.0335777 0.207069 0.100074 0.117631 0.0597925 0.10437 0.0760045 0.0974549 0.107244 0.0967831 
0.02707 0.239771 0.0858032 0.102613 0.0661332 0.0916322 0.0857511 0.0835259 0.109303 0.108397 
0.0717651 0.0486868 0.0629334 0.0658523 0.233402 0.109721 0.0730894 0.0909871 0.108262 0.135301 
0.150378 0.0103044 0.12444 0.0412467 0.0388284 0.435214 0.0756115 0.0122067 0.0941916 0.0175792 
0.0508368 0.0623223 0.0826545 0.164084 0.0667289 0.0386152 0.0649244 0.32364 0.0918091 0.0543847 
0.0494754 0.0765347 0.0568722 0.193803 0.0541665 0.219618 0.0591858 0.0617161 0.120798 0.107829 
0.0695973 0.0541995 0.0706294 0.148142 0.0721752 0.107511 0.0273784 0.193384 0.102401 0.154583 
0.0568521 0.0559961 0.124055 0.0398663 0.110383 0.0914094 0.359996 0.0498004 0.0715908 0.0400514 
0.0398982 0.211788 0.0997078 0.101113 0.0554546 0.0939167 0.0922904 0.0935738 0.115192 0.0970657 
0.105138 0.0765119 0.0727786 0.109533 0.078512 0.164884 0.142338 0.0760616 0.0832804 0.0909623 
0.042398 0.0999089 0.184316 0.103503 0.0931891 0.0999833 0.077288 0.0947559 0.108004 0.0966547 
0.0527675 0.162248 0.11494 0.118335 0.0816317 0.104276 0.0792405 0.0841078 0.115788 0.0866665 
0.0252602 0.0792391 0.0409998 0.117423 0.112284 0.124289 0.0383352 0.212706 0.0971433 0.152321 
0.0944718 0.0138123 0.336812 0.119017 0.0491503 0.0953858 0.090987 0.0675068 0.066756 0.0661004 
0.073642 0.0454309 0.111627 0.0858739 0.105016 0.243534 0.0620972 0.0659033 0.14108 0.0657961 
0.0667837 0.0577582 0.117175 0.0749982 0.138522 0.117626 0.219112 0.0551963 0.0738874 0.0789414 
0.0298595 0.222679 0.0979311 0.113139 0.0626032 0.0928634 0.0703637 0.105049 0.098969 0.106543 
0.108113 0.0419521 0.0716409 0.0572609 0.13983 0.0817946 0.0617308 0.154019 0.106427 0.177232 
0.0547632 0.0576306 0.0542061 0.101671 0.0692227 0.244213 0.0800833 0.055578 0.171811 0.110821 
0.0444256 0.103782 0.299703 0.156108 0.0493662 0.0703788 0.110179 0.0449262 0.0764654 0.0446652 
0.0529737 0.0859556 0.0761707 0.140195 0.0875176 0.20378 0.0664104 0.0451182 0.158493 0.0833849 
0.0556703 0.0359757 0.0613491 0.0556336 0.26775 0.11097 0.076493 0.0933398 0.106828 0.135991 
0.0880851 0.0215102 0.068222 0.0424036 0.294328 0.0634923 0.137262 0.100092 0.074558 0.110048 
0.18944 0.0239481 0.217631 0.0881014 0.0588773 0.134412 0.0810292 0.0336349 0.120977 0.0519492 
0.0330911 0.0989007 0.125057 0.127592 0.0697983 0.130242 0.061465 0.0592182 0.194336 0.1003 
0.081168 0.0414036 0.166783 0.213287 0.0820446 0.224271 0.0343955 0.0361936 0.090458 0.0299962 
0.0669655 0.0594951 0.0858796 0.0650879 0.139174 0.147638 0.0752687 0.116675 0.120481 0.123335 
0.0754848 0.100527 0.122382 0.138497 0.0607066 0.124599 0.082306 0.102811 0.125714 0.0669724 
0.0390395 0.021253 0.102502 0.0739805 0.279444 0.0756322 0.0639257 0.0727719 0.0828514 0.188599 
0.112937 0.0374542 0.0445269 0.082057 0.0804447 0.204652 0.0950813 0.0600477 0.147162 0.135638 
0.222196 0.0264695 0.109736 0.0833063 0.0641512 0.15911 0.0206138 0.0921282 0.0996204 0.122668 
0.0823171 0.10195 0.111272 0.203292 0.0390839 0.136756 0.066828 0.0599757 0.126148 0.0723781 
0.0247064 0.167235 0.0900065 0.132817 0.0709473 0.11594 0.0815262 0.0914485 0.121355 0.104018 
0.0547684 0.0384302 0.045744 0.111188 0.0551298 0.0804684 0.0221596 0.354129 0.0973109 0.140671 
0.0357622 0.105065 0.069833 0.115968 0.0671674 0.12113 0.0465701 0.202106 0.101471 0.134929 
0.033711 0.0379118 0.0254642 0.217224 0.0584767 0.267425 0.00841246 0.14337 0.125408 0.0825966 
0.0383767 0.0122916 0.0297631 0.107194 0.0478819 0.103947 0.00580376 0.41299 0.100061 0.141691 
0.0367334 0.108706 0.0959444 0.0757651 0.158367 0.0737226 0.0733784 0.0953596 0.10741 0.174614 
0.0611976 0.0341289 0.0430958 0.0835322 0.0864661 0.117766 0.0292133 0.303466 0.101006 0.140129 
0.0265672 0.208645 0.0998017 0.0997132 0.0492199 0.0946797 0.113706 0.0927881 0.120618 0.0942617 
