0.0664638 0.0368861 0.066732 0.151699 0.086424 0.0900424 0.0370695 0.24371 0.0840835 0.136889 
0.0817385 0.0723038 0.266788 0.113534 0.0124104 0.153193 0.166271 0.00520558 0.0939681 0.0345876 
0.0395515 0.163866 0.107103 0.106752 0.0919146 0.101908 0.101826 0.1031 0.0901682 0.0938103 
0.288373 0.0298657 0.0764953 0.0772996 0.0408577 0.134339 0.0972598 0.0831973 0.0775287 0.0947839 
0.0979645 0.0443207 0.086736 0.0629158 0.215845 0.0657984 0.107678 0.0958585 0.100094 0.122789 
0.0365013 0.183973 0.106044 0.12413 0.0854701 0.0852426 0.0696957 0.104799 0.097894 0.10625 
0.0512259 0.0517428 0.0345918 0.0858284 0.200238 0.119552 0.0631697 0.115226 0.116725 0.161701 
0.0292615 0.115186 0.0785068 0.0936782 0.132497 0.116686 0.0560601 0.0671288 0.106719 0.204276 
0.0967248 0.0422563 0.121241 0.0414577 0.155898 0.144246 0.212523 0.0406823 0.0855324 0.0594393 
0.0568654 0.0197622 0.0416002 0.0613423 0.196281 0.0715029 0.0501688 0.172221 0.090512 0.239745 
0.275257 0.0357133 0.101081 0.0770626 0.0505932 0.181555 0.0650505 0.0382865 0.106238 0.0691632 
0.0902422 0.0761438 0.105171 0.0931982 0.0964486 0.0689271 0.183481 0.0563173 0.116677 0.113394 
0.0503965 0.0533672 0.0672588 0.0989898 0.116139 0.102364 0.0600854 0.13324 0.0902957 0.227864 
0.224928 0.0420266 0.100468 0.066118 0.0680076 0.12115 0.0389984 0.0620213 0.135469 0.140813 
0.0421663 0.234141 0.0966905 0.142238 0.0535211 0.0801225 0.0875274 0.0696601 0.0836887 0.110245 
0.0895942 0.0540201 0.0915814 0.132271 0.0957935 0.230238 0.0676125 0.0377035 0.127037 0.0741495 
0.0823667 0.0273045 0.0829202 0.0718876 0.147068 0.0652073 0.062976 0.156454 0.111703 0.192113 
0.0755484 0.0130932 0.0677666 0.210173 0.0759307 0.0585399 0.0298914 0.322647 0.0656702 0.0807401 
0.0661177 0.0459495 0.133287 0.157859 0.0912512 0.129314 0.0772991 0.0543023 0.157722 0.0868981 
0.0825007 0.0593467 0.0752879 0.0949297 0.177359 0.102092 0.0912664 0.110162 0.0847356 0.12232 
0.0678037 0.0535793 0.0210954 0.108869 0.127078 0.0956492 0.0314804 0.1815 0.084851 0.228094 
0.0681212 0.055898 0.11345 0.0849174 0.0650841 0.172278 0.208527 0.0302608 0.105514 0.0959492 
0.0475986 0.0711394 0.0862747 0.0666789 0.155471 0.0464326 0.159538 0.164192 0.0831236 0.119551 
0.079114 0.046408 0.0910815 0.0909481 0.157685 0.226653 0.105922 0.032119 0.0912229 0.078847 
0.0651902 0.0646447 0.104591 0.0781246 0.207371 0.0723555 0.0799957 0.129214 0.0742068 0.124307 
0.425797 0.00722157 0.0417822 0.0245613 0.0457683 0.164927 0.135824 0.0504359 0.0613145 0.0423678 
0.0899978 0.0330847 0.080165 0.116735 0.0577332 0.11193 0.0553699 0.213228 0.0791597 0.162596 
0.0816437 0.0450043 0.0806099 0.0754417 0.208393 0.105332 0.0935383 0.0595092 0.0944774 0.156051 
0.310244 0.0252657 0.091861 0.0932289 0.0289547 0.151354 0.0422905 0.0517459 0.107223 0.0978327 
0.0419553 0.168194 0.0866402 0.121212 0.0690195 0.134825 0.107876 0.0591045 0.121347 0.0898259 
0.0483324 0.04894 0.0631944 0.23909 0.0678041 0.142021 0.0359599 0.12437 0.0999359 0.130353 
0.0473707 0.159078 0.0820261 0.133143 0.0741107 0.103602 0.0880399 0.0980518 0.0971182 0.117459 
0.0470416 0.0637934 0.0838541 0.207563 0.0863204 0.208561 0.0407715 0.0334528 0.130873 0.0977688 
0.124147 0.0216176 0.120338 0.0346947 0.166497 0.149469 0.15169 0.047044 0.110025 0.0744777 
0.0593045 0.0399573 0.0830509 0.131361 0.0896894 0.0782475 0.0291395 0.265445 0.0947453 0.12906 
0.108561 0.0642969 0.162774 0.135721 0.0579567 0.221238 0.0602914 0.0330413 0.116132 0.0399877 
0.0524759 0.0343374 0.0718916 0.16507 0.0585423 0.0864654 0.0365945 0.230678 0.113671 0.150274 
0.0321462 0.202785 0.0733458 0.123917 0.0661095 0.114339 0.0888913 0.0912257 0.100074 0.107166 
0.124858 0.114948 0.156033 0.123766 0.0284429 0.143173 0.0981537 0.0343964 0.111955 0.0642729 
0.03771 0.210167 0.0804732 0.132489 0.0493738 0.0991191 0.104325 0.0606951 0.116591 0.109058 
0.0569211 0.161638 0.0970905 0.11888 0.0639821 0.118336 0.105369 0.0953467 0.0890908 0.0933459 
0.0796772 0.0544479 0.0877025 0.128507 0.0939447 0.0799525 0.0513438 0.186197 0.0730809 0.165147 
0.0235536 0.0584571 0.0684393 0.101408 0.209619 0.0641509 0.0475402 0.136949 0.109592 0.180292 
0.0736436 0.0812525 0.177045 0.138535 0.0777477 0.0899557 0.0986573 0.0396804 0.11665 0.106833 
0.0593368 0.0823957 0.0998815 0.185178 0.0741274 0.145225 0.108921 0.0496026 0.0914425 0.10389 
0.0971129 0.0491704 0.0642404 0.124797 0.0849683 0.232646 0.0894785 0.0452964 0.106044 0.106246 
0.0226145 0.174664 0.0870934 0.175452 0.0823837 0.120814 0.0711823 0.0624347 0.0891241 0.114237 
0.0491756 0.0963321 0.160186 0.113446 0.0544392 0.0968913 0.201038 0.0401992 0.0807774 0.107515 
0.0212547 0.0228324 0.0378989 0.0908061 0.245731 0.122752 0.0531658 0.0727829 0.117697 0.21508 
0.0600086 0.0264393 0.0931679 0.0565524 0.289942 0.0331839 0.103541 0.0940629 0.104662 0.13844 
0.117169 0.0492006 0.0803346 0.0947791 0.0640944 0.167573 0.221386 0.048938 0.0746569 0.0818674 
0.0870863 0.0300057 0.134453 0.221153 0.0815606 0.126437 0.0746791 0.0745135 0.109195 0.060917 
0.0998375 0.100375 0.0646878 0.082295 0.143529 0.164244 0.0897032 0.0736744 0.082764 0.0988906 
0.0786043 0.0796582 0.0728822 0.111919 0.131487 0.184019 0.0823178 0.0501161 0.106333 0.102664 
0.0658264 0.0434196 0.198216 0.0971753 0.0823386 0.0449166 0.296326 0.0231753 0.0942109 0.0543953 
0.165141 0.0270983 0.0877486 0.0865501 0.0689785 0.183416 0.0602675 0.0498568 0.144259 0.126684 
0.0603271 0.0223743 0.0806249 0.0773591 0.26406 0.0693177 0.0927687 0.0796739 0.121348 0.132147 
0.0401208 0.1797 0.104916 0.110363 0.0752262 0.0956566 0.0694134 0.103502 0.103694 0.117409 
0.0646288 0.0257595 0.0644041 0.0672151 0.147587 0.0835063 0.0522755 0.141284 0.104565 0.248775 
0.0983209 0.0678124 0.0800344 0.0727677 0.122561 0.179171 0.06077 0.122501 0.112762 0.0833003 
0.0176912 0.0294659 0.108123 0.191738 0.0553298 0.0763559 0.0264763 0.345318 0.0840601 0.0654422 
0.0885089 0.0277627 0.167249 0.109557 0.0808546 0.125144 0.0802618 0.0379953 0.181856 0.10081 
0.0580746 0.0462417 0.124152 0.0974282 0.14058 0.114955 0.0879845 0.0875636 0.0993557 0.143665 
0.0703727 0.100077 0.143999 0.237195 0.0734327 0.0967791 0.0630834 0.0351194 0.0957824 0.0841593 
0.0438784 0.0173827 0.116589 0.18256 0.0987322 0.065357 0.0302135 0.255172 0.0976619 0.0924538 
0.048471 0.0684689 0.0740412 0.116407 0.171731 0.122775 0.0938585 0.0713616 0.0989534 0.133934 
0.0640227 0.0628081 0.101951 0.115141 0.108266 0.0693947 0.136065 0.154366 0.0834534 0.104532 
0.082358 0.0527898 0.0719878 0.0562805 0.269401 0.0538662 0.112773 0.0986244 0.0761114 0.125808 
0.0373403 0.0568299 0.0758371 0.306865 0.0713878 0.143703 0.0347587 0.048697 0.118859 0.105722 
0.341738 0.0250108 0.0728704 0.0800968 0.017204 0.195216 0.115403 0.0323473 0.0688714 0.0512423 
0.0760218 0.0200542 0.068797 0.16304 0.0635031 0.0439994 0.036549 0.358038 0.080424 0.0895736 
0.427631 0.0176809 0.0855343 0.052246 0.0242869 0.129382 0.0827823 0.0200561 0.109368 0.0510325 
0.143913 0.0255483 0.228364 0.189828 0.0430506 0.131681 0.0749535 0.0189492 0.0921483 0.0515647 
0.0348798 0.111756 0.0490924 0.142298 0.0648876 0.085398 0.0323679 0.176653 0.115508 0.18716 
0.0394001 0.19545 0.0803016 0.126282 0.0623501 0.123852 0.0819893 0.0745509 0.115436 0.100388 
0.0237815 0.0888709 0.0764477 0.115631 0.0784592 0.0696267 0.0390186 0.243813 0.095638 0.168713 
0.0639467 0.103694 0.0733546 0.201467 0.065986 0.169044 0.0559004 0.0396107 0.122287 0.10471 
0.0963619 0.100611 0.116298 0.077044 0.0868922 0.0780711 0.0835573 0.128252 0.11753 0.115383 
0.0293221 0.0921003 0.0504386 0.134496 0.133659 0.115821 0.0587404 0.112923 0.103997 0.168502 
0.0393199 0.0228319 0.0284007 0.07051 0.073801 0.0617091 0.0125064 0.415693 0.0980908 0.177137 
0.0483606 0.0378178 0.0652821 0.102572 0.0983726 0.135128 0.0545102 0.202324 0.0660899 0.189542 
0.112718 0.0434934 0.110835 0.0776188 0.0730746 0.177425 0.179748 0.0524342 0.0788229 0.0938309 
0.0797282 0.0465609 0.269555 0.214076 0.0405073 0.0956472 0.0646883 0.0147516 0.125156 0.0493291 
0.0696507 0.0373339 0.0696286 0.0912589 0.0937861 0.115733 0.0507848 0.223767 0.0846418 0.163415 
0.0559849 0.0853788 0.102314 0.0862546 0.136821 0.139333 0.08193 0.0505902 0.163696 0.0976963 
0.0341716 0.0241773 0.0263348 0.0689741 0.376294 0.0745768 0.0836608 0.0612109 0.126323 0.124278 
0.0326085 0.0921842 0.0581536 0.116964 0.0933298 0.0610634 0.03457 0.285392 0.0853701 0.140365 
0.066927 0.039821 0.0511609 0.181648 0.0875791 0.24033 0.0504361 0.0853953 0.0836202 0.113082 
0.0795075 0.0579916 0.14964 0.0498166 0.096393 0.0680209 0.264399 0.0539307 0.0795997 0.100701 
0.0391212 0.206415 0.102376 0.119259 0.0869305 0.0971148 0.0889547 0.0776201 0.0940013 0.0882078 
0.0797212 0.0733757 0.0633463 0.270587 0.0454579 0.152871 0.0230882 0.0731854 0.114347 0.104019 
0.0435026 0.063165 0.152318 0.0798612 0.087116 0.126677 0.261788 0.0389799 0.0720048 0.0745874 
0.0661091 0.0939968 0.0893963 0.0989695 0.164848 0.101846 0.0770069 0.0960342 0.0976359 0.114157 
0.0618974 0.0552798 0.0615339 0.229678 0.0475438 0.156068 0.0329836 0.107947 0.0892989 0.157769 
0.0172609 0.234293 0.0982759 0.122253 0.0771566 0.117468 0.0815564 0.0429219 0.11636 0.0924546 
0.0432432 0.0447563 0.0499295 0.0302863 0.236161 0.0529317 0.159714 0.116845 0.0878911 0.178242 
0.0402699 0.160883 0.0699193 0.12875 0.0750336 0.127668 0.0719643 0.0971383 0.104331 0.124043 
0.0258229 0.0719142 0.0746025 0.155539 0.082954 0.124574 0.0618812 0.169478 0.103003 0.130231 
0.0796862 0.0592475 0.11184 0.0660758 0.0585575 0.186382 0.283163 0.0255917 0.0819624 0.0474938 
0.0397501 0.0301533 0.0890206 0.0605011 0.133063 0.0398358 0.0636557 0.139456 0.111182 0.293382 
0.0760752 0.0987167 0.104855 0.0973522 0.0595325 0.0635625 0.232641 0.0780468 0.0989899 0.090229 
0.246268 0.0481811 0.114921 0.0624456 0.0451887 0.172843 0.0711382 0.0349435 0.098322 0.105749 
0.039868 0.0292569 0.0232158 0.116575 0.080361 0.293276 0.0172693 0.106531 0.161653 0.131994 
0.0705377 0.0464701 0.0777049 0.0784936 0.282422 0.0782655 0.0800284 0.0813493 0.0698103 0.134918 
0.0554754 0.0635375 0.0908006 0.0640407 0.0992917 0.134283 0.0632703 0.0972151 0.121598 0.210487 
0.0649247 0.0396784 0.103226 0.07428 0.133157 0.0845492 0.0795038 0.114745 0.0995753 0.206361 
0.0931483 0.0271748 0.223971 0.201459 0.0667633 0.0912086 0.0634914 0.0229615 0.148199 0.061623 
0.0812083 0.183494 0.0943532 0.109376 0.060214 0.10906 0.088227 0.0694585 0.121499 0.083109 
0.0522908 0.0483554 0.040619 0.107692 0.144791 0.128906 0.065486 0.0866646 0.0963781 0.228817 
0.0736277 0.0591688 0.107374 0.0677175 0.128449 0.086949 0.127901 0.112297 0.0886763 0.14784 
0.0602682 0.104746 0.0941302 0.17719 0.0694537 0.121125 0.0745424 0.0263988 0.176386 0.0957599 
0.0302404 0.154117 0.101906 0.121731 0.0759148 0.0688473 0.0516364 0.162783 0.088571 0.144253 
0.088749 0.0879458 0.0795199 0.183036 0.0659311 0.174082 0.0672386 0.057135 0.0952091 0.101154 
0.031409 0.0559665 0.0901112 0.0811664 0.133567 0.0689724 0.0912411 0.124626 0.096162 0.226778 
0.0393186 0.0775023 0.127249 0.0995985 0.0905738 0.0531169 0.0763685 0.197218 0.0745715 0.164483 
0.059834 0.0744544 0.0909296 0.0603347 0.135516 0.0758492 0.152423 0.0794493 0.0913901 0.179819 
0.03244 0.0700781 0.0851227 0.101123 0.18285 0.0913034 0.090922 0.085117 0.0958648 0.16518 
0.0420146 0.0263531 0.0702955 0.055721 0.331421 0.0505071 0.114934 0.0592764 0.116809 0.132668 
0.0721405 0.0695966 0.0949802 0.0943287 0.117013 0.0859886 0.0729534 0.122811 0.0970804 0.173108 
0.0797525 0.0568631 0.12485 0.0757758 0.0901459 0.134555 0.0949378 0.119831 0.102851 0.120437 
0.0512411 0.0361178 0.0811954 0.159944 0.0945995 0.257986 0.0380038 0.0365342 0.15387 0.0905083 
0.0938273 0.0314905 0.114675 0.0494529 0.156446 0.0706113 0.143293 0.082398 0.122641 0.135165 
0.0407295 0.0553721 0.103073 0.155294 0.110264 0.0873193 0.0526241 0.210469 0.072429 0.112426 
0.0520352 0.0757027 0.0898005 0.109217 0.0683104 0.105491 0.234192 0.0610736 0.10093 0.103248 
0.0293497 0.0420469 0.016738 0.106408 0.217026 0.0463585 0.0553527 0.178373 0.142365 0.165982 
0.0364067 0.120157 0.10058 0.076477 0.117982 0.0510841 0.0907052 0.100574 0.0947703 0.211264 
0.22311 0.0238753 0.126116 0.164971 0.0479018 0.129138 0.0485504 0.0831694 0.0777739 0.0753937 
0.0978165 0.0562321 0.0796757 0.0873883 0.126776 0.243247 0.0557112 0.0481329 0.106507 0.0985136 
0.0187215 0.0488386 0.0846348 0.180164 0.0910739 0.139154 0.0345645 0.0630908 0.193542 0.146215 
0.0957431 0.047544 0.0966496 0.12783 0.106804 0.189163 0.0720393 0.0457712 0.106711 0.111744 
0.059255 0.0446669 0.0922355 0.0593764 0.117455 0.119098 0.244223 0.0599131 0.088342 0.115435 
0.0452274 0.0298345 0.0990445 0.0455524 0.0793575 0.119615 0.404054 0.0279598 0.0686047 0.0807498 
0.061304 0.0431182 0.0915012 0.135148 0.042635 0.31185 0.10521 0.0204446 0.118145 0.070644 
0.0588416 0.0182715 0.132016 0.107157 0.0996186 0.0449572 0.0569245 0.262433 0.108486 0.111294 
0.0442293 0.100266 0.073424 0.151321 0.0741632 0.143492 0.0618361 0.0658454 0.18466 0.100763 
0.0362216 0.228768 0.0904412 0.123618 0.0436176 0.0967796 0.104838 0.0644074 0.110482 0.100826 
0.205941 0.0244035 0.100221 0.0900685 0.0521811 0.185842 0.0810162 0.0445256 0.123261 0.0925403 
0.0404571 0.206187 0.102703 0.121073 0.0614748 0.098504 0.0918489 0.0782514 0.108606 0.0908953 
0.0924291 0.0647949 0.0873596 0.07275 0.102283 0.087398 0.231319 0.0596275 0.0889483 0.11309 
0.0675452 0.0497145 0.072204 0.0444655 0.217851 0.0581594 0.10526 0.126881 0.132508 0.125412 
0.103911 0.0707595 0.101222 0.0840433 0.0894374 0.148154 0.165477 0.0567369 0.08832 0.0919385 
0.0706471 0.0365663 0.0791518 0.195687 0.0547734 0.0915014 0.0323742 0.309702 0.0686209 0.0609765 
0.0611645 0.0469987 0.161768 0.198796 0.102001 0.0879516 0.0230371 0.0922052 0.126202 0.0998764 
0.0415934 0.20128 0.106004 0.110077 0.0713649 0.0988645 0.100605 0.0822452 0.0908682 0.0970979 
0.048449 0.0493996 0.126398 0.0821999 0.105016 0.0564616 0.0721029 0.188566 0.0769121 0.194494 
0.0504877 0.163793 0.0844414 0.131288 0.0565274 0.123527 0.103786 0.0765558 0.109704 0.0998889 
0.0588497 0.0632195 0.0967928 0.0935927 0.117491 0.132053 0.0693309 0.079135 0.143731 0.145804 
0.0653014 0.0374905 0.263534 0.252556 0.0631015 0.14583 0.0612596 0.0199436 0.0621897 0.0287939 
0.20154 0.0364586 0.0935114 0.0799725 0.0564577 0.169833 0.0947773 0.0479312 0.119123 0.100395 
0.0433485 0.0955042 0.0889643 0.0897282 0.112237 0.0802028 0.0787654 0.0628963 0.0994518 0.248902 
0.0652225 0.0447478 0.0871367 0.103609 0.147516 0.0960827 0.090752 0.0783579 0.104235 0.182341 
0.0721935 0.0239454 0.103633 0.086458 0.103401 0.0855853 0.0321443 0.0602185 0.178756 0.253665 
0.0939984 0.03973 0.0849417 0.0570499 0.10109 0.293433 0.049932 0.052768 0.131429 0.0956272 
0.0661381 0.0717656 0.0979995 0.148889 0.0573118 0.20089 0.0508698 0.035674 0.121981 0.148481 
0.0431618 0.189064 0.0878374 0.129042 0.0717115 0.0839182 0.0928575 0.111168 0.0840794 0.107161 
0.0805849 0.0479015 0.0486224 0.0754307 0.180429 0.250287 0.104594 0.0293211 0.0940256 0.0888032 
0.117545 0.0242414 0.117565 0.0557815 0.118394 0.120501 0.19682 0.0716033 0.0682624 0.109287 
0.204328 0.0255189 0.11689 0.0751344 0.0458853 0.126253 0.0965382 0.079402 0.109178 0.120872 
0.101421 0.0625266 0.171271 0.225076 0.0365691 0.112528 0.0710985 0.0706992 0.0844323 0.0643789 
0.0443341 0.0902623 0.0806451 0.0937067 0.15913 0.080413 0.112648 0.103818 0.0752537 0.159789 
0.0310709 0.0607393 0.0902695 0.0884536 0.245591 0.0688635 0.0893325 0.0885086 0.0897862 0.147385 
0.102191 0.048555 0.0904256 0.0767745 0.0792203 0.158786 0.253033 0.0344402 0.0532076 0.103367 
0.0745249 0.030433 0.0804778 0.113697 0.0596542 0.403717 0.0205085 0.0242558 0.128762 0.0639697 
0.0382878 0.0145236 0.0487953 0.0877281 0.27579 0.059494 0.0863371 0.156456 0.0822137 0.150374 
0.0535909 0.0471031 0.0819779 0.0820322 0.124434 0.0695197 0.231087 0.105384 0.0838599 0.121011 
0.0672721 0.0601987 0.0692475 0.123811 0.0864561 0.257604 0.0867853 0.0268861 0.127001 0.0947385 
0.0974161 0.0329412 0.0965787 0.0612305 0.169618 0.0839545 0.0926182 0.0956131 0.113991 0.156039 
0.070585 0.0660884 0.0624764 0.112736 0.11198 0.244308 0.0779892 0.0719832 0.0890121 0.0928414 
0.0382026 0.193755 0.0979256 0.11916 0.0486009 0.128833 0.107696 0.0778414 0.0985767 0.0894089 
0.0595644 0.0389174 0.060006 0.122038 0.20166 0.105081 0.0726715 0.0995537 0.0926153 0.147893 
0.050422 0.0666032 0.0772577 0.101884 0.205251 0.103169 0.0829259 0.083483 0.090923 0.138081 
0.043497 0.0888672 0.0902127 0.156498 0.0441394 0.0487906 0.0237611 0.285005 0.0817006 0.137528 
0.110223 0.106046 0.199165 0.151164 0.0259423 0.161398 0.0506501 0.00811217 0.144239 0.04306 
0.110323 0.0624959 0.0722932 0.174025 0.0669689 0.155848 0.0450142 0.0625402 0.126292 0.1242 
0.0744414 0.107856 0.191169 0.122981 0.0724551 0.0668365 0.108983 0.0445806 0.102134 0.108563 
0.0541946 0.12356 0.0899009 0.132906 0.08984 0.0977807 0.0616569 0.130641 0.0878128 0.131707 
0.0527383 0.177923 0.102459 0.111097 0.0572294 0.117001 0.0971576 0.0841765 0.0968391 0.103379 
0.046268 0.0667282 0.107112 0.138051 0.110928 0.142529 0.0805587 0.0573837 0.123337 0.127104 
0.0391793 0.210081 0.0782122 0.111234 0.0579891 0.0891948 0.107826 0.0995473 0.0931752 0.113562 
0.0365023 0.106857 0.111541 0.120878 0.061852 0.149665 0.0893562 0.0410155 0.189782 0.092551 
0.0382693 0.199954 0.0874029 0.1356 0.0654204 0.0884168 0.080377 0.101761 0.08941 0.113389 
0.0368107 0.086177 0.0879206 0.14504 0.0604898 0.160816 0.121932 0.0333501 0.179504 0.0879602 
0.070845 0.0587227 0.0886512 0.131242 0.097446 0.189781 0.0819212 0.0606696 0.11157 0.109151 
0.310558 0.0203233 0.0797497 0.0916908 0.0285975 0.217095 0.0799949 0.0284023 0.0995907 0.0439973 
0.0777786 0.0801815 0.0657389 0.146218 0.0929338 0.155351 0.109221 0.0469485 0.13819 0.0874379 
0.0518016 0.0456945 0.0758614 0.0570486 0.196431 0.0439101 0.119368 0.0981529 0.103363 0.208368 
0.0520092 0.0885635 0.268499 0.217495 0.0171596 0.0941378 0.0723436 0.013046 0.125631 0.0511154 
0.0699875 0.0572599 0.108671 0.155632 0.0588103 0.254324 0.0393445 0.0258499 0.128935 0.101186 
0.389598 0.0201431 0.0692967 0.0645603 0.0197927 0.177962 0.0420395 0.0229435 0.126568 0.067096 
0.0511437 0.158118 0.0889559 0.138133 0.0720054 0.119354 0.0864025 0.0774888 0.104747 0.103651 
0.038798 0.210081 0.083597 0.123171 0.0651506 0.0768928 0.0579154 0.124126 0.117294 0.102974 
0.0374517 0.147263 0.0779648 0.146181 0.0813227 0.138012 0.0875853 0.0709234 0.0988675 0.114428 
0.270644 0.0169554 0.0744973 0.111723 0.0957351 0.175517 0.0643232 0.043511 0.0671441 0.07995 
0.0233777 0.054291 0.0902772 0.171754 0.156542 0.0852166 0.0665596 0.111992 0.0973512 0.142638 
0.180528 0.0191687 0.106325 0.10501 0.06316 0.17162 0.029731 0.0903975 0.0943335 0.139725 
0.0394802 0.0890246 0.125397 0.145578 0.0774538 0.152086 0.0811966 0.0431446 0.134166 0.112473 
0.0377382 0.204825 0.0934433 0.116824 0.0561611 0.108672 0.117244 0.0554524 0.117639 0.092001 
0.0433896 0.0455772 0.0848303 0.0689379 0.091727 0.137397 0.313501 0.0266875 0.0879106 0.100042 
0.0463904 0.0440081 0.0790211 0.119294 0.163523 0.137972 0.0610231 0.0969622 0.105715 0.14609 
0.0601602 0.0826884 0.204577 0.214513 0.0317869 0.0973566 0.0620505 0.0510952 0.113318 0.0824534 
0.0570134 0.0218301 0.106703 0.425881 0.0189143 0.197518 0.0204946 0.0156082 0.0780895 0.0579474 
0.14538 0.0516236 0.106845 0.0572286 0.0620939 0.0495086 0.30604 0.0533109 0.0782852 0.0896845 
0.0488975 0.168707 0.113615 0.11574 0.0995237 0.0922898 0.0855444 0.0986901 0.0943321 0.0826611 
0.0497837 0.177097 0.0907125 0.131692 0.0581746 0.101936 0.102561 0.0955335 0.0946014 0.0979076 
0.0398047 0.171645 0.101514 0.110023 0.0883693 0.104514 0.0918272 0.103676 0.0927148 0.0959126 
0.0656247 0.0905303 0.0784848 0.213503 0.073473 0.150987 0.0518427 0.0544356 0.105676 0.115443 
0.0285092 0.0350061 0.0489721 0.0850781 0.125387 0.17242 0.0444237 0.079328 0.115305 0.265571 
0.0702621 0.0697805 0.0600521 0.10076 0.105675 0.241472 0.0577287 0.0695632 0.125966 0.09874 
0.0848673 0.0855945 0.280886 0.0976328 0.0627821 0.0943304 0.0988456 0.0291795 0.0950706 0.0708111 
0.0184161 0.0722486 0.0221964 0.0773757 0.125453 0.156976 0.0384739 0.098881 0.0940696 0.29591 
0.0523446 0.030327 0.0484667 0.0770261 0.191364 0.130809 0.0998899 0.134211 0.105494 0.130068 
0.0839643 0.0596448 0.0553934 0.111747 0.0837797 0.12677 0.0511827 0.175836 0.105232 0.146451 
0.0190863 0.0732333 0.0532434 0.117122 0.100163 0.145487 0.0575593 0.115128 0.0824385 0.236539 
0.0617029 0.105191 0.106973 0.154137 0.0866397 0.0933888 0.0599534 0.0965073 0.0956395 0.139867 
0.0263416 0.0543416 0.0972059 0.139125 0.13564 0.0851542 0.0658582 0.086487 0.102857 0.206989 
0.229346 0.0226058 0.094008 0.0995296 0.0770052 0.128337 0.0745916 0.0609879 0.085955 0.127634 
0.0486971 0.0633845 0.0807859 0.248958 0.0956511 0.105829 0.0572335 0.0885221 0.0871486 0.12379 
0.0877613 0.0993039 0.0738279 0.092478 0.117891 0.169949 0.168276 0.0242715 0.108449 0.0577922 
0.079838 0.0527062 0.0598737 0.115075 0.0948106 0.180583 0.0447894 0.159106 0.107217 0.106002 
0.102522 0.0369451 0.0507743 0.184562 0.0785033 0.232125 0.0347233 0.062547 0.106687 0.110611 
0.0639773 0.034269 0.0446394 0.0880541 0.0899428 0.120722 0.035035 0.238793 0.0894949 0.195073 
0.0942381 0.0319473 0.239855 0.177557 0.0678926 0.0671403 0.12869 0.0357392 0.0842491 0.0726914 
0.100124 0.0138183 0.430551 0.0650194 0.0322123 0.0712665 0.077443 0.0303222 0.0944997 0.0847437 
0.0624259 0.0376308 0.0681057 0.107682 0.0724236 0.0690962 0.0340398 0.301516 0.0723375 0.174742 
0.0623088 0.13261 0.101187 0.120565 0.118744 0.085929 0.0956609 0.104855 0.087591 0.0905494 
0.0866476 0.0824859 0.187968 0.153647 0.0780289 0.13259 0.0568829 0.0291226 0.14509 0.0475383 
0.0232186 0.083776 0.0775233 0.142161 0.113811 0.163642 0.0459467 0.0796861 0.154076 0.116158 
0.0810231 0.0728982 0.11848 0.0892692 0.126556 0.0950465 0.102221 0.069531 0.0965275 0.148447 
0.0418131 0.191287 0.114196 0.113202 0.0646524 0.100245 0.0794851 0.0857742 0.101682 0.107664 
0.0681384 0.0945936 0.0742624 0.127846 0.078151 0.0753387 0.0508967 0.191589 0.088748 0.150436 
0.102117 0.0988525 0.086172 0.192838 0.0413579 0.151786 0.059588 0.0819059 0.078625 0.106758 
0.0685862 0.138865 0.0856674 0.226658 0.078546 0.119309 0.0435214 0.041849 0.107645 0.0893536 
0.0412353 0.0723498 0.118494 0.0902635 0.0773671 0.173781 0.171189 0.0177516 0.157874 0.0796936 
0.0396309 0.0435622 0.0581932 0.133611 0.0759471 0.100039 0.0234398 0.177085 0.151018 0.197474 
0.060263 0.0723518 0.082019 0.148776 0.0807333 0.079311 0.0511426 0.19923 0.0864126 0.13976 
0.0817289 0.0235919 0.102377 0.057965 0.0989735 0.122169 0.0942113 0.158489 0.077789 0.182705 
0.0826857 0.0681333 0.216691 0.17953 0.0621246 0.0749189 0.13853 0.0432037 0.0745589 0.0596236 
0.0308312 0.139502 0.21813 0.15711 0.0547939 0.0571354 0.160651 0.0342064 0.0863625 0.0612766 
0.0535588 0.038012 0.0594497 0.054878 0.298912 0.0623288 0.113226 0.0904048 0.0852878 0.143942 
0.0437348 0.213497 0.0855529 0.126165 0.0572493 0.0886051 0.100168 0.0937244 0.0832621 0.108041 
0.0669403 0.0722761 0.0754304 0.151215 0.0728598 0.224655 0.0790193 0.0280892 0.133504 0.0960107 
0.0672997 0.0473503 0.119248 0.140143 0.0992729 0.157366 0.0726574 0.0638974 0.109215 0.12355 
0.0768274 0.0283122 0.109777 0.0601583 0.0843762 0.0827197 0.0850991 0.0516522 0.217097 0.203981 
0.0245721 0.0464679 0.100075 0.147324 0.140746 0.0863006 0.065316 0.179696 0.0853859 0.124118 
0.084654 0.126163 0.15827 0.115838 0.0868262 0.0842319 0.0817643 0.0887591 0.0769817 0.096511 
0.113146 0.065081 0.0679733 0.135029 0.0742637 0.165352 0.161378 0.0577743 0.0945411 0.0654609 
0.340869 0.013672 0.134245 0.0808564 0.0234976 0.128147 0.0858578 0.0168785 0.119915 0.0560622 
0.0453314 0.0906822 0.129739 0.135253 0.0757043 0.107451 0.125792 0.0473637 0.0977892 0.144893 
0.0605199 0.0262826 0.0512418 0.0373704 0.271833 0.0535898 0.120992 0.123226 0.116455 0.138489 
0.04515 0.166018 0.164156 0.161829 0.043841 0.108008 0.145944 0.0458141 0.0746962 0.0445431 
0.0287499 0.0445057 0.0670386 0.107689 0.216768 0.0906656 0.0710759 0.0673712 0.0901526 0.215983 
0.0761023 0.122923 0.0896544 0.11937 0.0670959 0.14348 0.10484 0.0700269 0.108882 0.0976246 
0.0239688 0.0462819 0.051877 0.0617754 0.151823 0.0881535 0.0986373 0.107901 0.0906903 0.278892 
0.09736 0.0527144 0.0687393 0.112223 0.0872832 0.261537 0.051297 0.0464346 0.109444 0.112967 
0.0682209 0.0464147 0.0836028 0.154526 0.0689268 0.0839147 0.0361962 0.218081 0.0931235 0.146992 
0.0437975 0.0632449 0.0937081 0.154182 0.0913099 0.0739594 0.0428 0.213808 0.0831436 0.140047 
0.0511247 0.146886 0.163519 0.183649 0.0410953 0.11983 0.0845245 0.0436835 0.102818 0.0628701 
0.042108 0.139436 0.105226 0.149772 0.0516549 0.130057 0.134727 0.0307202 0.13094 0.0853591 
0.0765624 0.0253573 0.353983 0.13876 0.0422943 0.065797 0.153697 0.0166216 0.0722228 0.0547041 
0.310262 0.0301556 0.0823554 0.0585814 0.0531105 0.0816035 0.161309 0.0450074 0.0953579 0.0822565 
0.071876 0.0343878 0.143102 0.0735024 0.0816163 0.122869 0.0680221 0.0483607 0.232526 0.123738 
0.0822258 0.127921 0.0833936 0.118425 0.0387395 0.228182 0.0362353 0.0765861 0.117123 0.0911694 
0.0493947 0.0462552 0.0901954 0.192942 0.0518484 0.0676397 0.0376396 0.268318 0.0806299 0.115138 
0.0367469 0.0750295 0.0536672 0.125504 0.0795585 0.061248 0.0311535 0.272266 0.0754395 0.189386 
0.032222 0.12532 0.0826311 0.128808 0.121743 0.119624 0.0528178 0.0650451 0.109483 0.162306 
0.0352903 0.223408 0.0971425 0.125028 0.0499163 0.099177 0.0975185 0.0648049 0.0977892 0.109926 
0.0974275 0.0550787 0.0727259 0.104877 0.0602344 0.163122 0.114198 0.0376072 0.159982 0.134747 
0.0248103 0.24706 0.078027 0.133099 0.0615495 0.0714258 0.0837798 0.0875896 0.0886083 0.12405 
0.0590907 0.0325193 0.111925 0.110081 0.09649 0.146323 0.0731926 0.0314804 0.177145 0.161753 
0.291235 0.0504598 0.0787765 0.115942 0.0322523 0.0923491 0.0628816 0.139502 0.0627168 0.0738851 
0.0534097 0.0440636 0.0957569 0.174582 0.0585073 0.221524 0.0296724 0.0411277 0.174223 0.107133 
0.249401 0.0256974 0.110805 0.0868934 0.0552944 0.132461 0.103824 0.0662875 0.0792458 0.09009 
0.0424639 0.189603 0.0867733 0.133204 0.0618174 0.0945417 0.0915534 0.103326 0.0901598 0.106558 
0.0503726 0.0655887 0.077366 0.0890975 0.115016 0.0575776 0.0524848 0.131126 0.119694 0.241677 
0.0193194 0.034886 0.0877146 0.0926306 0.107759 0.0477452 0.0527088 0.151846 0.143912 0.261478 
0.0441165 0.0311434 0.0822304 0.0740513 0.209929 0.0748598 0.105661 0.101647 0.0988946 0.177467 
0.0411346 0.246082 0.0980416 0.125911 0.0503625 0.0864911 0.0899531 0.068954 0.0954977 0.0975719 
0.0426051 0.0375592 0.0893802 0.108842 0.129457 0.0796214 0.0709604 0.091139 0.169794 0.180641 
0.0789547 0.0583933 0.19244 0.140358 0.0728929 0.0912678 0.108471 0.0479715 0.137309 0.0719412 
0.0476694 0.189088 0.0927087 0.133498 0.0645406 0.0906125 0.102061 0.0989956 0.0831481 0.0976771 
0.0494834 0.170773 0.178478 0.160593 0.0309034 0.0863607 0.153266 0.0145318 0.10698 0.0486315 
0.0461971 0.0518966 0.067792 0.0726912 0.137378 0.0516036 0.0746896 0.114294 0.114682 0.268775 
0.0556247 0.102039 0.105651 0.13463 0.0785637 0.0812677 0.0604634 0.163478 0.0866055 0.131678 
0.0674208 0.0564793 0.0552917 0.124665 0.100422 0.215602 0.0382673 0.151976 0.0918932 0.0979822 
0.0682882 0.0475351 0.126469 0.0708545 0.105618 0.0863258 0.0796383 0.0995891 0.118942 0.19674 
0.0545029 0.0419338 0.279711 0.201315 0.0385138 0.0793822 0.182346 0.0173493 0.0603879 0.0445584 
0.0458881 0.0581227 0.140014 0.106636 0.0942521 0.170736 0.217736 0.0240727 0.0843393 0.0582031 
0.0453997 0.0206057 0.0362191 0.0885156 0.347284 0.0469414 0.0686671 0.0876959 0.0785892 0.180083 
0.0509915 0.158311 0.098583 0.126009 0.0608793 0.125076 0.0772444 0.0724285 0.122089 0.108388 
0.0580336 0.0839505 0.0790497 0.115139 0.0905687 0.22419 0.0921737 0.0317893 0.13183 0.0932752 
0.0308153 0.0909513 0.0620116 0.0795585 0.159157 0.171022 0.0626653 0.0532955 0.136342 0.154181 
0.0851946 0.123404 0.156679 0.180683 0.0291988 0.198602 0.0820388 0.00847993 0.0989055 0.0368143 
0.0465735 0.050382 0.0897402 0.0608799 0.102124 0.0945247 0.0618891 0.14531 0.0882548 0.260322 
0.0358766 0.113482 0.246204 0.0951985 0.0944885 0.0566937 0.142772 0.0322993 0.0743281 0.108657 
0.180696 0.0354616 0.128445 0.0999996 0.0469028 0.167817 0.0316598 0.0573169 0.106075 0.145626 
0.0337561 0.0621867 0.0541459 0.0780474 0.216292 0.101393 0.0646966 0.0744706 0.0922082 0.222803 
0.40792 0.0169087 0.103953 0.100539 0.0194716 0.16752 0.0427 0.0279778 0.0642463 0.0487632 
0.299022 0.0329328 0.0807343 0.0996676 0.0281811 0.166838 0.0963802 0.0583977 0.0877601 0.0500865 
0.0792069 0.0897088 0.170794 0.143928 0.0288561 0.176538 0.120929 0.0131181 0.12518 0.051741 
0.0685419 0.0985198 0.106897 0.164944 0.0464707 0.142862 0.0365669 0.0471391 0.15711 0.130949 
0.0495883 0.092808 0.0981596 0.0826797 0.125123 0.102657 0.149079 0.0962517 0.0876039 0.116049 
0.0284482 0.061667 0.116534 0.100752 0.102196 0.0562705 0.071372 0.259321 0.0708171 0.132621 
0.0365526 0.20501 0.0963682 0.13013 0.0622805 0.0931917 0.108225 0.0783785 0.0934069 0.096457 
0.0742142 0.0514235 0.139089 0.105284 0.0898403 0.100619 0.0873933 0.105563 0.127575 0.118999 
0.0287575 0.0681847 0.0604992 0.0893855 0.194073 0.0840059 0.0663854 0.122953 0.105937 0.179818 
0.209738 0.0172991 0.16696 0.0744161 0.0415124 0.287222 0.0526873 0.00917191 0.116692 0.0243009 
0.0421974 0.159026 0.232228 0.175553 0.0239793 0.0739436 0.113313 0.0275601 0.0946417 0.0575579 
0.0349764 0.0951764 0.108058 0.110082 0.102825 0.0534116 0.0633479 0.152926 0.0989976 0.180199 
0.0343323 0.0584314 0.0632516 0.0658929 0.218491 0.0965103 0.089102 0.108353 0.126187 0.139448 
0.069386 0.0972283 0.111447 0.215914 0.0506034 0.131155 0.0909418 0.030649 0.122792 0.0798825 
0.06726 0.0912399 0.0943486 0.180081 0.0966304 0.136853 0.0664386 0.0591744 0.108555 0.0994196 
0.462837 0.00644818 0.113209 0.0343358 0.0161735 0.0867559 0.107072 0.0166102 0.0927197 0.0638385 
0.311883 0.0163169 0.0875901 0.0544556 0.081711 0.120498 0.103465 0.045371 0.0838744 0.0948343 
0.0794175 0.0412449 0.120542 0.135898 0.122688 0.193056 0.0818113 0.0266646 0.105729 0.0929488 
0.0344223 0.220211 0.0822856 0.132032 0.0602165 0.0897562 0.0971544 0.0771867 0.091721 0.115014 
0.0703387 0.0286779 0.0891437 0.0615085 0.147769 0.04817 0.0706475 0.149424 0.126174 0.208146 
0.0589422 0.067735 0.0579364 0.0696802 0.107296 0.126254 0.263557 0.0284297 0.136128 0.0840421 
0.039015 0.0890164 0.0249588 0.0579205 0.155512 0.25438 0.061945 0.0893218 0.140659 0.0872717 
0.115406 0.0370372 0.153378 0.213017 0.0773193 0.0960603 0.0868246 0.0265356 0.11603 0.0783919 
0.0777624 0.0305445 0.0851261 0.09655 0.11657 0.299472 0.120046 0.0125154 0.0937043 0.0677086 
0.0273429 0.143284 0.059921 0.126799 0.0580395 0.123589 0.0465372 0.16421 0.116395 0.133882 
0.031744 0.100062 0.095112 0.161306 0.0813097 0.0916474 0.0378454 0.174388 0.100315 0.126272 
0.0345375 0.050447 0.0471794 0.135923 0.116351 0.130994 0.0558123 0.123835 0.0787652 0.226156 
0.0737571 0.120003 0.0969799 0.242425 0.0756636 0.105066 0.0454255 0.0472821 0.114301 0.0790972 
0.105551 0.0925535 0.106938 0.111619 0.0827477 0.10524 0.0817066 0.088658 0.102648 0.122338 
0.0643714 0.0478658 0.103976 0.0702363 0.183171 0.0745635 0.0970758 0.0943022 0.104567 0.159871 
0.0583981 0.118181 0.231074 0.147196 0.018028 0.122578 0.144227 0.00881727 0.0977575 0.0537436 
0.263158 0.012399 0.0671032 0.0558619 0.0629852 0.183609 0.131948 0.0431831 0.0993068 0.0804457 
0.035988 0.0790128 0.079182 0.0831108 0.0723679 0.0840636 0.0434771 0.271189 0.101525 0.150085 
0.0295129 0.228318 0.0870768 0.134573 0.055976 0.082321 0.0945788 0.080465 0.0876096 0.119569 
0.0400692 0.211831 0.0781717 0.126108 0.0599795 0.090558 0.103255 0.0945869 0.0832775 0.112162 
0.0402937 0.176701 0.183406 0.176492 0.0569089 0.0887697 0.10611 0.0307374 0.0917376 0.0488439 
0.0316152 0.227598 0.0752662 0.115326 0.0637743 0.0800528 0.0893202 0.104775 0.0863415 0.125932 
0.0619496 0.0338776 0.0904433 0.133042 0.141764 0.242724 0.032078 0.0520913 0.145365 0.0666652 
0.07017 0.0615549 0.0727569 0.271917 0.0876928 0.13091 0.0350824 0.0726954 0.115898 0.0813228 
0.0550057 0.0915901 0.120563 0.212226 0.08416 0.139388 0.063353 0.0487162 0.0983367 0.0866615 
0.0461307 0.0651233 0.0930205 0.0820009 0.168218 0.0605952 0.0627923 0.103891 0.0903864 0.227842 
0.044627 0.032192 0.0541112 0.177254 0.0725727 0.0705058 0.0358315 0.293181 0.0706386 0.149087 
0.0703757 0.0235164 0.0926905 0.124318 0.0810666 0.238289 0.0291703 0.0248353 0.173475 0.142263 
0.048218 0.0672461 0.143337 0.0724061 0.0649209 0.148186 0.272772 0.0164536 0.107945 0.0585151 
0.0679829 0.107078 0.0825128 0.196265 0.0317601 0.184497 0.0977132 0.0710345 0.0715229 0.0896342 
0.0613967 0.0736196 0.0900884 0.0991299 0.147145 0.0839659 0.129065 0.094559 0.0957477 0.125283 
0.0410988 0.208814 0.0892583 0.11993 0.0541974 0.102878 0.0809145 0.0882514 0.0976753 0.116983 
0.0852091 0.0942164 0.0537292 0.214078 0.0481067 0.217634 0.0407497 0.0304648 0.115682 0.10013 
0.0483049 0.103421 0.089444 0.114776 0.0846167 0.174828 0.0948819 0.0361569 0.15846 0.0951112 
0.0281749 0.240468 0.0824042 0.135554 0.0517178 0.0723521 0.0690121 0.0927892 0.0927816 0.134745 
0.239404 0.0231686 0.0849103 0.113616 0.0573291 0.133253 0.0659607 0.0611936 0.103134 0.11803 
0.0667684 0.0842215 0.0531373 0.111655 0.122881 0.254579 0.0509161 0.044394 0.111633 0.099815 
0.0461576 0.176519 0.102815 0.101174 0.0501888 0.120746 0.110681 0.0911574 0.10086 0.0997017 
0.0325129 0.0620203 0.0925611 0.203772 0.0892057 0.0755975 0.0434437 0.138831 0.117847 0.14421 
0.0334941 0.178853 0.0795244 0.173528 0.06846 0.0997595 0.0763182 0.0780362 0.0900006 0.122026 
0.0584198 0.0502314 0.0996231 0.121746 0.0762591 0.293098 0.0638967 0.022028 0.130318 0.0843802 
0.225902 0.0314045 0.0918193 0.160252 0.0403064 0.129473 0.0540308 0.0445074 0.160857 0.061448 
0.0709218 0.0358467 0.12047 0.0572881 0.110957 0.0658374 0.222907 0.0600474 0.100818 0.154906 
0.0485215 0.163849 0.125173 0.100196 0.0891743 0.0878342 0.0926837 0.0887885 0.119923 0.0838576 
0.0921311 0.0927448 0.0692922 0.0907858 0.0923833 0.104431 0.111314 0.0506604 0.174863 0.121394 
0.0956257 0.0408795 0.0372884 0.129366 0.0974663 0.28439 0.0314973 0.0399901 0.114309 0.129188 
0.0647258 0.153013 0.0900207 0.109767 0.0683002 0.105287 0.083627 0.127968 0.0852856 0.112005 
0.0396035 0.0831807 0.0470015 0.121641 0.117738 0.106347 0.0481082 0.145546 0.112016 0.178818 
0.0593253 0.060365 0.0681673 0.117533 0.177213 0.0902254 0.071591 0.108106 0.0981652 0.149309 
0.0422028 0.0243966 0.0826802 0.0913712 0.276475 0.0581272 0.0955328 0.106719 0.124739 0.0977562 
0.0468696 0.0668341 0.119111 0.0725267 0.10567 0.0994314 0.213508 0.0511109 0.0990204 0.125918 
0.0775813 0.0305775 0.112276 0.16783 0.0916809 0.0861997 0.0452999 0.149659 0.13481 0.104086 
0.040664 0.130927 0.253258 0.178309 0.0210434 0.100094 0.153325 0.0140735 0.0721616 0.0361452 
0.0969606 0.0709662 0.120235 0.082499 0.088986 0.195458 0.0638679 0.0488614 0.12372 0.108445 
0.186011 0.0297939 0.0887904 0.0811301 0.0739824 0.184247 0.0786523 0.0564914 0.107218 0.113684 
0.0589977 0.108887 0.0979661 0.088271 0.0892844 0.0986377 0.152628 0.0914221 0.0860483 0.127858 
0.05517 0.0260014 0.117371 0.100007 0.15731 0.218396 0.0324297 0.0318782 0.136357 0.12508 
0.0594619 0.0726897 0.135212 0.0804829 0.0688159 0.199281 0.187348 0.0300235 0.0922231 0.0744617 
0.0816397 0.0702443 0.0694268 0.192703 0.0715431 0.175087 0.0305782 0.0747833 0.116655 0.11734 
0.0283457 0.0272604 0.0878194 0.166476 0.0839088 0.0846176 0.0386724 0.263488 0.0816587 0.137752 
0.0463058 0.133564 0.245581 0.177517 0.0191321 0.116152 0.110957 0.015744 0.0713407 0.0637074 
0.192095 0.0434272 0.138989 0.100955 0.0690525 0.105119 0.0780287 0.0331361 0.131167 0.108031 
0.0404749 0.110116 0.152069 0.122936 0.0696268 0.155712 0.0543361 0.0482934 0.127973 0.118462 
0.0477296 0.067246 0.134621 0.118215 0.104324 0.100705 0.0728098 0.0560797 0.169744 0.128526 
0.0727044 0.0536505 0.0978846 0.101783 0.105646 0.291188 0.069959 0.0368819 0.0946222 0.0756807 
0.0298985 0.0619034 0.0716918 0.11432 0.176502 0.10623 0.0725112 0.103597 0.0882769 0.175069 
0.0491348 0.178542 0.0937125 0.117044 0.0654558 0.108797 0.0823976 0.101102 0.0937419 0.110072 
0.0393802 0.212911 0.0876371 0.121651 0.066546 0.0956373 0.09148 0.0835018 0.0877326 0.113523 
0.0727968 0.0482498 0.0710102 0.0793194 0.194604 0.122278 0.106587 0.0678161 0.100742 0.136596 
0.217351 0.0161107 0.113403 0.0520426 0.0420834 0.292675 0.0984102 0.0106303 0.128334 0.0289609 
0.0590754 0.0744089 0.110572 0.203729 0.0812225 0.0438295 0.0759525 0.176493 0.0999294 0.0747868 
0.0499039 0.0735821 0.0634107 0.194046 0.0713035 0.187071 0.072367 0.0576576 0.118027 0.112631 
0.0709034 0.0562134 0.0749859 0.142348 0.0771502 0.0930464 0.0539426 0.194211 0.0990999 0.1381 
0.0764762 0.0552794 0.0900043 0.0543697 0.076438 0.116405 0.373145 0.0353879 0.0535989 0.0688948 
0.0458153 0.19248 0.0867777 0.0984078 0.0586216 0.109787 0.0906714 0.101554 0.0995833 0.116302 
0.10214 0.0599487 0.0662209 0.0972092 0.0778656 0.159004 0.163759 0.0579046 0.0936406 0.122308 
0.049192 0.0936176 0.153493 0.138678 0.102789 0.0945655 0.0734531 0.0995826 0.0929243 0.101705 
0.0581258 0.162203 0.11352 0.124978 0.0837631 0.0970662 0.0620703 0.0918001 0.116258 0.0902153 
0.0192487 0.0747404 0.0504788 0.13862 0.124201 0.12118 0.0454961 0.157075 0.101435 0.167525 
0.121834 0.0134821 0.313845 0.119687 0.0504138 0.0669454 0.0813466 0.0618217 0.0780987 0.0925251 
0.0995374 0.046084 0.119267 0.11398 0.095695 0.217357 0.0608566 0.0694488 0.10468 0.0730942 
0.0602025 0.0489385 0.136137 0.0776769 0.0956584 0.123235 0.241152 0.0476719 0.0782626 0.0910649 
0.0440737 0.199043 0.0883185 0.114809 0.0695659 0.0863991 0.0765744 0.115585 0.0890417 0.116589 
0.102555 0.0585622 0.0722256 0.0686044 0.130599 0.0996145 0.0785574 0.114979 0.112384 0.161919 
0.0787557 0.0656026 0.0537724 0.115849 0.0700858 0.222994 0.0900763 0.0356843 0.157416 0.109763 
0.0525301 0.103398 0.29252 0.148756 0.0452176 0.0620448 0.11101 0.0350636 0.0799302 0.0695309 
0.0564373 0.078758 0.0952874 0.141574 0.0797737 0.217885 0.0763149 0.034358 0.125487 0.0941236 
0.0418214 0.0357149 0.0764236 0.0781301 0.22312 0.108288 0.0934873 0.0800787 0.102543 0.160393 
0.0709499 0.0344818 0.0578551 0.0562868 0.288009 0.0511734 0.131729 0.104604 0.0672696 0.137642 
0.183324 0.0265871 0.175829 0.102811 0.062031 0.146859 0.0703374 0.0345246 0.127749 0.069947 
0.0443591 0.0920781 0.0998598 0.152845 0.0743361 0.109496 0.0668188 0.063701 0.168537 0.127969 
0.0793571 0.0332959 0.0997804 0.290063 0.0668261 0.19421 0.0305835 0.0613548 0.0866329 0.0578962 
0.0814902 0.0657726 0.0870322 0.0665107 0.124017 0.139622 0.0790034 0.0972036 0.107117 0.152232 
0.0831831 0.118904 0.126707 0.146876 0.0715931 0.104745 0.0750837 0.101263 0.0975155 0.0741299 
0.042889 0.0170044 0.0703171 0.0632361 0.34742 0.0607696 0.0585386 0.0634533 0.0812229 0.195149 
0.101191 0.0307048 0.0473942 0.0867078 0.0788134 0.199913 0.104569 0.0394446 0.132399 0.178863 
0.248161 0.0280675 0.114246 0.0898542 0.0400754 0.144066 0.0315511 0.0597592 0.0937726 0.150447 
0.0798406 0.100486 0.0983851 0.216303 0.0342883 0.139781 0.0677684 0.0392155 0.146805 0.0771271 
0.036326 0.164659 0.102847 0.145938 0.064207 0.0971234 0.106741 0.0706508 0.100849 0.110659 
0.0451284 0.0326099 0.0595908 0.128802 0.0592459 0.0895623 0.042167 0.310944 0.0771345 0.154815 
0.0392244 0.103031 0.0938521 0.12576 0.0804725 0.0819044 0.0541947 0.174576 0.0953928 0.151592 
0.0318654 0.0237686 0.0297951 0.270261 0.0620882 0.218645 0.0119663 0.105704 0.1285 0.117406 
0.0661405 0.00987915 0.0351182 0.114414 0.0450887 0.117516 0.011223 0.351133 0.0866123 0.162875 
0.0353527 0.105111 0.101541 0.0769725 0.127136 0.0712189 0.0764416 0.0904414 0.101256 0.214528 
0.051706 0.0330673 0.0500095 0.105075 0.0847303 0.124432 0.0379939 0.268692 0.0962157 0.148079 
