0.0906028 0.0325051 0.0636606 0.14582 0.078949 0.100242 0.0282088 0.231645 0.108494 0.119873 
0.143758 0.0741441 0.253398 0.117375 0.0150545 0.126886 0.127985 0.00787811 0.105311 0.0282107 
0.0518784 0.15862 0.117984 0.103652 0.0938961 0.0937884 0.0901248 0.0931772 0.0947676 0.102112 
0.305761 0.0214513 0.0778946 0.0660626 0.037635 0.147203 0.0838608 0.0801685 0.0812306 0.0987324 
0.0927513 0.0425466 0.0685038 0.0512309 0.232981 0.0666202 0.0868796 0.100358 0.126692 0.131436 
0.0451257 0.182907 0.114365 0.112807 0.083519 0.0810362 0.0600159 0.112252 0.10484 0.103132 
0.0527302 0.0443593 0.0339052 0.0695252 0.187959 0.136329 0.0539579 0.13152 0.126916 0.162798 
0.0386478 0.088042 0.082216 0.0869527 0.1167 0.125133 0.0488472 0.0819776 0.113637 0.217847 
0.140804 0.0346555 0.119104 0.0306074 0.148665 0.122011 0.220845 0.0265176 0.0914451 0.0653456 
0.0563692 0.0212618 0.0285428 0.0492856 0.17608 0.0938072 0.0419488 0.16684 0.136946 0.228919 
0.291897 0.0265278 0.0922054 0.0879233 0.0467568 0.162225 0.0833533 0.0347525 0.109373 0.0649862 
0.134217 0.0770798 0.126393 0.100889 0.0884278 0.0701806 0.131034 0.0556698 0.136088 0.0800205 
0.0597064 0.0384404 0.0596925 0.0906769 0.148263 0.104568 0.0547972 0.139683 0.102819 0.201354 
0.224424 0.0254406 0.0930468 0.069694 0.0576043 0.161096 0.0311943 0.078188 0.133909 0.125403 
0.038677 0.207206 0.0902966 0.142622 0.0595271 0.0907945 0.0760642 0.0750164 0.103731 0.116065 
0.11036 0.0350202 0.0724753 0.107801 0.0955936 0.267941 0.0793846 0.0433182 0.11442 0.073685 
0.077205 0.0287332 0.0941303 0.0714679 0.148471 0.0649476 0.0712362 0.125134 0.136453 0.182222 
0.0951647 0.0157583 0.0717082 0.181395 0.0622504 0.0593652 0.0264126 0.299408 0.0914156 0.0971219 
0.0829606 0.0364664 0.113926 0.142045 0.118148 0.136645 0.0641008 0.0663783 0.140023 0.0993073 
0.0712326 0.0584004 0.0635298 0.0853249 0.201453 0.103975 0.0811186 0.107674 0.108309 0.118983 
0.0728631 0.0410104 0.0230687 0.0911205 0.138506 0.116682 0.0229938 0.18762 0.0944866 0.211649 
0.0876818 0.0521767 0.102332 0.0774749 0.0867859 0.163724 0.211201 0.0330366 0.10811 0.0774768 
0.0467476 0.0492901 0.0986935 0.0467358 0.180485 0.0569417 0.204091 0.121161 0.102098 0.0937563 
0.0796981 0.0477738 0.0946144 0.110371 0.128572 0.210033 0.106515 0.030838 0.107908 0.0836763 
0.081227 0.0575998 0.072034 0.0897739 0.199002 0.0965414 0.0764308 0.120369 0.085903 0.121118 
0.427313 0.00331111 0.0373056 0.0197257 0.0513663 0.183006 0.13382 0.0281038 0.0830344 0.0330137 
0.0679429 0.0366292 0.0736096 0.124269 0.0650152 0.117658 0.0425049 0.221577 0.106111 0.144683 
0.076888 0.0335065 0.0626286 0.0685124 0.236629 0.101545 0.0924272 0.0897772 0.0986669 0.139419 
0.304826 0.0190052 0.098581 0.0920553 0.0305229 0.138256 0.034517 0.0796975 0.102986 0.0995529 
0.0428687 0.16296 0.0902104 0.12794 0.0622742 0.136096 0.0898586 0.0692244 0.123014 0.0955532 
0.0613822 0.0418118 0.0622197 0.195837 0.0621332 0.155504 0.0439993 0.155138 0.0900274 0.131948 
0.0499537 0.134306 0.0865666 0.142749 0.0780645 0.0989072 0.0808893 0.110056 0.109718 0.10879 
0.0482304 0.0384602 0.101554 0.166043 0.0747986 0.187426 0.04731 0.0660809 0.150631 0.119466 
0.150457 0.0140021 0.10515 0.0194197 0.147055 0.168323 0.147695 0.0513278 0.130762 0.0658083 
0.0691068 0.0309918 0.0797888 0.127856 0.0872656 0.0921352 0.0205677 0.231686 0.110419 0.150182 
0.101847 0.0608859 0.174335 0.165416 0.046576 0.194694 0.0509422 0.0238032 0.151766 0.0297361 
0.04248 0.0394123 0.0820597 0.159754 0.073914 0.0760468 0.0350097 0.259327 0.105872 0.126124 
0.0331694 0.177473 0.0775289 0.133674 0.0624235 0.114746 0.0776092 0.09003 0.116179 0.117167 
0.152061 0.106898 0.161769 0.143641 0.0242873 0.129377 0.0911166 0.0278507 0.102744 0.0602551 
0.0393695 0.186007 0.106005 0.123321 0.0548943 0.107153 0.0882987 0.061329 0.125296 0.108326 
0.0507394 0.156707 0.111584 0.106237 0.0661526 0.120111 0.104601 0.0875143 0.0957398 0.100614 
0.0661971 0.0570524 0.0841428 0.115526 0.102318 0.0889581 0.0384471 0.183557 0.0976524 0.166149 
0.0300323 0.0563285 0.0606224 0.0857105 0.247497 0.0709009 0.0526716 0.11804 0.116101 0.162096 
0.085827 0.0745801 0.177429 0.172315 0.0834141 0.0812267 0.0888812 0.0471544 0.0976618 0.0915114 
0.057275 0.0783134 0.114783 0.173605 0.0650912 0.154532 0.0901836 0.0687195 0.100822 0.0966756 
0.0961545 0.0511246 0.0714642 0.124221 0.0906526 0.22061 0.0942189 0.0406379 0.117116 0.0938004 
0.0250852 0.140775 0.0897456 0.16754 0.0796035 0.137298 0.0511471 0.0925751 0.106645 0.109586 
0.0727513 0.0811898 0.184502 0.123486 0.0559296 0.0980568 0.178168 0.0511563 0.0882438 0.0665166 
0.0272173 0.0213681 0.0256706 0.072023 0.318504 0.104203 0.0464831 0.0590412 0.134754 0.190736 
0.0555074 0.0306718 0.0827578 0.0535824 0.263427 0.0368685 0.07374 0.108153 0.140746 0.154547 
0.129017 0.0408952 0.080407 0.0983216 0.0758993 0.17146 0.21566 0.0398719 0.0764146 0.0720541 
0.103864 0.0428142 0.131775 0.21143 0.0563018 0.108364 0.0676868 0.101349 0.112702 0.0637128 
0.126319 0.0757602 0.0736591 0.0624864 0.166091 0.16815 0.0830209 0.068431 0.0877397 0.0883417 
0.0964906 0.0746829 0.0719859 0.111731 0.096873 0.188555 0.0767757 0.0489551 0.109743 0.124208 
0.0918435 0.032996 0.242959 0.0580093 0.081882 0.0364345 0.237351 0.0239702 0.152629 0.0419249 
0.216776 0.0247971 0.0837177 0.0884082 0.0562209 0.190274 0.0599273 0.0444768 0.132871 0.102531 
0.0725177 0.016191 0.0678528 0.0448977 0.269867 0.0711062 0.0915666 0.107254 0.134061 0.124686 
0.0470255 0.172769 0.119091 0.10889 0.0752641 0.0828597 0.0632945 0.106303 0.110266 0.114237 
0.0634914 0.0281744 0.0606352 0.0579395 0.175284 0.0715527 0.0645125 0.136616 0.117391 0.224403 
0.134949 0.0768796 0.0796082 0.0746879 0.110368 0.165395 0.0571781 0.0983153 0.120742 0.081876 
0.0170304 0.0250579 0.0970214 0.177876 0.0410446 0.0565107 0.0188248 0.429426 0.0699669 0.0672411 
0.111904 0.0237232 0.170294 0.102778 0.0646706 0.128537 0.0739121 0.0433651 0.188946 0.0918702 
0.0632181 0.0580749 0.107379 0.100364 0.126881 0.127816 0.0843481 0.0939912 0.103141 0.134787 
0.0750435 0.0913547 0.136758 0.213002 0.0596554 0.0983432 0.057751 0.0413169 0.133172 0.0936038 
0.070658 0.0193074 0.11131 0.169808 0.080665 0.0560469 0.0270306 0.25462 0.0932263 0.117328 
0.0551773 0.0788409 0.0722725 0.119522 0.162445 0.125315 0.078488 0.0778408 0.109683 0.120415 
0.0700324 0.0579205 0.09419 0.10904 0.102834 0.0920251 0.128256 0.160642 0.0964765 0.0885832 
0.120968 0.0406661 0.0672809 0.0436688 0.255363 0.0557115 0.0902848 0.107231 0.0937352 0.125092 
0.0533063 0.0382375 0.0878435 0.289973 0.0662047 0.132402 0.0372805 0.0549063 0.12159 0.118256 
0.364853 0.0196631 0.106215 0.0595569 0.0127834 0.216588 0.0741894 0.0371579 0.0835447 0.025449 
0.0749643 0.0170914 0.0922044 0.137478 0.0479288 0.0560094 0.0223408 0.378882 0.0843988 0.088701 
0.422999 0.0109114 0.0730783 0.042058 0.0219589 0.149813 0.0895031 0.0221985 0.131461 0.0360178 
0.147821 0.024169 0.193397 0.144387 0.0502678 0.176376 0.0620929 0.0239776 0.12355 0.0539621 
0.0429118 0.0794577 0.0626203 0.134538 0.070957 0.0886629 0.0265634 0.170305 0.136396 0.187588 
0.0368142 0.194279 0.085608 0.130186 0.0594039 0.111567 0.0665242 0.0790034 0.120293 0.116322 
0.0246234 0.0744576 0.0959303 0.104763 0.101388 0.0587188 0.0297264 0.234851 0.100751 0.17479 
0.0611706 0.0987086 0.0809701 0.188131 0.0606104 0.150876 0.0847756 0.0453613 0.121352 0.108045 
0.0852907 0.113402 0.117889 0.0649612 0.0757175 0.0724954 0.0637469 0.10809 0.145284 0.153124 
0.0303711 0.101148 0.0492835 0.148818 0.120147 0.108394 0.0416402 0.119195 0.123145 0.157859 
0.0412546 0.0186572 0.0238495 0.0599814 0.0664608 0.0735616 0.00751944 0.390439 0.133769 0.184508 
0.0524803 0.0478658 0.0542711 0.119183 0.111385 0.141 0.0358352 0.19262 0.0798697 0.16549 
0.12354 0.0333465 0.113044 0.0783035 0.103609 0.157581 0.16657 0.0538972 0.0802652 0.0898425 
0.0958017 0.0255054 0.282432 0.15933 0.0579499 0.0771648 0.0906235 0.0170053 0.14189 0.0522968 
0.0606504 0.0367454 0.0608158 0.0995471 0.0917004 0.100083 0.0437687 0.253722 0.107526 0.145442 
0.069861 0.0571264 0.0847807 0.0709924 0.179843 0.125346 0.0617446 0.0496913 0.184501 0.116114 
0.0446589 0.0215394 0.0279197 0.0546033 0.391379 0.0634529 0.0572449 0.0475943 0.157862 0.133746 
0.0370802 0.0955515 0.0616399 0.110363 0.0789763 0.0702662 0.0219201 0.266785 0.115605 0.141813 
0.0656254 0.0244087 0.0615737 0.169492 0.111163 0.198285 0.0607375 0.124961 0.0900505 0.0937033 
0.099227 0.0390004 0.126734 0.0598389 0.0998208 0.0921682 0.244047 0.0642148 0.0958527 0.0790965 
0.0422401 0.210044 0.102273 0.122716 0.0888904 0.0902084 0.0716081 0.0745218 0.111462 0.0860362 
0.0893608 0.0442766 0.0578192 0.321003 0.058161 0.128167 0.0215854 0.0837558 0.0927889 0.103082 
0.0509902 0.0695671 0.136377 0.0883169 0.103542 0.141834 0.23447 0.035806 0.0810591 0.0580392 
0.0708456 0.0987996 0.0901322 0.0995881 0.14302 0.102196 0.0693778 0.0935266 0.114499 0.118015 
0.0662775 0.0419527 0.0542555 0.244839 0.0428805 0.148168 0.0302055 0.138187 0.104673 0.128561 
0.0266429 0.195822 0.0904889 0.132559 0.0672964 0.117686 0.0764488 0.063466 0.142294 0.0872948 
0.0682521 0.0339712 0.0413752 0.0257449 0.282812 0.0609367 0.121409 0.0784979 0.116515 0.170486 
0.0369343 0.130753 0.0703654 0.138757 0.0867149 0.113495 0.0720296 0.111706 0.106364 0.132882 
0.034353 0.0648764 0.0978575 0.116935 0.0888568 0.0872149 0.0553747 0.223201 0.1195 0.111831 
0.100775 0.0477004 0.116673 0.0573549 0.074774 0.237861 0.234077 0.0152559 0.0767163 0.038813 
0.0367924 0.0365056 0.0734458 0.0632805 0.132967 0.041078 0.0444968 0.14368 0.134654 0.2931 
0.0896323 0.0585307 0.136087 0.0921032 0.0909381 0.0724405 0.175433 0.073888 0.141156 0.0697924 
0.266423 0.0317606 0.0885497 0.0666446 0.0446941 0.160112 0.0579014 0.0461588 0.135746 0.10201 
0.0396965 0.0221186 0.0248961 0.103318 0.0876772 0.314368 0.0213112 0.102693 0.148068 0.135853 
0.0728576 0.035407 0.0589164 0.0651963 0.350715 0.0765473 0.095349 0.0643865 0.0678006 0.112825 
0.0461373 0.0552013 0.0986398 0.0696216 0.0961096 0.146921 0.070095 0.0855952 0.130854 0.200825 
0.0502592 0.0462694 0.0738059 0.0791672 0.158317 0.103729 0.0702278 0.101327 0.126596 0.190301 
0.140178 0.0192991 0.234508 0.162801 0.0645951 0.0820748 0.0696973 0.0449637 0.121966 0.0599177 
0.102194 0.162936 0.11055 0.115986 0.0632994 0.10744 0.0792677 0.0559371 0.120278 0.0821114 
0.0446377 0.040785 0.0321077 0.0972373 0.168493 0.119481 0.0520758 0.0971882 0.112076 0.235919 
0.0875754 0.0531443 0.0746988 0.0581078 0.17601 0.0661522 0.105144 0.115027 0.087651 0.17649 
0.0882608 0.0947341 0.0860826 0.189657 0.0755378 0.125613 0.0566988 0.0210153 0.163971 0.0984297 
0.0419599 0.151967 0.0981847 0.131648 0.0619183 0.0764463 0.0425879 0.146454 0.109905 0.13893 
0.0915203 0.0642226 0.0854154 0.176645 0.0745224 0.151048 0.0654925 0.0511485 0.119181 0.120803 
0.0316501 0.0554812 0.0768151 0.0940511 0.152648 0.0682859 0.0557811 0.132849 0.11952 0.212918 
0.0409837 0.0749051 0.117489 0.108432 0.101313 0.0707937 0.0541226 0.161256 0.0922361 0.17847 
0.062908 0.0858632 0.0848751 0.0766689 0.13775 0.107871 0.121068 0.0808753 0.101955 0.140165 
0.0344377 0.0724604 0.0801681 0.10148 0.178493 0.084743 0.0834893 0.10184 0.113124 0.149765 
0.0634894 0.0337622 0.0490718 0.0412735 0.291755 0.0620633 0.0810363 0.079967 0.157181 0.140401 
0.0637985 0.0548015 0.08744 0.0801863 0.15824 0.084285 0.0661334 0.113318 0.103501 0.188296 
0.0832264 0.0501096 0.134131 0.0598874 0.0874897 0.13764 0.0738653 0.106189 0.133695 0.133766 
0.0688218 0.0270415 0.0555002 0.129395 0.0869156 0.24855 0.0561677 0.0428955 0.174179 0.110534 
0.102981 0.0297486 0.111039 0.0530654 0.13145 0.101403 0.119233 0.0922052 0.133079 0.125795 
0.0548607 0.0572275 0.100066 0.159191 0.103399 0.10266 0.0425159 0.194857 0.079991 0.105232 
0.0634611 0.0736591 0.0933468 0.0967551 0.0941096 0.121115 0.199263 0.0661696 0.0899268 0.102194 
0.0350826 0.0278615 0.0226834 0.0932985 0.179251 0.0533567 0.0504289 0.225247 0.172915 0.139875 
0.0399293 0.105374 0.0753097 0.0873147 0.14174 0.0814415 0.0827211 0.0772551 0.125237 0.183677 
0.214692 0.0194414 0.163624 0.131416 0.02918 0.115625 0.0541158 0.0918106 0.107582 0.072513 
0.11552 0.0532948 0.0585302 0.0682431 0.110794 0.298823 0.0492476 0.0348838 0.113658 0.0970054 
0.0293619 0.0359386 0.0686713 0.158413 0.0964755 0.134162 0.0312145 0.0539337 0.234941 0.156889 
0.102463 0.0404782 0.0775366 0.0984442 0.112013 0.231005 0.0609827 0.0548936 0.107261 0.114924 
0.0736538 0.0342311 0.0638602 0.0481116 0.164916 0.144801 0.252036 0.0453678 0.0806725 0.092351 
0.0699828 0.029374 0.0880485 0.049276 0.10999 0.158119 0.337526 0.0248806 0.080363 0.0524399 
0.059697 0.0450351 0.0993404 0.124389 0.0481984 0.279975 0.0948163 0.0183449 0.159199 0.0710051 
0.0676385 0.017165 0.140645 0.100543 0.117668 0.0473753 0.0351179 0.233065 0.115692 0.12509 
0.0576474 0.0791878 0.0795482 0.166126 0.0799697 0.147139 0.0427408 0.0364463 0.193695 0.1175 
0.0371336 0.193038 0.0988038 0.13528 0.057377 0.0894009 0.0887309 0.0632536 0.127736 0.109247 
0.227623 0.0273768 0.0843818 0.0852373 0.0595986 0.175044 0.0793968 0.0590425 0.106169 0.09613 
0.0548673 0.221709 0.111567 0.112267 0.0573032 0.0809864 0.0764025 0.0573947 0.130899 0.0966038 
0.084342 0.0595556 0.093299 0.0757675 0.0700357 0.112788 0.242197 0.0790768 0.084447 0.0984912 
0.0756349 0.0389248 0.0739582 0.0373789 0.202061 0.0697967 0.0895975 0.10346 0.178675 0.130513 
0.11654 0.0690537 0.10098 0.0746006 0.0886943 0.172536 0.181733 0.0460916 0.0818343 0.067936 
0.0594748 0.0388518 0.0883232 0.159343 0.0347043 0.0723244 0.0182168 0.363963 0.0757981 0.0890012 
0.0487603 0.0416005 0.149368 0.165753 0.0872483 0.0654343 0.022959 0.152116 0.147212 0.119549 
0.0472528 0.188175 0.117999 0.10909 0.061814 0.0943427 0.0893005 0.0927803 0.101891 0.0973542 
0.0539346 0.0593003 0.121439 0.0857092 0.0972254 0.0723912 0.0433851 0.181233 0.0950501 0.190332 
0.0525983 0.154487 0.0840113 0.120061 0.0716569 0.133603 0.077037 0.0827284 0.121832 0.101985 
0.0689866 0.0705611 0.0781719 0.0943784 0.105958 0.137152 0.0584486 0.0797822 0.165159 0.141402 
0.0780586 0.0246277 0.278245 0.241785 0.0865328 0.128044 0.0582707 0.0115559 0.0703576 0.0225229 
0.209903 0.0358506 0.0940702 0.0906849 0.0543529 0.189626 0.084342 0.0630729 0.100363 0.0777351 
0.0583683 0.0919938 0.0899231 0.112655 0.116122 0.0860086 0.0899316 0.0781978 0.100962 0.175838 
0.0610145 0.0443379 0.0759166 0.100643 0.156491 0.10774 0.0749472 0.0736808 0.128306 0.176923 
0.0824382 0.0264052 0.1273 0.0906876 0.0981958 0.0827335 0.029455 0.0553687 0.174141 0.233275 
0.126818 0.0489848 0.0721916 0.0466418 0.147875 0.239609 0.0589952 0.0475892 0.122758 0.0885385 
0.0758907 0.0751623 0.0906974 0.151074 0.0565824 0.164448 0.0662322 0.055039 0.124805 0.14007 
0.0407738 0.151449 0.0902131 0.129169 0.077526 0.085931 0.0933354 0.120586 0.0922536 0.118763 
0.0706527 0.0535817 0.0439149 0.0615185 0.193748 0.255595 0.10982 0.0265804 0.104761 0.0798286 
0.092945 0.0224692 0.0966232 0.0474489 0.13905 0.125258 0.230657 0.0868186 0.0639563 0.0947748 
0.209969 0.026587 0.0915753 0.0703448 0.0541989 0.139459 0.0876332 0.0799209 0.101253 0.139059 
0.119026 0.049716 0.16069 0.227258 0.0389214 0.104119 0.0531544 0.100618 0.0794793 0.0670183 
0.0710158 0.0862802 0.0727585 0.0839919 0.153114 0.0806262 0.103731 0.100755 0.094947 0.15278 
0.0316048 0.0619292 0.0729322 0.0678274 0.283772 0.0934672 0.0728124 0.0833302 0.101074 0.131251 
0.12525 0.0326646 0.106901 0.0726477 0.0916299 0.157952 0.245565 0.0320016 0.0657337 0.0696546 
0.0850047 0.0254762 0.0586966 0.0970655 0.0541836 0.414245 0.0270065 0.0292305 0.144893 0.0641985 
0.0402845 0.0210015 0.041053 0.0622557 0.320869 0.0461475 0.0539605 0.161443 0.090665 0.16232 
0.0444017 0.0469944 0.106938 0.051374 0.163421 0.0755627 0.195186 0.106829 0.069886 0.139408 
0.0805637 0.0372283 0.0753068 0.128131 0.0684752 0.255686 0.0749151 0.0404519 0.123444 0.115799 
0.0849066 0.0387237 0.105741 0.0664488 0.158012 0.0921998 0.0723529 0.0970518 0.129648 0.154916 
0.0703739 0.058498 0.0817215 0.0988684 0.125351 0.266144 0.0705174 0.0728705 0.0778321 0.077823 
0.0456575 0.185119 0.0899611 0.134982 0.0507581 0.114699 0.0971717 0.0793228 0.11122 0.0911087 
0.0614846 0.0375708 0.0527606 0.0810553 0.216936 0.104096 0.0644502 0.118046 0.104932 0.158667 
0.0511879 0.0578955 0.0565227 0.0928321 0.205592 0.12313 0.0673074 0.0927537 0.121371 0.131408 
0.0596319 0.0569492 0.100136 0.169156 0.0380509 0.0527849 0.0188303 0.256277 0.109605 0.138579 
0.135281 0.0533059 0.207758 0.169157 0.0302727 0.107044 0.0642609 0.00676068 0.184472 0.0416877 
0.123026 0.0573197 0.0894599 0.158727 0.0568749 0.130154 0.0575889 0.0762089 0.136931 0.113711 
0.083902 0.118781 0.204039 0.123483 0.055397 0.0794951 0.106221 0.0527952 0.106327 0.0695604 
0.059166 0.120877 0.0911363 0.130014 0.0837366 0.103225 0.0580292 0.129929 0.0996429 0.124244 
0.0549818 0.158144 0.103556 0.117675 0.0533246 0.114322 0.0957107 0.0987652 0.101301 0.10222 
0.0483187 0.0514072 0.130971 0.135702 0.102395 0.139595 0.0740616 0.0652735 0.14316 0.109116 
0.0379687 0.186967 0.0852424 0.134362 0.064797 0.0820343 0.097131 0.0869085 0.105672 0.118918 
0.0435503 0.0972453 0.115552 0.144181 0.0509385 0.162823 0.0592449 0.0429776 0.188681 0.0948059 
0.0347606 0.174021 0.0872602 0.148187 0.0687768 0.09088 0.0703764 0.0989555 0.0979762 0.128807 
0.0429885 0.0784402 0.120409 0.120494 0.0736749 0.138171 0.104359 0.0374333 0.188518 0.0955119 
0.0716025 0.0602465 0.0829945 0.113643 0.0945848 0.217955 0.0733523 0.0413899 0.137051 0.10718 
0.335574 0.00974183 0.0674781 0.0966555 0.0314039 0.204906 0.0943836 0.0240949 0.106009 0.0297535 
0.0988749 0.0899669 0.0684112 0.131166 0.102104 0.129781 0.0968917 0.046875 0.153082 0.0828473 
0.0608567 0.0363118 0.0723724 0.0516403 0.200927 0.0625853 0.106006 0.0967033 0.130483 0.182114 
0.0618627 0.0799074 0.295079 0.196549 0.0181387 0.0853512 0.0586682 0.014187 0.14848 0.0417771 
0.0616538 0.0430991 0.107129 0.139458 0.0656131 0.236964 0.0307823 0.0381266 0.145693 0.131481 
0.44731 0.0134733 0.0639254 0.0553125 0.019034 0.180333 0.0437691 0.0343114 0.102421 0.0401115 
0.0598751 0.135691 0.0820165 0.156206 0.0782696 0.118498 0.0796419 0.0809348 0.107843 0.101025 
0.0431779 0.190323 0.0866513 0.134407 0.0757605 0.0646684 0.0488343 0.112847 0.122294 0.121037 
0.0366045 0.130697 0.0730624 0.128897 0.100857 0.13907 0.0700301 0.101057 0.106968 0.112757 
0.286281 0.0165715 0.0660805 0.10086 0.0735974 0.216692 0.0629877 0.0551326 0.0669951 0.0548023 
0.0274268 0.0462123 0.0842158 0.119586 0.152146 0.114904 0.0560932 0.118932 0.113302 0.167183 
0.200935 0.0197457 0.079093 0.0853336 0.0611864 0.182274 0.0394172 0.0976692 0.111704 0.122642 
0.035321 0.0705657 0.104907 0.121943 0.111275 0.130845 0.0906547 0.0659203 0.145574 0.122995 
0.0401293 0.195555 0.103521 0.104567 0.0626369 0.105987 0.0902792 0.0552418 0.136791 0.105291 
0.0522928 0.0437038 0.102612 0.0600855 0.0918259 0.160145 0.301082 0.0207912 0.105326 0.0621362 
0.0416627 0.040247 0.0756045 0.114905 0.203413 0.106395 0.0611883 0.090299 0.111228 0.155057 
0.0638371 0.0760624 0.20259 0.18756 0.0478209 0.0892056 0.0578179 0.0558428 0.139466 0.0797976 
0.0827958 0.0155227 0.123156 0.354532 0.024571 0.205254 0.030707 0.0203444 0.0818321 0.0612849 
0.138028 0.0308797 0.131119 0.0611993 0.0559725 0.0729926 0.308594 0.0483135 0.10224 0.0506612 
0.059183 0.167445 0.114807 0.124875 0.0982119 0.0876953 0.0585943 0.102552 0.106805 0.0798314 
0.0515738 0.142115 0.0857447 0.131991 0.0732546 0.120291 0.0885173 0.0997813 0.104651 0.102081 
0.054391 0.160834 0.120723 0.105128 0.0840322 0.0921163 0.0823258 0.102318 0.0951739 0.102959 
0.0720702 0.0653141 0.0860868 0.176745 0.0739987 0.126817 0.068188 0.0909374 0.127482 0.11236 
0.0212853 0.0419458 0.0368726 0.0800835 0.137319 0.159021 0.0379183 0.0808152 0.12442 0.280319 
0.0806392 0.033811 0.0543879 0.115226 0.090089 0.25005 0.0425133 0.082821 0.130368 0.120095 
0.0901804 0.0614244 0.337359 0.110426 0.0652348 0.0641349 0.0818247 0.0307272 0.0989742 0.0597141 
0.0188095 0.068248 0.0212245 0.0629032 0.150022 0.145862 0.0297532 0.130846 0.104867 0.267464 
0.0681816 0.0279757 0.0686487 0.0668206 0.181237 0.137051 0.0873945 0.0982462 0.12368 0.140764 
0.135092 0.0470057 0.047346 0.0897692 0.0794288 0.174742 0.0384471 0.17967 0.102624 0.105875 
0.01896 0.0581312 0.0547407 0.0978614 0.111103 0.129189 0.0437227 0.135996 0.102077 0.248219 
0.0626508 0.0832137 0.101807 0.151148 0.0958478 0.0919057 0.0624905 0.093966 0.101756 0.155215 
0.02886 0.0447781 0.0647943 0.12772 0.162105 0.109664 0.0431324 0.0838544 0.124315 0.210777 
0.226387 0.0224989 0.0747993 0.089054 0.0695089 0.160665 0.0686901 0.0845456 0.100336 0.103515 
0.0679829 0.0492583 0.0932501 0.205959 0.0920542 0.0888785 0.0477533 0.0934146 0.106597 0.154852 
0.111722 0.0831293 0.0734951 0.0926436 0.104983 0.214008 0.117191 0.0194444 0.138946 0.0444381 
0.105418 0.0510576 0.0495685 0.107772 0.0985779 0.190618 0.0359909 0.148159 0.107856 0.104983 
0.107151 0.048687 0.0540019 0.143503 0.0844555 0.255873 0.0353034 0.0767758 0.0844729 0.109777 
0.0507432 0.0257541 0.0488211 0.0902158 0.0986385 0.119257 0.0288651 0.226844 0.115546 0.195314 
0.112285 0.0315925 0.25412 0.150789 0.0623537 0.0632552 0.1018 0.0470092 0.0868994 0.089896 
0.112189 0.0175274 0.418412 0.058205 0.0423737 0.0865209 0.0649353 0.0255365 0.0966387 0.0776618 
0.059109 0.0354151 0.0787994 0.114037 0.0677504 0.0862442 0.0214496 0.253273 0.0950703 0.188851 
0.0694732 0.129138 0.10439 0.104764 0.112019 0.0991138 0.0909253 0.107666 0.0951687 0.0873418 
0.101134 0.0453722 0.199465 0.141585 0.0693937 0.10763 0.0442502 0.0353787 0.176875 0.0789161 
0.0267043 0.0617118 0.0710581 0.129986 0.100687 0.158439 0.0360007 0.0827019 0.214112 0.1186 
0.0917986 0.074949 0.104395 0.108121 0.145586 0.0799097 0.0852296 0.0684997 0.111281 0.13023 
0.0595761 0.182978 0.123505 0.119357 0.0639981 0.0806501 0.074588 0.0870492 0.104572 0.103727 
0.0802344 0.0876823 0.0667992 0.130649 0.0723329 0.0842263 0.0384482 0.184566 0.09755 0.157513 
0.100793 0.0751098 0.0910676 0.176901 0.0393853 0.16207 0.0610631 0.126513 0.0762399 0.0908574 
0.0930983 0.108276 0.0872183 0.206282 0.0654438 0.132592 0.0514906 0.0537861 0.114389 0.0874237 
0.0599971 0.0530072 0.12805 0.0856912 0.0822355 0.176554 0.142246 0.0193325 0.171678 0.0812088 
0.0383653 0.0302853 0.0665491 0.14193 0.0630519 0.124172 0.0178961 0.13762 0.1823 0.19783 
0.0660385 0.0621956 0.08056 0.149431 0.0768866 0.0932924 0.0385591 0.181978 0.0993284 0.15173 
0.0806377 0.0285232 0.0866222 0.0759478 0.102175 0.107913 0.0595754 0.175648 0.0927482 0.190209 
0.0630734 0.0538772 0.252801 0.165213 0.0618058 0.0632461 0.133032 0.0373849 0.0869326 0.0826334 
0.0620138 0.118266 0.213543 0.145723 0.0672667 0.0566448 0.135132 0.0475116 0.0986182 0.0552806 
0.0613887 0.0415612 0.0495006 0.0492129 0.30323 0.0613788 0.0964345 0.0758348 0.108579 0.15288 
0.0439992 0.174114 0.0765856 0.137023 0.0597981 0.0879887 0.0968237 0.107485 0.100991 0.115192 
0.0688964 0.0572026 0.0786551 0.134332 0.0643598 0.22179 0.0765886 0.0399762 0.153852 0.104347 
0.0715825 0.0397745 0.104962 0.144644 0.0985353 0.121742 0.0547003 0.0818764 0.128344 0.153839 
0.111573 0.024488 0.0771764 0.0505204 0.0695934 0.0965209 0.0676693 0.0719739 0.257287 0.173198 
0.0368785 0.0559183 0.094464 0.122932 0.118709 0.0817335 0.0799004 0.197742 0.0972555 0.114467 
0.0685198 0.114241 0.178005 0.130761 0.0677038 0.0802586 0.058592 0.125378 0.0738464 0.102694 
0.111645 0.059544 0.0738709 0.149758 0.0637247 0.195339 0.130516 0.0591678 0.0920941 0.0643407 
0.367501 0.00997201 0.178426 0.0521111 0.0225991 0.108867 0.0634597 0.024398 0.141001 0.0316656 
0.05328 0.081817 0.124078 0.182007 0.0836696 0.0824623 0.123348 0.0428132 0.102108 0.124417 
0.0724306 0.0200048 0.0447772 0.033576 0.340557 0.0560943 0.0928948 0.0615034 0.138544 0.139619 
0.0653876 0.13345 0.156981 0.169386 0.0455032 0.103549 0.125772 0.0494806 0.107621 0.0428691 
0.0304982 0.0394293 0.0494648 0.084344 0.283718 0.0956452 0.0443847 0.0692086 0.107074 0.196233 
0.0637543 0.115173 0.0914638 0.106867 0.0827977 0.143732 0.0837669 0.0818513 0.121871 0.108723 
0.0302769 0.0439784 0.0493955 0.066143 0.154414 0.0871585 0.0565726 0.118245 0.144698 0.249119 
0.089602 0.0468321 0.0714519 0.155214 0.0847583 0.238379 0.05824 0.039502 0.115323 0.100698 
0.0483996 0.0398067 0.11106 0.145594 0.0646756 0.0738005 0.0284593 0.232431 0.101588 0.154185 
0.0406984 0.0528859 0.100591 0.149138 0.0862958 0.0912799 0.0447517 0.190684 0.0874009 0.156274 
0.0625854 0.153907 0.151957 0.17008 0.0439034 0.105307 0.0951239 0.0414556 0.112169 0.0635111 
0.0539832 0.116077 0.120025 0.134904 0.054749 0.120313 0.0997626 0.0400005 0.164273 0.0959126 
0.104202 0.0224323 0.343213 0.107411 0.0463117 0.0577945 0.154832 0.0236082 0.0984239 0.0417704 
0.361682 0.0269255 0.0812484 0.0584627 0.0431382 0.0994172 0.123976 0.0463763 0.114986 0.0437878 
0.0725527 0.0344578 0.121573 0.0650776 0.0887564 0.184556 0.056517 0.0386268 0.233711 0.104172 
0.0931773 0.142758 0.0834761 0.113812 0.0526031 0.182051 0.0256232 0.0969375 0.114443 0.0951184 
0.0404672 0.0384921 0.0927492 0.153257 0.0383691 0.0798654 0.0296416 0.321937 0.100712 0.10451 
0.0365394 0.0970043 0.0639818 0.118487 0.074829 0.0808715 0.0228903 0.224484 0.106883 0.17403 
0.0337073 0.113282 0.0700997 0.125465 0.0951876 0.144592 0.0500157 0.0846526 0.121274 0.161724 
0.0350774 0.210866 0.0940041 0.142141 0.0507166 0.083974 0.0905458 0.0648071 0.117725 0.110143 
0.117131 0.061141 0.0596148 0.130987 0.0673711 0.166073 0.0962619 0.0423946 0.150369 0.108656 
0.02672 0.210765 0.0762289 0.152259 0.0647211 0.0769071 0.0856174 0.0868593 0.0964983 0.123424 
0.0726323 0.0254493 0.129169 0.112319 0.0778057 0.12676 0.0791678 0.067243 0.162531 0.146924 
0.274325 0.0253164 0.0862363 0.137935 0.0363058 0.118597 0.0703084 0.126729 0.0719056 0.0523411 
0.0467698 0.0475559 0.104502 0.175442 0.0604822 0.19409 0.0213581 0.0691852 0.167003 0.113612 
0.228193 0.0225339 0.101695 0.0968648 0.0502306 0.125757 0.0989686 0.0800064 0.094601 0.101149 
0.0399239 0.165859 0.0826451 0.135049 0.0655039 0.101453 0.0845138 0.101592 0.104291 0.11917 
0.0497985 0.0486288 0.067353 0.071045 0.131955 0.0751986 0.0404586 0.109142 0.157854 0.248566 
0.0207652 0.0369142 0.0744198 0.0826516 0.122317 0.0388726 0.0328059 0.167759 0.156858 0.266636 
0.0491256 0.0290668 0.0688568 0.0602611 0.221477 0.0792248 0.0670622 0.115544 0.135204 0.174178 
0.0389569 0.195487 0.110367 0.140468 0.0598698 0.0930386 0.0820006 0.0774616 0.107671 0.0946801 
0.0373299 0.0386903 0.0811575 0.0995464 0.0829473 0.0965324 0.0508405 0.101822 0.214373 0.19676 
0.0909864 0.03888 0.213174 0.0865601 0.0863383 0.0753256 0.121066 0.052234 0.168538 0.0668976 
0.0450201 0.158089 0.0888813 0.119436 0.0703369 0.0896222 0.0965114 0.118394 0.0936853 0.120023 
0.0797893 0.155698 0.165501 0.183625 0.0381139 0.0736599 0.0967119 0.0146826 0.155978 0.0362401 
0.060921 0.0348935 0.0589713 0.0753005 0.163227 0.0669669 0.0540874 0.117106 0.14068 0.227846 
0.0545235 0.0900826 0.104726 0.115132 0.0830075 0.0883622 0.0505967 0.143756 0.114075 0.155738 
0.0959693 0.0469327 0.0605608 0.107818 0.0978945 0.240861 0.0381024 0.124137 0.108135 0.0795885 
0.0653969 0.0410352 0.0888361 0.0531109 0.129415 0.079046 0.0690465 0.13132 0.121602 0.221191 
0.0581212 0.0492467 0.264499 0.173882 0.0692458 0.0543159 0.170482 0.0159866 0.100634 0.0435869 
0.0557137 0.0584508 0.131618 0.103622 0.0970896 0.183959 0.201321 0.0165442 0.0981131 0.0535683 
0.0526832 0.0283559 0.0349843 0.0848769 0.333253 0.0505026 0.0472059 0.103379 0.0776745 0.187085 
0.059263 0.171901 0.0987251 0.103374 0.0666423 0.122695 0.0650725 0.0779692 0.137838 0.0965198 
0.0602311 0.0621821 0.0909653 0.0875745 0.109049 0.23527 0.112454 0.0458846 0.108724 0.0876642 
0.036367 0.0885305 0.0544151 0.073125 0.166697 0.160675 0.0677202 0.0552173 0.142882 0.154372 
0.110531 0.107973 0.134976 0.223791 0.0217073 0.183787 0.0760615 0.00538169 0.117762 0.0180284 
0.0439785 0.0475258 0.0714221 0.0611517 0.0980805 0.103373 0.0462651 0.172349 0.102902 0.252951 
0.0524606 0.135944 0.242784 0.101851 0.0778843 0.0596404 0.108724 0.0270293 0.0975971 0.0960847 
0.175637 0.036146 0.119246 0.112356 0.0414636 0.181177 0.0327304 0.0592658 0.123071 0.118908 
0.0333344 0.0593455 0.0548219 0.0921088 0.234572 0.0975658 0.0591882 0.0783602 0.0994153 0.191288 
0.477809 0.00860108 0.0703382 0.0975978 0.0210026 0.152357 0.0404413 0.0392726 0.0668317 0.0257484 
0.347928 0.015933 0.0986113 0.0744029 0.0205157 0.17504 0.0863721 0.0528192 0.099154 0.0292245 
0.100087 0.0923766 0.197282 0.158705 0.0342818 0.105643 0.107622 0.0106414 0.154171 0.0391891 
0.0803223 0.0832613 0.0853213 0.165619 0.0514404 0.129633 0.0419458 0.0494263 0.183905 0.129124 
0.0652393 0.0900501 0.0757002 0.0948315 0.13777 0.0948507 0.133978 0.0973758 0.0857333 0.124471 
0.0396675 0.0487786 0.143395 0.0959988 0.114314 0.0628791 0.053387 0.217268 0.087987 0.136324 
0.0321853 0.191128 0.0960587 0.126495 0.0620191 0.0945264 0.102064 0.0814612 0.108295 0.105768 
0.0745481 0.0449372 0.149929 0.0954224 0.103842 0.0894695 0.0950081 0.103222 0.116656 0.126965 
0.0405307 0.0563657 0.0551926 0.0633217 0.200687 0.108451 0.0649374 0.107734 0.129185 0.173595 
0.2208 0.0158677 0.208947 0.0640013 0.0280564 0.251482 0.04234 0.0186214 0.13147 0.0184148 
0.0634387 0.131621 0.221477 0.170754 0.025142 0.0724849 0.115322 0.0320198 0.123084 0.0446564 
0.0288446 0.0905884 0.121666 0.109327 0.1076 0.0673667 0.0497975 0.128905 0.114952 0.180953 
0.0521963 0.0590063 0.0516726 0.0597771 0.234908 0.11025 0.0763008 0.0679387 0.138706 0.149244 
0.0719607 0.108325 0.124032 0.192372 0.0813051 0.11381 0.0801184 0.0343953 0.108066 0.0856159 
0.0670541 0.0860954 0.0916706 0.194432 0.105155 0.131905 0.0648078 0.0620118 0.116486 0.0803819 
0.493104 0.00375362 0.0852486 0.0265218 0.0176439 0.0958961 0.080141 0.0351901 0.112016 0.0504845 
0.327976 0.013446 0.0623124 0.0571055 0.0708939 0.141526 0.0967682 0.0546933 0.0951783 0.0801001 
0.0754452 0.0343403 0.118122 0.116253 0.150288 0.183358 0.0724854 0.0323713 0.1269 0.0904363 
0.0334887 0.207965 0.0800668 0.157276 0.0578375 0.0968356 0.0899297 0.0807321 0.102272 0.0935971 
0.074514 0.0292523 0.122912 0.0544312 0.1503 0.0504972 0.0569931 0.101817 0.165231 0.194052 
0.0712565 0.0752562 0.060308 0.0632841 0.109363 0.139428 0.233233 0.024339 0.144048 0.0794833 
0.0596012 0.0889051 0.0306819 0.046954 0.151189 0.217868 0.0791334 0.0954198 0.160623 0.069625 
0.118017 0.0442547 0.144191 0.185302 0.100231 0.0918376 0.0711702 0.0353021 0.144107 0.0655877 
0.0904651 0.0376234 0.0756086 0.0834366 0.132733 0.264491 0.10848 0.020347 0.125361 0.0614554 
0.025251 0.137034 0.069266 0.124432 0.0681483 0.125371 0.0535161 0.13764 0.124981 0.13436 
0.0327333 0.0805543 0.0913045 0.171444 0.0608104 0.0962588 0.0288444 0.160498 0.130291 0.14726 
0.0355639 0.061063 0.0463376 0.133605 0.12901 0.119699 0.0338394 0.12213 0.109972 0.208781 
0.0854622 0.111384 0.0884128 0.223281 0.0978836 0.0898594 0.0343523 0.0564246 0.123959 0.0889811 
0.142908 0.0839993 0.0872086 0.103377 0.0752196 0.100849 0.0618758 0.120548 0.0974331 0.126582 
0.0803111 0.045258 0.117175 0.0724835 0.143851 0.102571 0.0972963 0.0869659 0.126538 0.12755 
0.0756962 0.0818076 0.228008 0.114377 0.0266855 0.136004 0.166836 0.0138569 0.110086 0.0466431 
0.298207 0.0112034 0.0464664 0.0500703 0.0546845 0.198926 0.113391 0.0482923 0.0991053 0.0796544 
0.035854 0.0861091 0.0895413 0.0782888 0.0844709 0.0884564 0.0401564 0.200066 0.119553 0.177504 
0.0308139 0.204479 0.0860154 0.156919 0.065463 0.0738482 0.0868454 0.0747419 0.101334 0.119541 
0.038909 0.18313 0.0718635 0.132522 0.0647228 0.0783632 0.103348 0.0915404 0.105838 0.129763 
0.0478824 0.142248 0.201502 0.147766 0.0780908 0.0795624 0.0930988 0.0203677 0.13036 0.0591217 
0.0310802 0.211033 0.0787402 0.142949 0.0738064 0.0737981 0.076809 0.0947397 0.0907852 0.12626 
0.0783253 0.0325012 0.0850555 0.124005 0.121943 0.235179 0.0512544 0.0344577 0.158237 0.0790425 
0.0935313 0.0502761 0.0785426 0.215373 0.1051 0.119023 0.0285398 0.101853 0.111223 0.0965381 
0.0598474 0.0882453 0.118486 0.194724 0.0672744 0.127457 0.0727843 0.0736573 0.108203 0.0893203 
0.0426276 0.0633175 0.0800737 0.0900378 0.191687 0.0617224 0.0541667 0.0851148 0.111322 0.219931 
0.0494194 0.0359982 0.0492071 0.166858 0.0776789 0.0791164 0.0235533 0.28723 0.0841971 0.146741 
0.0712769 0.0217341 0.0836752 0.117966 0.0869541 0.248896 0.0311686 0.0217866 0.212133 0.104409 
0.0559352 0.043991 0.155595 0.0740992 0.100094 0.15568 0.233146 0.0180809 0.115904 0.0474751 
0.0714613 0.110419 0.0837388 0.197039 0.0381163 0.161072 0.0891769 0.0962203 0.0784895 0.0742668 
0.0603151 0.0488324 0.112809 0.0980301 0.13691 0.0811576 0.157063 0.0960236 0.0848833 0.123976 
0.0374866 0.193456 0.0830315 0.139005 0.0538356 0.097262 0.0746318 0.082682 0.113623 0.124987 
0.120359 0.0727002 0.0685597 0.251493 0.0433134 0.189085 0.0322233 0.0342572 0.102113 0.0858965 
0.0567332 0.0653667 0.0863617 0.10704 0.0807118 0.182937 0.114146 0.0375398 0.170483 0.0986811 
0.0259707 0.207561 0.0815313 0.162541 0.0646588 0.0694895 0.0630079 0.0707507 0.106805 0.147685 
0.260811 0.0282804 0.0925741 0.107206 0.0493377 0.130836 0.0513439 0.0535009 0.109695 0.116415 
0.077552 0.0675452 0.0467507 0.0880964 0.128122 0.279969 0.0504879 0.0316087 0.138266 0.0916026 
0.05444 0.160193 0.111405 0.106705 0.0561209 0.118781 0.0948976 0.0867561 0.115382 0.0953194 
0.0269578 0.0477302 0.103225 0.220373 0.085022 0.0762886 0.0326005 0.12857 0.124049 0.155184 
0.0340732 0.149295 0.0764396 0.161411 0.0645852 0.110841 0.0592605 0.112917 0.105536 0.125641 
0.0575407 0.0380387 0.0895503 0.110448 0.0684973 0.297193 0.0623297 0.0276541 0.142496 0.106252 
0.261231 0.0178398 0.114501 0.118628 0.0222534 0.125109 0.0440021 0.0705324 0.187962 0.037942 
0.100184 0.0414801 0.0927587 0.0561538 0.123345 0.0622484 0.187436 0.0677217 0.123775 0.144897 
0.0635421 0.139977 0.123698 0.106839 0.112835 0.0818955 0.0832147 0.067553 0.126248 0.0941971 
0.0734611 0.105942 0.0776302 0.109522 0.0680176 0.120478 0.0841593 0.0386322 0.20268 0.119478 
0.0949818 0.0280515 0.0312569 0.119471 0.0879461 0.325912 0.029195 0.0577008 0.0973334 0.128151 
0.0556941 0.144327 0.0838607 0.123742 0.0805789 0.108081 0.0877727 0.109079 0.0935984 0.113266 
0.0371126 0.0789394 0.0371125 0.104273 0.0985324 0.108171 0.0383807 0.229627 0.126319 0.141532 
0.048852 0.0552664 0.0511542 0.095958 0.212768 0.101061 0.0597326 0.0885641 0.12026 0.166384 
0.0468401 0.019649 0.0838109 0.0777845 0.271159 0.0696161 0.0891893 0.0983285 0.156266 0.0873561 
0.0675374 0.0545779 0.0974068 0.0562139 0.124312 0.130688 0.213933 0.0537484 0.101073 0.10051 
0.0588922 0.0316194 0.105718 0.170938 0.0798655 0.0936061 0.0363906 0.17341 0.137876 0.111684 
0.0496343 0.13384 0.242765 0.176049 0.0224593 0.0833682 0.158044 0.018954 0.0877102 0.0271752 
0.105416 0.0468825 0.0982264 0.0793088 0.0950378 0.237661 0.0577748 0.0357349 0.132274 0.111683 
0.222579 0.0293559 0.0798254 0.086352 0.0695327 0.182888 0.0658503 0.0594943 0.116874 0.0872482 
0.0838031 0.0712425 0.0845294 0.114287 0.0874646 0.116976 0.12139 0.13122 0.0844689 0.104619 
0.0614867 0.0335235 0.105727 0.128658 0.120605 0.19247 0.0439227 0.0361708 0.165881 0.111556 
0.0745042 0.0635124 0.137405 0.0870382 0.0718902 0.163032 0.190175 0.0269215 0.125489 0.060033 
0.109066 0.0440235 0.0583338 0.196378 0.0774927 0.139113 0.0362849 0.115255 0.103666 0.120387 
0.0292954 0.0262103 0.0764715 0.165524 0.0730339 0.0786048 0.0285902 0.285886 0.0966631 0.13972 
0.0544886 0.106583 0.294252 0.145185 0.0287892 0.102685 0.117737 0.0154556 0.0880787 0.0467465 
0.185269 0.0436682 0.194804 0.0972944 0.0407867 0.0916466 0.0557437 0.0555003 0.137954 0.0973331 
0.0720426 0.0881039 0.103104 0.120377 0.0765038 0.164182 0.0312612 0.0423357 0.172109 0.129981 
0.0539719 0.0607589 0.101461 0.120032 0.0990659 0.100078 0.0626363 0.052971 0.210653 0.138372 
0.0935569 0.0381723 0.0759137 0.0730058 0.100921 0.317539 0.0777052 0.028898 0.120919 0.0733689 
0.0365335 0.053841 0.0640126 0.104821 0.187805 0.115767 0.0589803 0.0937674 0.110742 0.173731 
0.0470898 0.183659 0.106806 0.113011 0.0585391 0.0986252 0.079418 0.100415 0.10271 0.109727 
0.0367977 0.197931 0.0801735 0.124519 0.0662632 0.0933524 0.0902873 0.0996997 0.0958097 0.115166 
0.0732728 0.0352117 0.0536084 0.0742051 0.218854 0.108908 0.0824665 0.0904462 0.1161 0.146928 
0.194654 0.0166127 0.16949 0.0311874 0.0298471 0.33295 0.083523 0.0139515 0.11167 0.0161149 
0.0596093 0.0797835 0.143066 0.169603 0.0453477 0.0446126 0.0685534 0.230216 0.0887225 0.070486 
0.0541083 0.0653613 0.0763065 0.181277 0.0600421 0.178125 0.072417 0.0744997 0.118209 0.119654 
0.0724244 0.0597194 0.0715943 0.16292 0.0784403 0.0968683 0.0368614 0.184247 0.097089 0.139836 
0.0629749 0.0502274 0.112333 0.0584834 0.0756956 0.138421 0.343672 0.0385364 0.0709537 0.0487032 
0.044395 0.196507 0.0878931 0.135103 0.0595933 0.0927428 0.0899125 0.0847357 0.102553 0.106565 
0.12429 0.0621613 0.0596804 0.124702 0.0757964 0.158404 0.13324 0.0782882 0.0854308 0.0980059 
0.0581272 0.0842604 0.169685 0.0833164 0.0967007 0.0836245 0.0953854 0.0805396 0.121116 0.127245 
0.0779821 0.163753 0.111257 0.121934 0.0849957 0.0880345 0.0545695 0.0869297 0.112964 0.0975805 
0.0232313 0.0823404 0.0468671 0.110625 0.129992 0.120435 0.0442176 0.154462 0.123796 0.164034 
0.140418 0.011775 0.346222 0.0928489 0.043747 0.0840259 0.071536 0.0522961 0.0839223 0.073209 
0.11125 0.0332238 0.119674 0.0839281 0.103912 0.240888 0.0590696 0.0393467 0.125925 0.0827842 
0.0728036 0.0449207 0.129304 0.0798668 0.117592 0.128472 0.215065 0.0510763 0.0770994 0.083801 
0.043159 0.187465 0.0944474 0.121919 0.0640106 0.0905288 0.0735234 0.105573 0.0970336 0.12234 
0.100694 0.0449471 0.0626164 0.064353 0.140382 0.0929446 0.0652526 0.139051 0.113422 0.176338 
0.0874396 0.053934 0.0567834 0.118087 0.0718556 0.230708 0.0752599 0.0468804 0.140092 0.11896 
0.0608076 0.0794138 0.295996 0.189769 0.0421073 0.0629476 0.0936948 0.0349267 0.0846573 0.0556795 
0.0637615 0.0659155 0.096064 0.141531 0.0732594 0.224463 0.0739291 0.0419722 0.136136 0.0829679 
0.0708181 0.032675 0.0592818 0.0491361 0.221801 0.100064 0.0910142 0.0883799 0.12407 0.162759 
0.0961222 0.0334525 0.0605895 0.06235 0.311949 0.0526562 0.124369 0.0570388 0.0905549 0.110918 
0.227126 0.0209772 0.197972 0.0899829 0.0472468 0.148659 0.0543211 0.0340437 0.125121 0.0545496 
0.0543355 0.0741277 0.11074 0.141088 0.0699908 0.13195 0.0544732 0.0542218 0.180618 0.128455 
0.0988324 0.0262651 0.109027 0.265442 0.0743449 0.177804 0.0370633 0.0626879 0.101439 0.0470949 
0.102695 0.0785924 0.0846282 0.0694348 0.111524 0.152166 0.0733613 0.0631716 0.120118 0.144309 
0.0782886 0.098228 0.156422 0.170514 0.0633263 0.097895 0.0602242 0.0772482 0.113763 0.0840906 
0.0561804 0.020066 0.0636728 0.0521437 0.307231 0.0634813 0.0534774 0.0764956 0.0935942 0.213657 
0.130452 0.0411357 0.0483885 0.0734194 0.0681233 0.175587 0.0923249 0.0658573 0.154109 0.150603 
0.288254 0.0186584 0.0901021 0.0659067 0.0393013 0.159986 0.0226857 0.0701845 0.104023 0.140898 
0.0879318 0.08554 0.12482 0.233909 0.0323764 0.123777 0.0724579 0.0466772 0.120945 0.0715664 
0.0318057 0.140457 0.0955509 0.148905 0.0826683 0.0954879 0.0909833 0.0758563 0.116562 0.121723 
0.0289147 0.0345787 0.055581 0.156602 0.0521615 0.078109 0.0298513 0.303239 0.134987 0.125976 
0.0389905 0.100207 0.092442 0.118285 0.0762265 0.0991756 0.0405414 0.158782 0.110345 0.165005 
0.0307897 0.0188073 0.0338548 0.189382 0.0618458 0.249228 0.00851394 0.152124 0.129911 0.125543 
0.0498195 0.0110414 0.0337702 0.0969208 0.0474838 0.0824561 0.00811006 0.41907 0.104274 0.147054 
0.044981 0.111982 0.0788749 0.11212 0.135019 0.083113 0.0679768 0.0813693 0.100207 0.184357 
0.0422472 0.0318035 0.0464081 0.0899337 0.0955014 0.123487 0.0348871 0.266519 0.11549 0.153723 
0.0391964 0.202675 0.0986893 0.126516 0.0662002 0.0896782 0.0973 0.0729168 0.108347 0.0984805 
