0.0798659 0.0317946 0.0719242 0.125875 0.0813691 0.0964718 0.0223726 0.2443 0.11445 0.131576 
0.12328 0.0819714 0.235154 0.126483 0.0122471 0.14625 0.127867 0.00551295 0.106479 0.0347557 
0.0490496 0.165667 0.114469 0.0973658 0.0771666 0.106228 0.0874981 0.103885 0.103803 0.094867 
0.34547 0.0377366 0.0729663 0.0741093 0.0368034 0.122443 0.0765361 0.0957946 0.0625059 0.0756345 
0.0820581 0.0552118 0.0801515 0.0449686 0.220401 0.0628767 0.111287 0.108472 0.109749 0.124824 
0.0366285 0.202165 0.100621 0.113184 0.0738585 0.0791909 0.0612754 0.125482 0.109353 0.0982409 
0.0482609 0.0402582 0.0402785 0.0733413 0.225066 0.138456 0.0759073 0.105204 0.128032 0.125196 
0.0316723 0.103516 0.0868339 0.0897549 0.100131 0.104749 0.0619892 0.100761 0.0938965 0.226697 
0.09228 0.0645994 0.124682 0.0357972 0.129304 0.120686 0.234295 0.0265988 0.10714 0.0646177 
0.0545819 0.0224038 0.0286393 0.0490618 0.173147 0.0780739 0.0449471 0.188986 0.142871 0.217289 
0.280377 0.0407509 0.110193 0.0752944 0.0448097 0.139046 0.100366 0.0430829 0.103181 0.0628996 
0.0908603 0.100099 0.107072 0.0844612 0.0888712 0.0727475 0.201346 0.048433 0.116935 0.0891746 
0.0607061 0.0378375 0.0806776 0.101742 0.14586 0.0974734 0.0705478 0.127032 0.104705 0.173419 
0.274171 0.040789 0.101144 0.0684966 0.0548949 0.134952 0.0418092 0.0606699 0.112417 0.110657 
0.0241014 0.280976 0.0884038 0.146499 0.047561 0.0819643 0.0837303 0.059549 0.103147 0.0840684 
0.0973238 0.0494756 0.0879025 0.138632 0.0780901 0.243633 0.0950088 0.0401443 0.101129 0.0686613 
0.100527 0.0375353 0.0957043 0.0682415 0.155533 0.0564752 0.0676282 0.148292 0.113699 0.156365 
0.0867827 0.0191668 0.090386 0.190841 0.0747727 0.0639646 0.0181281 0.270327 0.100196 0.0854344 
0.0597218 0.0363215 0.108812 0.127365 0.12134 0.193088 0.0971803 0.04028 0.129258 0.0866344 
0.081101 0.0514051 0.0761665 0.0915912 0.189333 0.102108 0.102393 0.0982026 0.0919726 0.115727 
0.0705682 0.0458177 0.0270354 0.0974412 0.131334 0.106655 0.0273028 0.180688 0.10373 0.209428 
0.0948537 0.0574672 0.0873264 0.074908 0.0912553 0.171885 0.22927 0.0292013 0.0864894 0.0773435 
0.0501536 0.0795512 0.106235 0.0630903 0.144034 0.0632642 0.173433 0.10911 0.102116 0.109013 
0.0723862 0.0621482 0.110923 0.125389 0.114548 0.2162 0.0890779 0.0315587 0.106491 0.0712789 
0.0830016 0.0807124 0.0967945 0.0726258 0.168631 0.0654521 0.10978 0.116453 0.0767677 0.129782 
0.493043 0.00593407 0.0468537 0.023345 0.0390603 0.104468 0.146856 0.033946 0.0661791 0.0403154 
0.067622 0.0292344 0.0623871 0.113328 0.0634356 0.12007 0.0357293 0.21691 0.102077 0.189207 
0.0674735 0.0463513 0.0725878 0.0624861 0.222506 0.110516 0.0974956 0.0782628 0.0938033 0.148518 
0.304202 0.0218716 0.121199 0.10621 0.0325776 0.13631 0.0378464 0.0601576 0.0877083 0.0919176 
0.0407995 0.195742 0.0846791 0.125446 0.0650342 0.134245 0.0943529 0.0664348 0.106747 0.0865187 
0.0375005 0.0539805 0.059799 0.246595 0.0546708 0.151658 0.0381711 0.114707 0.110827 0.132092 
0.0378156 0.156515 0.074661 0.129639 0.0776021 0.110015 0.0879432 0.0984755 0.10687 0.120464 
0.0432499 0.0461101 0.117217 0.19951 0.0641315 0.202391 0.0472287 0.0289192 0.148146 0.103096 
0.159152 0.0239497 0.11693 0.0255354 0.15335 0.141255 0.159265 0.0519118 0.10647 0.0621817 
0.0713976 0.0410575 0.097482 0.137833 0.0887237 0.0779709 0.0379601 0.210927 0.11103 0.125619 
0.100387 0.066489 0.244933 0.146497 0.0402641 0.182473 0.0549229 0.0251503 0.108462 0.0304213 
0.0618378 0.0364422 0.0899588 0.1698 0.0667578 0.0829129 0.0295461 0.237555 0.102972 0.122218 
0.0246015 0.209662 0.0833867 0.126361 0.0601311 0.122554 0.0738287 0.0793168 0.120279 0.0998799 
0.103025 0.133263 0.180459 0.161046 0.0250225 0.123801 0.09241 0.0232916 0.108814 0.0488677 
0.0298586 0.206441 0.0986433 0.130349 0.0443506 0.0983387 0.081708 0.0617128 0.148127 0.100471 
0.0532949 0.170765 0.103972 0.106603 0.0632213 0.121088 0.102569 0.0868167 0.0900963 0.101574 
0.0947606 0.0567268 0.0926838 0.104519 0.0911274 0.0962717 0.0478272 0.192353 0.092384 0.131347 
0.0262955 0.0709901 0.0668283 0.101321 0.202136 0.0626822 0.0576408 0.157462 0.101395 0.153249 
0.0777625 0.0657878 0.22483 0.126012 0.0749556 0.0857035 0.0965714 0.0439191 0.11732 0.0871382 
0.0683961 0.0886161 0.120839 0.172144 0.0607013 0.158694 0.0797534 0.0515765 0.09689 0.102389 
0.0770856 0.0649864 0.0750463 0.125345 0.0878685 0.208291 0.0831881 0.0475095 0.113685 0.116994 
0.0252648 0.19369 0.0785936 0.172701 0.0726372 0.127395 0.0641742 0.0606838 0.10891 0.0959504 
0.10095 0.0736686 0.181168 0.122011 0.0522765 0.095387 0.197743 0.0563164 0.0739559 0.0465228 
0.0213934 0.0356137 0.0419424 0.0784454 0.271172 0.0888126 0.0634038 0.0754905 0.136243 0.187483 
0.0755647 0.0454887 0.0851839 0.061412 0.251272 0.0354462 0.0924087 0.0995622 0.125803 0.127859 
0.105999 0.0480807 0.090312 0.100653 0.0809992 0.171477 0.206739 0.0376033 0.0871085 0.0710294 
0.0828026 0.0395474 0.152753 0.240855 0.0629748 0.11757 0.0929104 0.067434 0.0886213 0.0545312 
0.110487 0.0969481 0.0791484 0.0830305 0.12831 0.185411 0.0700246 0.0720866 0.0855563 0.0889987 
0.0949783 0.083462 0.0856952 0.121597 0.105727 0.167768 0.0984836 0.0665475 0.0898866 0.0858554 
0.0768773 0.0220144 0.237919 0.0741679 0.106009 0.0387282 0.277125 0.0230822 0.0895053 0.0545714 
0.251224 0.0275569 0.0986195 0.0854376 0.0569032 0.16752 0.0506918 0.0526311 0.114585 0.0948318 
0.0577268 0.0282975 0.0769657 0.057899 0.278461 0.0701105 0.130838 0.0628486 0.116674 0.120179 
0.0458614 0.174392 0.108589 0.114443 0.0734643 0.086822 0.0709173 0.120641 0.103044 0.101827 
0.0780239 0.0369806 0.0648139 0.0571853 0.176113 0.0717375 0.0594085 0.152901 0.10067 0.202167 
0.121952 0.0796024 0.0779271 0.0803846 0.119125 0.14865 0.0673016 0.102889 0.109461 0.0927067 
0.0438214 0.0317854 0.0642435 0.202957 0.0525415 0.0766542 0.0254536 0.341419 0.0773466 0.0837775 
0.0858201 0.0338819 0.183075 0.110894 0.0665447 0.122932 0.0883493 0.0380968 0.195558 0.0748481 
0.0626203 0.0602646 0.0943963 0.0842678 0.135619 0.117565 0.127496 0.106333 0.0932874 0.11815 
0.061045 0.125873 0.144148 0.195913 0.0635145 0.0823579 0.0674219 0.0404512 0.120584 0.0986917 
0.0511118 0.0293528 0.101124 0.184032 0.0801634 0.0567074 0.0305234 0.2731 0.0972932 0.0965922 
0.0669972 0.0685632 0.0681912 0.101545 0.1566 0.14207 0.0857667 0.0883034 0.102021 0.119942 
0.0649824 0.120143 0.10102 0.131355 0.107668 0.0827164 0.109967 0.126752 0.0772135 0.0781818 
0.0858408 0.0566049 0.0656309 0.0456149 0.288405 0.0517196 0.107695 0.0800243 0.0948447 0.12362 
0.0515572 0.0458095 0.10066 0.293264 0.063284 0.117673 0.041524 0.0526976 0.131092 0.102439 
0.345755 0.025001 0.0949992 0.0683445 0.0180011 0.179938 0.115936 0.0352045 0.0898276 0.0269926 
0.101694 0.0240302 0.0895895 0.140564 0.0591288 0.0490554 0.021836 0.356078 0.0697262 0.0882988 
0.440756 0.0176548 0.0723188 0.0476352 0.0230055 0.129708 0.0987749 0.021662 0.106543 0.0419422 
0.12919 0.0376882 0.277368 0.181796 0.0423607 0.112873 0.0665208 0.0157318 0.107723 0.0287492 
0.0385378 0.112528 0.0534018 0.138301 0.0639691 0.0820765 0.0305311 0.206281 0.116875 0.157499 
0.026617 0.223006 0.0870157 0.119317 0.0567549 0.124936 0.0791522 0.0615166 0.126199 0.0954861 
0.0303302 0.0676923 0.111607 0.118244 0.0896791 0.0471728 0.0346956 0.241073 0.112039 0.147468 
0.0705529 0.112122 0.0841583 0.167242 0.0742431 0.140465 0.0654138 0.0610892 0.113116 0.111598 
0.0795684 0.138967 0.101321 0.0696021 0.0845364 0.0861172 0.0601861 0.12395 0.124208 0.131544 
0.0479259 0.105773 0.0617805 0.119316 0.112208 0.100107 0.0612802 0.124194 0.117166 0.150251 
0.0523018 0.0211364 0.0262596 0.0657874 0.0761794 0.0746164 0.013592 0.394462 0.121933 0.153733 
0.0597987 0.0449335 0.056321 0.112924 0.101671 0.155241 0.0602753 0.199434 0.0727732 0.136629 
0.117956 0.0513111 0.116992 0.0667881 0.0835885 0.165559 0.17757 0.0442648 0.0936553 0.0823158 
0.0752738 0.049868 0.313479 0.161409 0.0418337 0.0704493 0.0686263 0.0150636 0.135957 0.0680401 
0.077303 0.0443394 0.0579522 0.0917351 0.0946008 0.108434 0.0383347 0.233096 0.100769 0.153435 
0.0491321 0.103069 0.0758959 0.0701443 0.132555 0.14087 0.110519 0.0344349 0.185574 0.0978071 
0.0322317 0.0229621 0.0252875 0.0562527 0.381427 0.0617386 0.0828427 0.0495155 0.130567 0.157176 
0.0398957 0.0777341 0.0617258 0.0994932 0.0718656 0.0664975 0.0231131 0.311046 0.0995998 0.149029 
0.0631533 0.0328316 0.055379 0.170108 0.111562 0.26189 0.0596166 0.0765551 0.0843321 0.0845731 
0.117736 0.0711667 0.129402 0.0617124 0.114902 0.0940728 0.24176 0.045151 0.0653734 0.0587235 
0.037555 0.227583 0.0964045 0.11004 0.0743142 0.082042 0.0843695 0.0826288 0.11572 0.0893422 
0.0832128 0.0585082 0.0724535 0.294106 0.0422064 0.110493 0.0197429 0.0971793 0.113448 0.10865 
0.0384684 0.0903114 0.125783 0.0896038 0.0981405 0.121138 0.266152 0.0293449 0.0854018 0.0556566 
0.0618232 0.090956 0.0981136 0.10066 0.131161 0.098174 0.0874599 0.100407 0.111322 0.119923 
0.0686637 0.0636263 0.0778356 0.257327 0.0339903 0.139451 0.0306585 0.111214 0.102959 0.114275 
0.0128353 0.266736 0.0956146 0.108536 0.0639491 0.12151 0.0812204 0.0416 0.122398 0.0856003 
0.0487971 0.050285 0.0702237 0.0297975 0.266708 0.0557167 0.166552 0.0916337 0.0793591 0.140927 
0.0392315 0.168224 0.0628719 0.112857 0.0872158 0.125441 0.0742427 0.116901 0.102399 0.110617 
0.0349605 0.0825447 0.102508 0.117614 0.0770782 0.0923007 0.0612255 0.191175 0.123859 0.116735 
0.0910366 0.0519079 0.114778 0.0560782 0.0600464 0.208693 0.273146 0.0182035 0.0887998 0.0373108 
0.0354328 0.0550451 0.0785455 0.0515589 0.131208 0.0396889 0.0669939 0.160593 0.128544 0.25239 
0.102338 0.113459 0.105126 0.0875083 0.0866338 0.0623032 0.201217 0.0742784 0.0959671 0.0711698 
0.247083 0.0542212 0.100548 0.0575695 0.0409742 0.145767 0.0818161 0.0552704 0.13794 0.0788119 
0.050606 0.0312638 0.033845 0.0986721 0.0974489 0.262839 0.0275771 0.0978813 0.169029 0.130838 
0.0788059 0.0538153 0.0866143 0.08468 0.262925 0.0766064 0.087528 0.0803792 0.073161 0.115485 
0.0481313 0.0654395 0.0996458 0.0738192 0.0954053 0.120074 0.101193 0.0745173 0.125602 0.196173 
0.0759865 0.0534625 0.0776981 0.0760218 0.132633 0.0856794 0.0906143 0.103718 0.115801 0.188385 
0.101436 0.025082 0.248439 0.19109 0.0639037 0.0846213 0.0795198 0.0312766 0.116709 0.0579214 
0.100033 0.160749 0.10218 0.101182 0.058491 0.109774 0.0877683 0.0651055 0.125795 0.0889219 
0.0421389 0.0583877 0.0364289 0.0922911 0.146625 0.119779 0.067741 0.111231 0.118357 0.207021 
0.0788331 0.0557193 0.098823 0.0562213 0.18495 0.0727787 0.103684 0.12609 0.0774785 0.145421 
0.0602885 0.118217 0.113522 0.187093 0.0531243 0.107075 0.0593748 0.031044 0.160653 0.109608 
0.0335979 0.166275 0.102637 0.114086 0.0583994 0.071719 0.0420223 0.177225 0.107492 0.126547 
0.083576 0.0836866 0.0991117 0.188622 0.0615003 0.147148 0.0548195 0.0490886 0.131144 0.101303 
0.0332311 0.0583042 0.0701555 0.101492 0.13695 0.0705119 0.0919486 0.144778 0.10773 0.184898 
0.0354328 0.0800373 0.134444 0.0913356 0.087878 0.0631424 0.059263 0.212338 0.0885975 0.147532 
0.0594798 0.0857482 0.0966549 0.0743816 0.139852 0.0888715 0.136689 0.0825855 0.095784 0.139954 
0.0394057 0.0725983 0.0688212 0.107798 0.191494 0.0915889 0.0929327 0.115385 0.0905789 0.129397 
0.0361124 0.0294387 0.0551335 0.0421901 0.357207 0.0399808 0.12503 0.0554684 0.136123 0.123316 
0.0822128 0.0679087 0.106054 0.0884514 0.139363 0.0826048 0.080392 0.107099 0.094971 0.150943 
0.0995393 0.0473841 0.12073 0.0639208 0.0698874 0.147746 0.105523 0.120015 0.128353 0.0969017 
0.0617828 0.0352221 0.0704133 0.159533 0.0839473 0.228122 0.0650486 0.0317888 0.169687 0.0944551 
0.11971 0.0437064 0.116453 0.0538269 0.132258 0.0864549 0.117703 0.0912572 0.119781 0.11885 
0.059397 0.0567047 0.0984045 0.149301 0.0963143 0.103238 0.04743 0.214867 0.0776118 0.0967323 
0.0611157 0.133522 0.0838082 0.0992243 0.089741 0.103972 0.195931 0.0469301 0.0976792 0.0880768 
0.0323123 0.0251155 0.0195546 0.0861543 0.206157 0.0401483 0.0522939 0.245347 0.140199 0.152717 
0.0368633 0.103792 0.0942613 0.0837805 0.149629 0.0639378 0.0834733 0.0895543 0.133699 0.16101 
0.201108 0.0202037 0.145086 0.227742 0.0339697 0.112462 0.0389689 0.0641548 0.0835965 0.0727082 
0.0898635 0.064751 0.0743533 0.0810016 0.115522 0.265392 0.0626583 0.0395785 0.128845 0.0780348 
0.0214905 0.0627158 0.075033 0.140002 0.0724468 0.124778 0.0398349 0.0559285 0.262927 0.144844 
0.0789808 0.0626099 0.0960288 0.121989 0.0860633 0.223174 0.0607373 0.0409961 0.13358 0.0958413 
0.0653443 0.0390136 0.0802427 0.0474228 0.158739 0.156697 0.223236 0.0497991 0.0789068 0.1006 
0.0550757 0.0385932 0.115121 0.0492726 0.0901087 0.182412 0.309318 0.0300417 0.0757717 0.0542855 
0.0740675 0.0447465 0.114403 0.14358 0.0396663 0.299559 0.0851249 0.0195301 0.123246 0.0560766 
0.050891 0.0268568 0.158682 0.101234 0.117525 0.0477434 0.0400596 0.241786 0.09961 0.115613 
0.041859 0.106116 0.0985438 0.131757 0.0775549 0.145982 0.0762308 0.0461883 0.166369 0.109399 
0.0232551 0.246897 0.0978496 0.129162 0.0426786 0.0831423 0.0849498 0.0573241 0.143371 0.0913706 
0.246708 0.0358961 0.108727 0.0799854 0.0537032 0.169338 0.0777233 0.047634 0.107333 0.0729521 
0.0367242 0.237171 0.0964894 0.123314 0.0528484 0.0814431 0.0945049 0.0664068 0.127552 0.0835467 
0.0910699 0.0725302 0.0996598 0.0679102 0.11637 0.0780938 0.264325 0.0595214 0.0748131 0.0757062 
0.0793382 0.0411523 0.0843853 0.0340563 0.181257 0.066281 0.100584 0.128375 0.144648 0.139923 
0.117499 0.0737574 0.108958 0.0807016 0.0829733 0.153235 0.168008 0.0485767 0.0927508 0.0735404 
0.0761871 0.0385581 0.0835157 0.150658 0.0523265 0.0899287 0.0322571 0.342316 0.0596031 0.0746498 
0.055684 0.0388168 0.21685 0.177557 0.0928126 0.0758931 0.0293228 0.0899402 0.142967 0.0801558 
0.0389031 0.217143 0.115166 0.103287 0.0550182 0.0937103 0.0923446 0.0907434 0.110663 0.0830216 
0.0742591 0.0543146 0.134187 0.0845166 0.0990731 0.0610856 0.0554723 0.200809 0.0911295 0.145153 
0.0459333 0.167889 0.0813957 0.11307 0.0796924 0.113168 0.0827495 0.0922298 0.111172 0.112701 
0.0637911 0.0714762 0.0850959 0.0817906 0.099627 0.13925 0.0998824 0.0831862 0.16282 0.113081 
0.0479475 0.0441847 0.330094 0.196381 0.0589938 0.129302 0.0748097 0.0150244 0.0771103 0.026153 
0.234411 0.0494376 0.103875 0.0847788 0.0553009 0.157354 0.0905019 0.0503595 0.100236 0.0737458 
0.0598939 0.0908217 0.0947659 0.0899186 0.161816 0.072451 0.0875177 0.0827373 0.0891995 0.170878 
0.0724798 0.0493797 0.0818321 0.0949639 0.143425 0.0892685 0.0962129 0.0851428 0.118324 0.168971 
0.100402 0.0312384 0.111874 0.0928386 0.0803613 0.087478 0.0443031 0.0617311 0.180375 0.209398 
0.0793163 0.0540971 0.0876637 0.051367 0.103288 0.287441 0.0602219 0.0529219 0.140949 0.0827338 
0.064209 0.0675255 0.0920034 0.139787 0.0561398 0.193001 0.0705366 0.0710705 0.132318 0.113409 
0.0304335 0.210066 0.0971857 0.122575 0.0723442 0.0773383 0.0834124 0.100838 0.0986421 0.107165 
0.0685182 0.0658045 0.0494939 0.0578317 0.173149 0.229848 0.115882 0.0307753 0.127501 0.0811965 
0.0936076 0.0316466 0.119772 0.0563458 0.11811 0.133082 0.25235 0.0498212 0.0625234 0.0827411 
0.235998 0.039325 0.107899 0.0676369 0.05603 0.137104 0.0905871 0.0507995 0.106809 0.107811 
0.126712 0.0616466 0.152629 0.197314 0.0337032 0.155181 0.0634315 0.0820715 0.0774861 0.0498251 
0.0486944 0.113863 0.082283 0.112243 0.146937 0.0783343 0.101005 0.0889286 0.0901278 0.137585 
0.0285321 0.0682173 0.0785624 0.0823843 0.262723 0.090841 0.100443 0.0827307 0.0953302 0.110236 
0.102367 0.0516244 0.121398 0.0838052 0.0750161 0.144501 0.267808 0.0292775 0.0672403 0.0569638 
0.058203 0.0439907 0.0711139 0.12158 0.0403847 0.402399 0.027112 0.0171584 0.161175 0.0568826 
0.0399459 0.0228592 0.0461076 0.0793835 0.287381 0.0549585 0.0780185 0.135462 0.0920144 0.163869 
0.0571134 0.0534001 0.104928 0.0683609 0.104327 0.0846857 0.225724 0.0977493 0.0757153 0.127996 
0.0758065 0.051121 0.0902268 0.142546 0.06375 0.238873 0.101849 0.0310641 0.118627 0.0861363 
0.0933945 0.0376656 0.0844194 0.0561756 0.203459 0.0836099 0.0887095 0.11357 0.0998717 0.139125 
0.053526 0.0734482 0.0778973 0.127983 0.0928205 0.253694 0.0846476 0.0764578 0.0755009 0.0840243 
0.0320018 0.216933 0.0961604 0.118524 0.0473262 0.131972 0.104015 0.0638499 0.106395 0.0828224 
0.0588703 0.0421499 0.0592763 0.0928201 0.202022 0.11057 0.0902734 0.0979828 0.100598 0.145437 
0.0544797 0.0763615 0.0723434 0.114043 0.161247 0.107752 0.0971699 0.083776 0.110469 0.122358 
0.0565002 0.0767986 0.0804382 0.130625 0.044578 0.0477936 0.0210287 0.344403 0.0854513 0.112383 
0.110216 0.0672906 0.213494 0.220724 0.0260371 0.105776 0.0553043 0.00847089 0.141928 0.0507588 
0.118028 0.059181 0.0846786 0.171453 0.064101 0.128997 0.0644505 0.0668515 0.128455 0.113805 
0.0859095 0.116087 0.22903 0.114005 0.0605856 0.0582478 0.118437 0.0478635 0.0986536 0.0711807 
0.0491675 0.143533 0.0806256 0.131452 0.0707585 0.0984446 0.0536546 0.146951 0.101268 0.124145 
0.0552391 0.175307 0.100154 0.115328 0.0537116 0.119028 0.118408 0.0732563 0.100729 0.0888395 
0.0558901 0.0616369 0.0998695 0.116056 0.127586 0.120789 0.0891595 0.0856839 0.123132 0.120197 
0.0271474 0.211448 0.100284 0.131296 0.0518725 0.0901199 0.0835793 0.0877713 0.121652 0.0948303 
0.0353482 0.118422 0.119817 0.107228 0.0516688 0.151356 0.090147 0.0372966 0.211372 0.0773438 
0.0261842 0.21402 0.094532 0.135907 0.0561755 0.0849632 0.0649433 0.100872 0.108053 0.114349 
0.0480984 0.0957751 0.105327 0.134924 0.0751447 0.134275 0.119065 0.0315501 0.160226 0.0956154 
0.06886 0.0686065 0.0836735 0.103186 0.0946654 0.207724 0.0890528 0.0639235 0.125822 0.0944857 
0.383716 0.0226531 0.0732231 0.0771479 0.0280969 0.163892 0.0931551 0.0294359 0.0935167 0.0351639 
0.073062 0.0865013 0.0777018 0.145657 0.0841513 0.135942 0.115512 0.0431234 0.143118 0.095232 
0.0591997 0.0432318 0.0795817 0.0530947 0.199463 0.0536184 0.100015 0.107432 0.119647 0.184718 
0.0518949 0.0947237 0.290005 0.235754 0.0117953 0.0659619 0.0747481 0.00950571 0.132516 0.0330963 
0.0628916 0.0499887 0.132044 0.143867 0.0382194 0.260796 0.0450495 0.0345718 0.126749 0.105823 
0.437145 0.0156931 0.0615136 0.0585467 0.0251017 0.145643 0.0444802 0.0371393 0.115545 0.0591929 
0.0498128 0.163986 0.0787946 0.122314 0.083565 0.119682 0.0940599 0.0851074 0.101662 0.101017 
0.0366934 0.226261 0.0843549 0.110994 0.0708753 0.0700364 0.0559529 0.130363 0.11634 0.0981292 
0.0493112 0.153563 0.0786484 0.128877 0.0929505 0.137588 0.0958419 0.0776684 0.100727 0.0848245 
0.271801 0.0264944 0.0742633 0.106654 0.0692971 0.200557 0.0778107 0.0556008 0.0730668 0.0444555 
0.027935 0.0489792 0.0699959 0.132351 0.119229 0.124246 0.0709886 0.14774 0.124802 0.133732 
0.247385 0.0258338 0.104459 0.100518 0.0473009 0.167633 0.036859 0.078755 0.0938218 0.0974344 
0.0398767 0.0963282 0.109036 0.144838 0.0806254 0.144073 0.104892 0.0605424 0.114038 0.105751 
0.0250742 0.243184 0.0960368 0.101358 0.0524059 0.105465 0.0975905 0.0526666 0.133386 0.0928334 
0.0492417 0.0456915 0.0947539 0.0637381 0.0949145 0.160086 0.325042 0.0239747 0.091066 0.0514921 
0.0486242 0.0484886 0.0719265 0.114774 0.182636 0.12832 0.057174 0.111908 0.105787 0.130362 
0.0541976 0.105966 0.205992 0.211642 0.0370993 0.078294 0.0563293 0.0571809 0.125049 0.0682506 
0.0607798 0.0296072 0.138703 0.432196 0.0172451 0.148547 0.0249129 0.0128433 0.0810297 0.0541357 
0.208303 0.053848 0.097024 0.0495859 0.090284 0.0514107 0.267671 0.0444841 0.072705 0.0646836 
0.0490059 0.164278 0.106449 0.12589 0.0981482 0.0763372 0.0754193 0.109278 0.105755 0.0894397 
0.0473463 0.174806 0.0859586 0.134003 0.0703876 0.0990472 0.0900723 0.0882819 0.105202 0.104895 
0.0464452 0.168295 0.108543 0.0998287 0.0765208 0.104006 0.0884936 0.113871 0.100676 0.0933206 
0.0630938 0.0734175 0.103713 0.195024 0.0769713 0.136787 0.0600434 0.0515437 0.125433 0.113973 
0.0237568 0.0518928 0.0391986 0.0840584 0.107505 0.185848 0.0599205 0.109074 0.120456 0.218289 
0.0998245 0.0520162 0.0600922 0.107679 0.0687581 0.250068 0.0896326 0.0721103 0.110936 0.0888833 
0.0924712 0.0602189 0.35791 0.102484 0.0514692 0.0698692 0.0922401 0.0329967 0.08415 0.056191 
0.0201798 0.0735056 0.0276634 0.0778168 0.131032 0.170783 0.0619159 0.110903 0.102284 0.223916 
0.0778622 0.0316876 0.0521231 0.0830417 0.199223 0.110277 0.0977008 0.098427 0.114845 0.134812 
0.0951219 0.0492111 0.0574528 0.113092 0.117311 0.151907 0.0501835 0.135332 0.1208 0.109589 
0.0148904 0.0577844 0.0438755 0.0977505 0.10112 0.135503 0.0733525 0.114149 0.103235 0.258339 
0.049843 0.0952269 0.128518 0.156283 0.0748945 0.0971089 0.0528078 0.0896966 0.116777 0.138845 
0.026256 0.0654746 0.0645214 0.127748 0.140553 0.101037 0.0529771 0.109166 0.123695 0.188571 
0.273529 0.0246004 0.0781714 0.0914237 0.0536553 0.146455 0.0632879 0.0880542 0.089257 0.0915671 
0.0541686 0.059404 0.111435 0.252298 0.0695479 0.0850735 0.047773 0.0929947 0.0973146 0.12999 
0.092465 0.0953431 0.0962942 0.0957686 0.0898484 0.192218 0.124811 0.0218878 0.134239 0.0571258 
0.0944739 0.0579476 0.0499964 0.104849 0.112633 0.186167 0.0373721 0.15764 0.102051 0.0968697 
0.10571 0.0631507 0.0685989 0.161885 0.0718682 0.255832 0.0331444 0.0618992 0.0942958 0.0836153 
0.0839532 0.0314552 0.0569874 0.0765985 0.0741626 0.117813 0.0331368 0.254092 0.105133 0.166669 
0.116712 0.0327122 0.232138 0.139709 0.0595704 0.0859573 0.130879 0.0389113 0.102719 0.0606922 
0.0975869 0.0167669 0.478557 0.0860456 0.0233329 0.0736028 0.0497709 0.0432905 0.0731149 0.0579316 
0.0842779 0.0369 0.068697 0.11386 0.0645578 0.0759301 0.0213698 0.287428 0.0936167 0.153362 
0.0630369 0.125785 0.103148 0.109179 0.107736 0.105104 0.0833905 0.110595 0.0985239 0.0935019 
0.0943819 0.0685964 0.207649 0.130745 0.0638165 0.136895 0.0516684 0.0374402 0.154293 0.0545157 
0.0275303 0.0872244 0.0664152 0.139995 0.115839 0.154816 0.0524741 0.0921189 0.174657 0.0889294 
0.0758168 0.0788934 0.1287 0.0810276 0.154824 0.088522 0.100027 0.084835 0.0938625 0.113492 
0.0447957 0.200003 0.112315 0.120478 0.0642245 0.0836581 0.0837096 0.0954183 0.105034 0.0903649 
0.0654879 0.0876165 0.0770516 0.119314 0.0810752 0.0814773 0.0529708 0.19818 0.093344 0.143483 
0.0934743 0.0996165 0.107193 0.18858 0.027602 0.149569 0.0492829 0.112011 0.0752097 0.0974618 
0.0814706 0.120658 0.100493 0.203959 0.0643674 0.118553 0.0410711 0.0596539 0.114927 0.0948479 
0.0479592 0.0794984 0.123641 0.0768233 0.0704504 0.172268 0.150135 0.0140628 0.189418 0.0757449 
0.0613988 0.037106 0.0697755 0.13218 0.0615979 0.123045 0.0140756 0.169498 0.16176 0.169564 
0.068974 0.0713991 0.0962432 0.155138 0.0637362 0.0808692 0.0478397 0.174477 0.104644 0.13668 
0.0895468 0.0311071 0.0886465 0.0814809 0.107651 0.101264 0.103949 0.142512 0.0951797 0.158664 
0.0474482 0.0675384 0.289984 0.174504 0.047922 0.0866602 0.111334 0.0404901 0.0810307 0.053088 
0.0525016 0.133566 0.187207 0.162719 0.0460599 0.0517418 0.171633 0.0538904 0.089988 0.0506942 
0.0574527 0.0476498 0.0571991 0.0463028 0.292743 0.0481692 0.130615 0.084096 0.0841574 0.151615 
0.0298643 0.224272 0.0835787 0.124105 0.0590415 0.0971739 0.0856302 0.0944208 0.108879 0.0930341 
0.0712486 0.0644773 0.0752296 0.137114 0.0707386 0.228079 0.0883769 0.0307249 0.140419 0.0935915 
0.0782596 0.0411366 0.113823 0.147825 0.0694688 0.143038 0.0760451 0.0779105 0.132754 0.11974 
0.0991793 0.0363204 0.0834977 0.0542523 0.0759955 0.0907843 0.0767463 0.0751408 0.236043 0.17204 
0.0315686 0.0496268 0.104638 0.11295 0.130397 0.0709603 0.0659089 0.231154 0.0991385 0.103658 
0.0556001 0.11731 0.159261 0.128855 0.0764872 0.0906461 0.0874329 0.0858906 0.0856981 0.112818 
0.108178 0.0756712 0.0782983 0.14939 0.0874626 0.178897 0.109144 0.0506201 0.0947326 0.067606 
0.374851 0.0100913 0.15976 0.0684523 0.0191977 0.110244 0.0830189 0.0156285 0.123336 0.0354192 
0.055015 0.0915938 0.153314 0.144279 0.077713 0.0761557 0.109695 0.0478334 0.117998 0.126404 
0.0754889 0.0237956 0.0490788 0.0263932 0.310215 0.0421561 0.119895 0.0809488 0.118876 0.153153 
0.0434429 0.222707 0.131791 0.159463 0.0458078 0.0833757 0.145627 0.0470907 0.0850872 0.0356085 
0.0269668 0.0589079 0.0583836 0.0856538 0.223431 0.0879417 0.0668022 0.0919706 0.107866 0.192077 
0.0649331 0.121771 0.0805569 0.105841 0.0815476 0.15976 0.0952647 0.0682973 0.123023 0.0990053 
0.0314921 0.0519204 0.043031 0.0734676 0.155185 0.0850673 0.0876577 0.121505 0.114483 0.236191 
0.0783109 0.0674288 0.0729673 0.126743 0.100123 0.227409 0.0522265 0.0413632 0.121418 0.11201 
0.0713458 0.0417048 0.109746 0.146737 0.0634535 0.0685552 0.0335229 0.232535 0.094061 0.138339 
0.0400994 0.0853302 0.0972219 0.150357 0.0702721 0.0865965 0.0361659 0.207606 0.0984719 0.127879 
0.0421611 0.187556 0.162446 0.196787 0.0357132 0.0815405 0.0932136 0.0388161 0.109972 0.0517942 
0.0586446 0.168003 0.107262 0.127991 0.0458997 0.134398 0.094687 0.0399603 0.147339 0.0758157 
0.0956949 0.0332808 0.388454 0.113907 0.0412818 0.0640287 0.142693 0.0152852 0.0694724 0.0359018 
0.336088 0.0425356 0.0633474 0.068958 0.0669338 0.0998872 0.129832 0.0491915 0.0956363 0.0475896 
0.0711249 0.0417636 0.118447 0.0770409 0.0972862 0.119013 0.06971 0.0485511 0.227637 0.129427 
0.0934284 0.132545 0.0843691 0.123483 0.045593 0.197945 0.0359829 0.0869233 0.128558 0.0711725 
0.0808335 0.0282093 0.0763953 0.14061 0.0486327 0.0639309 0.0223147 0.36224 0.0790171 0.0978167 
0.0402271 0.0855302 0.0745507 0.11122 0.0694205 0.0797661 0.0289233 0.252425 0.107815 0.150122 
0.0253919 0.15137 0.0792207 0.115649 0.0853239 0.122896 0.0734027 0.0621963 0.133867 0.150683 
0.0198225 0.259227 0.0965209 0.13467 0.0458224 0.0984987 0.0851074 0.0568776 0.120255 0.0831989 
0.132652 0.0714055 0.0709766 0.107014 0.0663887 0.172169 0.0941061 0.0421824 0.131237 0.111869 
0.0192017 0.254503 0.0845232 0.148378 0.0580584 0.0757493 0.0886905 0.0743171 0.10269 0.0938881 
0.0839526 0.0280888 0.120234 0.166236 0.0678851 0.14189 0.0618406 0.0481579 0.179038 0.102677 
0.311179 0.0530425 0.0730746 0.128041 0.0407582 0.0899391 0.0714925 0.0939392 0.0786026 0.0599316 
0.0469334 0.0556673 0.0915642 0.173274 0.0516755 0.2036 0.0305687 0.0578338 0.174208 0.114675 
0.249878 0.033447 0.111846 0.0844051 0.0604638 0.123408 0.0884584 0.0812557 0.0770066 0.089831 
0.029137 0.213736 0.0850944 0.130144 0.0603407 0.0993584 0.0773281 0.0901294 0.112534 0.102199 
0.0526216 0.0691015 0.0931796 0.0836067 0.102198 0.0562507 0.0506706 0.136307 0.148128 0.207937 
0.0179883 0.042256 0.0717832 0.0806333 0.115301 0.0458466 0.0611661 0.16195 0.139404 0.263671 
0.0520199 0.0279751 0.0692143 0.061776 0.23937 0.079604 0.113918 0.118285 0.0985469 0.139291 
0.0334687 0.256886 0.0953111 0.123343 0.0440047 0.0910201 0.0762343 0.0677797 0.123341 0.088612 
0.0448482 0.0702282 0.085972 0.10617 0.0956134 0.0783939 0.05088 0.0984049 0.215065 0.154425 
0.0876458 0.0442298 0.221958 0.100877 0.0502207 0.0990718 0.0969839 0.0561243 0.156257 0.0866311 
0.0332403 0.210782 0.0969503 0.115306 0.0696827 0.0831908 0.0846846 0.104881 0.0970152 0.104267 
0.0597115 0.148588 0.169508 0.189628 0.0347512 0.0703253 0.143444 0.0193137 0.123605 0.0411259 
0.0495963 0.0341229 0.0749634 0.0774743 0.135029 0.0595785 0.0741105 0.129041 0.115223 0.25086 
0.0361118 0.137505 0.115918 0.115249 0.0653309 0.080405 0.0519993 0.160817 0.112895 0.123769 
0.0841026 0.067237 0.0693052 0.120196 0.106617 0.207766 0.0408047 0.109738 0.105589 0.0886442 
0.0629836 0.0601409 0.092677 0.0631032 0.106786 0.0778602 0.107713 0.129689 0.111168 0.187879 
0.0401008 0.0709609 0.299475 0.18128 0.0487508 0.0926318 0.114063 0.0198722 0.095942 0.036923 
0.04705 0.0749145 0.134586 0.101052 0.0894001 0.189109 0.193186 0.021715 0.0981065 0.0508819 
0.0641943 0.0245579 0.0698848 0.112351 0.315073 0.0430154 0.0512841 0.116424 0.0573521 0.145863 
0.0458234 0.18308 0.0957693 0.121535 0.0569424 0.123208 0.071889 0.0630421 0.145878 0.0928335 
0.0594837 0.077443 0.0909376 0.0933259 0.120808 0.210872 0.133705 0.0300148 0.111284 0.0721253 
0.0263223 0.112492 0.0692151 0.0745155 0.142757 0.143213 0.101302 0.0464687 0.13189 0.151824 
0.0836742 0.0861092 0.191558 0.206128 0.0221836 0.155357 0.0936958 0.00818632 0.119425 0.0336824 
0.0401197 0.0493835 0.0884165 0.0711102 0.0983048 0.103484 0.0938684 0.167316 0.0879952 0.200001 
0.0330137 0.138653 0.261047 0.0922862 0.0844159 0.0607306 0.0980241 0.031674 0.0995246 0.100631 
0.236895 0.0402835 0.124303 0.108355 0.0437364 0.156817 0.0351736 0.0570262 0.0961432 0.101267 
0.0463607 0.0780452 0.0544959 0.086963 0.199647 0.0885961 0.0849746 0.0759541 0.10424 0.180723 
0.477779 0.0229526 0.0650669 0.105019 0.017456 0.147592 0.0421045 0.0258837 0.0669456 0.0292005 
0.35461 0.0177343 0.0949757 0.0830638 0.0251281 0.142664 0.0941101 0.0436585 0.102893 0.0411621 
0.0927884 0.0876747 0.218866 0.209458 0.023095 0.102873 0.110405 0.012504 0.0995669 0.0427687 
0.0705371 0.105154 0.106559 0.173616 0.0380906 0.120305 0.0307749 0.0466369 0.17729 0.131037 
0.0712269 0.112121 0.107432 0.0890307 0.120142 0.0911044 0.106861 0.104163 0.103771 0.0941483 
0.0342507 0.0702518 0.139463 0.0962619 0.103076 0.0741506 0.0606442 0.211575 0.0931912 0.117136 
0.0221158 0.235546 0.0925768 0.116026 0.0643588 0.106512 0.0994478 0.0647939 0.109825 0.0887981 
0.070815 0.0405355 0.157348 0.11123 0.0986374 0.0914783 0.0745127 0.107303 0.119401 0.128739 
0.0320664 0.0716487 0.0677556 0.0859253 0.170244 0.095656 0.0683357 0.146556 0.118974 0.142838 
0.197724 0.0100318 0.200285 0.0777067 0.0272868 0.290481 0.0541955 0.0155284 0.0934225 0.0333379 
0.0456389 0.155208 0.216571 0.200637 0.0263517 0.0784725 0.108205 0.0268228 0.0928651 0.0492272 
0.0304582 0.113543 0.114532 0.102822 0.0980292 0.0572211 0.053964 0.136958 0.124545 0.167927 
0.0366668 0.0604312 0.0572786 0.0602047 0.249668 0.0830396 0.0981741 0.0872403 0.140674 0.126623 
0.0598654 0.123112 0.116311 0.2132 0.0596231 0.147372 0.0689191 0.0313723 0.108344 0.0718814 
0.072529 0.0780259 0.11154 0.198698 0.0734022 0.137136 0.0660177 0.0728982 0.103001 0.0867523 
0.468863 0.0091235 0.101426 0.0469585 0.0193785 0.0996231 0.0996057 0.0204571 0.0973913 0.0371739 
0.309271 0.0217079 0.096861 0.0611588 0.0601341 0.13219 0.105476 0.0399289 0.0910752 0.0821982 
0.0588263 0.0501199 0.123668 0.133886 0.12539 0.210324 0.0805458 0.0306321 0.114295 0.0723133 
0.0266491 0.233366 0.0901924 0.153105 0.0526289 0.104227 0.0806783 0.0639283 0.111075 0.0841499 
0.0734811 0.038082 0.123015 0.0591997 0.137554 0.0421682 0.0576574 0.11091 0.169899 0.188034 
0.0808416 0.0726475 0.0816743 0.0669738 0.0763382 0.138447 0.254159 0.0242084 0.143979 0.060731 
0.0408088 0.0611479 0.0246246 0.0648743 0.162262 0.237398 0.0902333 0.0976477 0.155587 0.0654167 
0.117275 0.0573184 0.194704 0.196412 0.0755222 0.0979556 0.0618836 0.032807 0.117181 0.0489416 
0.0691292 0.0411973 0.0885464 0.115964 0.0766379 0.301757 0.141297 0.0152766 0.0990663 0.0511289 
0.0244458 0.1528 0.072205 0.1441 0.0529642 0.11428 0.0337413 0.169974 0.118102 0.117388 
0.0485035 0.110271 0.101004 0.143428 0.0602806 0.075976 0.0444631 0.191081 0.108813 0.11618 
0.0271553 0.0543043 0.0493158 0.135181 0.100276 0.163591 0.0625565 0.138373 0.0920582 0.177189 
0.0712725 0.112652 0.0917424 0.229318 0.073254 0.114125 0.0358384 0.0483541 0.128422 0.0950226 
0.15161 0.0786813 0.0995624 0.0867011 0.0604743 0.13543 0.0710592 0.0833593 0.109053 0.124069 
0.0737134 0.052599 0.117423 0.071692 0.159756 0.0938825 0.0791216 0.0903059 0.12131 0.140197 
0.0693017 0.103842 0.223277 0.136527 0.0186633 0.11653 0.145257 0.00779152 0.122074 0.0567369 
0.318992 0.0227607 0.0673038 0.0589379 0.0534993 0.130489 0.148015 0.0421872 0.0913767 0.0664382 
0.0358596 0.116047 0.104118 0.0865273 0.0712198 0.0752686 0.0418951 0.216031 0.12157 0.131463 
0.02198 0.235436 0.102455 0.14547 0.0508216 0.0786473 0.0795089 0.0770027 0.113834 0.0948448 
0.027101 0.224677 0.0930926 0.133511 0.0536575 0.084578 0.0852123 0.086314 0.113447 0.09841 
0.0343934 0.145739 0.1781 0.166781 0.0713114 0.0912034 0.102126 0.0364104 0.125349 0.0485861 
0.0239984 0.220748 0.0914506 0.134389 0.0589576 0.0768952 0.0778927 0.108856 0.104764 0.102049 
0.0742734 0.0490543 0.100615 0.1181 0.12058 0.221339 0.0453708 0.0408288 0.157193 0.072646 
0.0773234 0.0621152 0.0801001 0.290065 0.0831619 0.108373 0.0341913 0.0752244 0.104357 0.0850888 
0.0660118 0.105829 0.127582 0.202755 0.0567636 0.130881 0.0635326 0.0663465 0.109724 0.070575 
0.0435465 0.0746276 0.0962548 0.0804468 0.159708 0.0517537 0.0762151 0.0963202 0.11353 0.207597 
0.0631075 0.0261991 0.0668429 0.172471 0.067221 0.0709775 0.0254069 0.304928 0.0674699 0.135376 
0.0720762 0.0263781 0.0941641 0.133784 0.0574946 0.24589 0.0363693 0.0250376 0.18215 0.126656 
0.0601924 0.0582373 0.151856 0.0683251 0.0994416 0.150577 0.253125 0.0190926 0.0965546 0.042599 
0.0617903 0.139924 0.09113 0.19744 0.0303641 0.154226 0.0864179 0.0802355 0.0837843 0.074687 
0.0703282 0.0604976 0.113734 0.103951 0.133683 0.0713199 0.144611 0.0966647 0.100366 0.104844 
0.0258392 0.22995 0.0975752 0.129843 0.0452257 0.107997 0.0714694 0.0731463 0.122969 0.0959844 
0.109443 0.107418 0.0688682 0.241941 0.0490886 0.180169 0.0320728 0.0367203 0.0944863 0.0797933 
0.0628974 0.117432 0.0838061 0.117357 0.0650203 0.168038 0.0951817 0.0416685 0.169581 0.0790187 
0.0206742 0.231491 0.0980037 0.156729 0.0509256 0.0738141 0.0632362 0.0757119 0.117426 0.111988 
0.228414 0.0329546 0.109545 0.128819 0.0456671 0.136974 0.0423344 0.0615449 0.120056 0.0936901 
0.0567224 0.101813 0.0572194 0.0831329 0.107357 0.266879 0.0593504 0.0338973 0.14351 0.0901176 
0.0465409 0.190191 0.0930575 0.101581 0.0511737 0.111736 0.103486 0.0911532 0.115062 0.0960179 
0.0312837 0.062006 0.117467 0.204167 0.0743106 0.0725828 0.0330847 0.139523 0.132726 0.132849 
0.0273131 0.198516 0.0815519 0.148842 0.0663028 0.105736 0.0608689 0.0817662 0.106089 0.123014 
0.0586346 0.0387525 0.0874464 0.114397 0.0518462 0.301819 0.0906514 0.0172402 0.150299 0.0889135 
0.275481 0.0256243 0.070382 0.171638 0.0278984 0.141255 0.0529224 0.0420839 0.151473 0.0412415 
0.0832869 0.0737155 0.126799 0.0550593 0.104102 0.0513533 0.242017 0.0499123 0.0989735 0.114781 
0.0392391 0.181046 0.121804 0.099357 0.0932575 0.0806712 0.108969 0.0797847 0.115405 0.0804658 
0.0765253 0.0868267 0.0954786 0.0962399 0.0725913 0.131768 0.106616 0.0390021 0.188654 0.106298 
0.0610922 0.0453684 0.0444274 0.123552 0.0975148 0.294057 0.0324306 0.0483178 0.12161 0.13163 
0.0523403 0.166587 0.104301 0.117029 0.0679843 0.0948801 0.071503 0.12568 0.0953648 0.104331 
0.0357875 0.0842104 0.0434452 0.134856 0.0872789 0.0868378 0.0690918 0.206354 0.117486 0.134652 
0.0453239 0.0851109 0.0578908 0.0858146 0.163748 0.0969969 0.0680262 0.104474 0.123762 0.168853 
0.0469825 0.0195431 0.0909759 0.0830015 0.309376 0.0619727 0.0856853 0.106456 0.0783141 0.117693 
0.0562492 0.0797292 0.118503 0.0721747 0.121558 0.11201 0.225185 0.0463833 0.0844968 0.0837104 
0.0867375 0.026057 0.109457 0.180879 0.0558297 0.0993198 0.0390282 0.164571 0.13833 0.0997903 
0.0276479 0.153818 0.230601 0.20041 0.0246162 0.0809151 0.172457 0.0127812 0.0721104 0.0246441 
0.093022 0.0730853 0.130958 0.088533 0.0787158 0.199456 0.067891 0.0318198 0.14789 0.0886294 
0.172329 0.0410704 0.107022 0.0916449 0.0801735 0.177182 0.0685794 0.0507887 0.118894 0.0923147 
0.0712343 0.0883989 0.136727 0.108549 0.0899357 0.108371 0.115664 0.0891926 0.092266 0.099661 
0.0655142 0.0275524 0.0991254 0.112128 0.117006 0.19102 0.0606923 0.0393195 0.147587 0.140056 
0.0777108 0.0679194 0.134201 0.0881839 0.0917993 0.14199 0.194485 0.0389074 0.0968664 0.0679372 
0.0892757 0.0623184 0.0850066 0.227342 0.0606757 0.143331 0.0302463 0.0906609 0.0999659 0.111178 
0.0297096 0.0243455 0.0750631 0.209978 0.0586072 0.0859987 0.0325307 0.26124 0.107875 0.114653 
0.0378666 0.12109 0.292741 0.160761 0.0157875 0.142925 0.114787 0.0135704 0.0683109 0.0321609 
0.182216 0.0445025 0.190832 0.120793 0.0390161 0.10739 0.0665753 0.0373515 0.157634 0.05369 
0.0469581 0.11005 0.107199 0.130146 0.0549853 0.162928 0.0542719 0.044472 0.184206 0.104783 
0.0482339 0.0678912 0.109918 0.101703 0.118617 0.0907045 0.0779104 0.0520422 0.204168 0.128812 
0.0590198 0.0566032 0.0886287 0.0798821 0.0877684 0.317094 0.0896259 0.0312185 0.118064 0.0720953 
0.0379904 0.0598009 0.0598387 0.110356 0.184776 0.111528 0.0623805 0.127521 0.0937981 0.15201 
0.0358824 0.205333 0.0979988 0.114842 0.0568403 0.10335 0.0776367 0.0900809 0.111167 0.106869 
0.0246312 0.229706 0.0953241 0.129903 0.0569185 0.0973347 0.0927058 0.0651543 0.109955 0.0983678 
0.0710335 0.0440977 0.0647391 0.0789519 0.186351 0.115944 0.110963 0.0744824 0.115922 0.137516 
0.195911 0.0122924 0.167089 0.0567398 0.0261277 0.326504 0.0734945 0.0109895 0.111901 0.018952 
0.0781816 0.0820067 0.11685 0.189318 0.073102 0.0393895 0.0631147 0.21068 0.0884067 0.0589515 
0.0466579 0.0626128 0.0624295 0.201093 0.0738808 0.204954 0.0703695 0.0534858 0.118078 0.106438 
0.0732017 0.0473412 0.0878318 0.148239 0.0681012 0.0992851 0.0511257 0.186195 0.110323 0.128357 
0.045592 0.058554 0.118578 0.0500042 0.0964219 0.112718 0.357376 0.0369476 0.0785484 0.0452591 
0.0385399 0.196924 0.108398 0.126519 0.0560502 0.106069 0.0870148 0.0887713 0.106154 0.0855604 
0.11239 0.0727564 0.0745205 0.115411 0.0635231 0.167133 0.143717 0.0587715 0.0993797 0.0923985 
0.0562962 0.0890953 0.201569 0.0974381 0.0917679 0.0926213 0.083642 0.076648 0.120216 0.0907055 
0.0485674 0.152534 0.115316 0.135627 0.0769408 0.0947853 0.0729389 0.0890124 0.115562 0.0987163 
0.0207623 0.0814584 0.0550791 0.118928 0.122719 0.121829 0.0428525 0.172962 0.105273 0.158135 
0.108438 0.0183474 0.4156 0.141336 0.0365486 0.0617321 0.0598765 0.0405823 0.0669401 0.0505983 
0.0881806 0.0439066 0.118066 0.0935363 0.0887202 0.2331 0.0781452 0.0519838 0.134466 0.0698949 
0.0646288 0.0798234 0.144767 0.0850198 0.110272 0.114331 0.199889 0.0475508 0.0869454 0.0667719 
0.0339948 0.21243 0.0958647 0.124413 0.0623666 0.0919725 0.0700162 0.0919506 0.108064 0.108928 
0.111981 0.0582075 0.0895007 0.0590038 0.126197 0.102052 0.0698802 0.128012 0.105747 0.149419 
0.0672352 0.0475361 0.0598421 0.122504 0.0570385 0.250626 0.121504 0.0433221 0.137044 0.0933485 
0.0546936 0.0940346 0.299717 0.164217 0.0533675 0.0619466 0.0983179 0.0389577 0.0829349 0.0518128 
0.0653336 0.0791917 0.10512 0.13848 0.0699233 0.208792 0.0720493 0.0476603 0.138885 0.0745638 
0.0437401 0.0388362 0.0663325 0.0614742 0.224741 0.114014 0.113747 0.081352 0.12185 0.133913 
0.0790232 0.0320929 0.0601382 0.0508326 0.303954 0.0438459 0.147089 0.0843665 0.0730131 0.125645 
0.227252 0.026924 0.208577 0.0924592 0.0460567 0.125621 0.0543877 0.0391298 0.115235 0.0643577 
0.0425656 0.102041 0.123436 0.138194 0.0621479 0.106976 0.0645116 0.0563404 0.187929 0.11586 
0.0941352 0.0277057 0.112544 0.234003 0.0688392 0.262844 0.0359065 0.0392216 0.0754947 0.0493061 
0.0922634 0.0670341 0.0825059 0.0540219 0.103619 0.131637 0.137986 0.0939146 0.104111 0.132908 
0.0607658 0.135336 0.126079 0.137865 0.0606868 0.109353 0.0759442 0.0887684 0.117137 0.0880651 
0.0608027 0.022683 0.0910644 0.0837549 0.251245 0.0554514 0.055384 0.0946219 0.110721 0.174272 
0.177176 0.0475738 0.0531528 0.0811291 0.0538324 0.193877 0.127519 0.0406669 0.116035 0.109038 
0.296141 0.0335984 0.110358 0.0968209 0.0321037 0.135075 0.0199459 0.0696736 0.0869878 0.119295 
0.112612 0.0852367 0.119691 0.235856 0.0297501 0.123677 0.067362 0.0382155 0.121225 0.0663741 
0.0221257 0.175615 0.0882466 0.135484 0.0712428 0.114993 0.0926755 0.0634776 0.13203 0.104109 
0.0614423 0.0196048 0.0503097 0.119633 0.0637728 0.085009 0.0245832 0.346652 0.0921629 0.136831 
0.0362324 0.121972 0.0799991 0.1209 0.0612371 0.0875089 0.0503149 0.170278 0.115917 0.155641 
0.046999 0.0220504 0.0316202 0.22801 0.050682 0.278217 0.0165079 0.0866556 0.126597 0.11266 
0.0671983 0.0134008 0.0330808 0.107682 0.0434809 0.095766 0.0106396 0.379662 0.112401 0.136688 
0.032318 0.138191 0.0904272 0.0828314 0.112653 0.0751341 0.0936766 0.10153 0.102154 0.171085 
0.0639304 0.0383318 0.0434721 0.0955913 0.100498 0.122485 0.0391236 0.267547 0.107271 0.12175 
0.0263378 0.222469 0.0958846 0.113295 0.0550792 0.0811964 0.0964643 0.078479 0.135974 0.0948205 
