0.0993425 0.0373175 0.0729707 0.104257 0.0693227 0.0871604 0.028286 0.287417 0.0633952 0.150531 
0.0788979 0.0818244 0.276359 0.10177 0.0149653 0.158158 0.196873 0.00424167 0.0737822 0.0131287 
0.06481 0.149999 0.109304 0.103485 0.0860805 0.102858 0.100239 0.111045 0.0864224 0.0857561 
0.241296 0.0192058 0.0779973 0.0756652 0.0511447 0.124195 0.136922 0.0939649 0.0652793 0.11433 
0.0680912 0.0279098 0.0866093 0.0697271 0.219683 0.0704902 0.0845689 0.10474 0.086252 0.181929 
0.0495475 0.187806 0.123244 0.126047 0.0705272 0.0921751 0.0717853 0.105984 0.0826238 0.090261 
0.038104 0.0378008 0.0463589 0.0789651 0.171859 0.128349 0.0824684 0.138269 0.128387 0.14944 
0.0229838 0.0911032 0.074289 0.0824379 0.114357 0.0942877 0.0576038 0.0923843 0.0851248 0.285429 
0.0806698 0.0630623 0.0754426 0.0367022 0.132 0.179765 0.266018 0.0192862 0.0750177 0.0720366 
0.0359151 0.0187072 0.0290035 0.049507 0.191049 0.0661368 0.0386577 0.194156 0.0687527 0.308115 
0.257429 0.0147326 0.135244 0.0830166 0.054588 0.177518 0.082646 0.0353534 0.0964352 0.0630382 
0.0716138 0.0398189 0.143477 0.0934995 0.0945159 0.0770142 0.245215 0.0415327 0.0989072 0.0944055 
0.0623999 0.0323227 0.0604212 0.0880795 0.157536 0.0829135 0.0642229 0.153912 0.0786229 0.219569 
0.219198 0.0183898 0.0740455 0.073605 0.0659704 0.12446 0.0617678 0.093768 0.100018 0.168777 
0.0316245 0.187895 0.0913615 0.153285 0.056541 0.0989018 0.0811046 0.0923091 0.107955 0.0990226 
0.118703 0.0572111 0.0706814 0.124849 0.077553 0.225858 0.0967831 0.0608542 0.116015 0.0514915 
0.0592221 0.0172925 0.0644862 0.0725118 0.186073 0.0713445 0.0753414 0.127058 0.096763 0.229908 
0.0946185 0.026426 0.0822001 0.132967 0.0552472 0.06483 0.0254743 0.337423 0.0610858 0.119728 
0.0535075 0.0619059 0.161587 0.160752 0.106375 0.130019 0.132686 0.0589007 0.0806931 0.0535744 
0.0554231 0.0418863 0.0979491 0.0776209 0.242054 0.0800477 0.0997119 0.0847738 0.0671998 0.153333 
0.0409575 0.0435797 0.028205 0.137235 0.125576 0.101481 0.0226626 0.179865 0.0839953 0.236442 
0.0584256 0.0609781 0.135336 0.0663397 0.0881605 0.161366 0.245266 0.0285414 0.0946576 0.0609285 
0.055533 0.0514356 0.0993369 0.062038 0.155718 0.0486843 0.19983 0.148147 0.0756321 0.103645 
0.080338 0.0719992 0.0987988 0.0788152 0.110151 0.237002 0.0945974 0.0313412 0.112472 0.084485 
0.0600286 0.0503943 0.103458 0.0930099 0.188319 0.0688674 0.0756086 0.119041 0.0690668 0.172206 
0.395569 0.00473637 0.0537653 0.0272188 0.0719444 0.146981 0.178944 0.0241472 0.0524929 0.0442004 
0.0580547 0.0508479 0.0805539 0.111223 0.0818992 0.0980633 0.0379903 0.246735 0.0684337 0.166199 
0.0619809 0.0282504 0.0917686 0.0560645 0.216089 0.102645 0.0808062 0.0928523 0.0757364 0.193807 
0.285589 0.0262906 0.0956799 0.099343 0.0410057 0.123651 0.0539701 0.0638918 0.0867599 0.123819 
0.0409623 0.16573 0.0762012 0.116156 0.0675771 0.13772 0.120545 0.0680003 0.103862 0.103246 
0.0334651 0.0546094 0.0695681 0.24936 0.0639098 0.1167 0.042536 0.133389 0.0778638 0.158599 
0.0298482 0.13792 0.0832448 0.135014 0.0739988 0.103597 0.106659 0.100835 0.0911863 0.137697 
0.0421747 0.0773443 0.112614 0.231746 0.0844174 0.173811 0.0512603 0.0478655 0.095985 0.082782 
0.170856 0.0161268 0.0986847 0.0217592 0.173175 0.162361 0.151567 0.0429887 0.0897923 0.0726885 
0.0555399 0.0453985 0.113883 0.162428 0.0676698 0.0827765 0.0273714 0.190888 0.093386 0.160659 
0.0867059 0.0570561 0.311773 0.162563 0.036173 0.123376 0.0563104 0.0196954 0.113762 0.0325853 
0.0328655 0.0571252 0.0874509 0.154023 0.0631634 0.0837931 0.0523602 0.237357 0.0846001 0.147262 
0.0362403 0.192134 0.0596833 0.108278 0.0641624 0.115244 0.0928255 0.102029 0.107314 0.122089 
0.101944 0.0843301 0.19635 0.172543 0.026438 0.134354 0.0860461 0.0382364 0.118989 0.0407697 
0.0416147 0.190119 0.0905357 0.128157 0.0580138 0.106989 0.105433 0.0842024 0.103687 0.0912482 
0.0559925 0.162635 0.09541 0.113654 0.078998 0.106834 0.0974007 0.102513 0.0829225 0.10364 
0.0405328 0.079708 0.0966664 0.119339 0.0785042 0.0789384 0.0534581 0.173156 0.0763421 0.203355 
0.0201721 0.040322 0.0758501 0.088505 0.207375 0.0682323 0.0741059 0.137445 0.104467 0.183525 
0.0718762 0.109464 0.164909 0.154183 0.0707788 0.093099 0.125847 0.0349608 0.0991644 0.0757172 
0.0516897 0.0777324 0.108085 0.156128 0.068912 0.144745 0.140428 0.0558856 0.0914327 0.104961 
0.0855619 0.0417723 0.087904 0.129575 0.0945136 0.217447 0.0668431 0.0391349 0.116152 0.121096 
0.0187504 0.152789 0.103756 0.188844 0.065986 0.104525 0.0748607 0.0562547 0.101017 0.133218 
0.0500745 0.095428 0.194231 0.134649 0.0683083 0.0661598 0.214716 0.0390992 0.0693424 0.0679914 
0.0195327 0.0145427 0.0349453 0.0865731 0.277111 0.0886472 0.0464039 0.0741447 0.112548 0.245551 
0.049652 0.0389903 0.109458 0.0527161 0.25223 0.0517499 0.0816841 0.103187 0.0975275 0.162805 
0.114047 0.0397761 0.114908 0.100858 0.0965691 0.129119 0.221766 0.0390731 0.0819217 0.0619626 
0.0711372 0.0451227 0.167427 0.246688 0.0770541 0.110953 0.0628428 0.0873098 0.0642578 0.0672074 
0.102401 0.0595668 0.0561441 0.0729003 0.152264 0.223909 0.0759419 0.0628712 0.0832665 0.110734 
0.0765523 0.0409252 0.0756114 0.104128 0.122575 0.20572 0.0843672 0.0740809 0.124763 0.0912775 
0.0612263 0.0636911 0.244363 0.0606813 0.0541182 0.0597071 0.323462 0.0196597 0.0862551 0.0268356 
0.189253 0.0364638 0.0873216 0.0942571 0.0682423 0.175228 0.0659831 0.0552512 0.127642 0.100358 
0.0461822 0.0143686 0.0927382 0.0664537 0.262457 0.088093 0.127228 0.0877023 0.0942453 0.120532 
0.0565969 0.158366 0.109252 0.128582 0.0779021 0.0832059 0.0713434 0.120002 0.0918415 0.102909 
0.0664962 0.0185963 0.0425004 0.0653838 0.196531 0.0621414 0.0564762 0.169108 0.0714222 0.251345 
0.111028 0.0793256 0.0762389 0.0669232 0.100332 0.173794 0.0953783 0.112597 0.101382 0.0830007 
0.0213822 0.0459299 0.0769522 0.23039 0.0402256 0.0593872 0.0248645 0.331638 0.0632757 0.105955 
0.0862922 0.0336428 0.166887 0.0526015 0.0796355 0.0811661 0.152949 0.0412013 0.161132 0.144492 
0.0390675 0.0439675 0.110546 0.0980735 0.140831 0.113586 0.10195 0.101763 0.0942054 0.156011 
0.047205 0.0835154 0.2158 0.219278 0.0532309 0.0924939 0.088967 0.0242016 0.0974208 0.0778879 
0.0470732 0.023442 0.118859 0.168212 0.101241 0.0666164 0.033867 0.25437 0.0570125 0.129307 
0.044969 0.0784783 0.0737253 0.121545 0.179626 0.100033 0.120426 0.0685399 0.0790469 0.133612 
0.0500945 0.043109 0.120414 0.146848 0.136052 0.0703149 0.127121 0.0983192 0.0676675 0.140061 
0.0678112 0.0525489 0.0809595 0.0527869 0.249041 0.0722347 0.108884 0.0910088 0.0900133 0.134711 
0.0416139 0.0657685 0.128725 0.239457 0.0597436 0.153082 0.0624871 0.0527915 0.0986749 0.0976572 
0.27497 0.0260257 0.0987698 0.0868879 0.0199288 0.240978 0.110175 0.0405186 0.0730033 0.0287428 
0.0819861 0.0356585 0.065944 0.148401 0.0606908 0.0599226 0.0216877 0.321 0.0754741 0.129235 
0.30192 0.0120554 0.117916 0.082982 0.0458696 0.181318 0.0990227 0.0185889 0.1034 0.0369266 
0.158517 0.0321427 0.298891 0.164361 0.0426322 0.0909343 0.0687506 0.0189445 0.103308 0.0215183 
0.0299432 0.0799836 0.0516619 0.146418 0.0559534 0.0843249 0.0263204 0.17116 0.0950522 0.259182 
0.0380905 0.182297 0.0730642 0.107416 0.0713922 0.115594 0.0907101 0.0911795 0.112406 0.11785 
0.0202643 0.0820214 0.0809792 0.126452 0.115797 0.0753132 0.0404631 0.214858 0.087672 0.15618 
0.0708243 0.111893 0.0842545 0.199796 0.0662632 0.166503 0.0694217 0.0431743 0.112876 0.0749942 
0.0540666 0.117196 0.182177 0.0842253 0.0585868 0.10117 0.0846225 0.0986541 0.0886569 0.130644 
0.038272 0.10122 0.0476676 0.147863 0.125534 0.092606 0.0595998 0.127006 0.0952752 0.164957 
0.0400338 0.0315896 0.0201866 0.0722147 0.0567842 0.0741544 0.013955 0.329207 0.0695779 0.292297 
0.041678 0.0372993 0.0760734 0.108781 0.100067 0.119055 0.0602461 0.209904 0.0604063 0.18649 
0.0771811 0.0416671 0.143659 0.0569075 0.100726 0.163014 0.197935 0.0518695 0.0841102 0.0829303 
0.0821391 0.0395968 0.320961 0.173433 0.046025 0.0712957 0.106933 0.00927847 0.123475 0.0268625 
0.0481701 0.0279894 0.0554579 0.121824 0.0989678 0.101263 0.0404453 0.248259 0.0660982 0.191527 
0.0382718 0.0663537 0.120954 0.0706756 0.0899699 0.175542 0.126308 0.04542 0.140647 0.125858 
0.0287346 0.0277339 0.0444075 0.0711923 0.33127 0.0683069 0.0750255 0.0583617 0.091462 0.203505 
0.0305828 0.0746629 0.0775599 0.0982945 0.0658937 0.0575481 0.0281439 0.329029 0.0793825 0.158902 
0.0550855 0.0571002 0.0655958 0.179633 0.100719 0.151389 0.0966755 0.128801 0.0673865 0.0976131 
0.0445105 0.045184 0.155873 0.0532045 0.101505 0.0599667 0.341036 0.0599406 0.0537295 0.0850501 
0.0383984 0.1983 0.111587 0.121951 0.0708854 0.0989483 0.122267 0.066118 0.0925847 0.078961 
0.0553199 0.0582877 0.106757 0.289033 0.0482318 0.141179 0.0170493 0.0715716 0.0977359 0.114834 
0.0403536 0.0842528 0.122532 0.0696457 0.0890157 0.122051 0.270642 0.0498438 0.0705488 0.0811142 
0.0499838 0.0949226 0.110732 0.0953078 0.113558 0.110403 0.0782125 0.0904241 0.10395 0.152507 
0.0469643 0.049398 0.0764017 0.301507 0.050628 0.137237 0.0242281 0.104758 0.079535 0.129342 
0.0180888 0.215908 0.0902953 0.135229 0.0839923 0.0998313 0.1048 0.0490587 0.108945 0.0938514 
0.0407343 0.0350287 0.0514048 0.0270266 0.276923 0.0559719 0.125226 0.116161 0.0593883 0.212135 
0.0327938 0.139138 0.0687046 0.119073 0.0836303 0.112902 0.0815724 0.113497 0.0904467 0.158242 
0.0383125 0.0753084 0.100402 0.101472 0.0900664 0.120195 0.0902536 0.202135 0.0847235 0.0971324 
0.0946603 0.0652748 0.128235 0.0502896 0.0790973 0.143708 0.288924 0.0211654 0.0764362 0.0522084 
0.0255516 0.022195 0.0862972 0.0651707 0.142772 0.0587597 0.0574944 0.14579 0.0886155 0.307353 
0.064509 0.0683065 0.170936 0.0635547 0.0765894 0.0636226 0.267098 0.0635735 0.0727136 0.0890966 
0.207433 0.0229393 0.115122 0.0672616 0.0684596 0.147926 0.102572 0.0635913 0.0942386 0.110456 
0.0566202 0.0486112 0.0291557 0.0912166 0.0812275 0.315084 0.0389755 0.0868344 0.122292 0.129983 
0.0526885 0.0291506 0.0965621 0.114443 0.273727 0.0857481 0.058172 0.0572399 0.0549636 0.177305 
0.0535147 0.0324559 0.116775 0.0964851 0.169229 0.104033 0.0883594 0.075152 0.0733295 0.190666 
0.0611095 0.0315502 0.0912668 0.0873954 0.146802 0.088625 0.0805945 0.120941 0.0893652 0.20235 
0.105232 0.0402398 0.277236 0.105258 0.0678514 0.0722033 0.108425 0.0347729 0.123477 0.0653042 
0.0887307 0.151519 0.124425 0.114219 0.0474902 0.117017 0.117188 0.0461513 0.110121 0.0831384 
0.0239764 0.037234 0.0459694 0.109389 0.14834 0.114313 0.0570069 0.11798 0.0811828 0.264608 
0.0384333 0.049294 0.0731021 0.0612191 0.238862 0.0652646 0.0909 0.114275 0.0838132 0.184837 
0.0557578 0.103403 0.11566 0.151236 0.0870535 0.117816 0.0782553 0.0279776 0.161848 0.100993 
0.0375705 0.139446 0.119916 0.13868 0.0642202 0.0795366 0.0484992 0.164552 0.0806412 0.126938 
0.0668961 0.0960102 0.11594 0.215516 0.058364 0.133634 0.0539214 0.0563908 0.0949872 0.108341 
0.0286345 0.0562332 0.085706 0.100791 0.14584 0.0732412 0.0845298 0.139111 0.0695926 0.216321 
0.0453279 0.0573424 0.163179 0.109741 0.117601 0.0669913 0.0610957 0.178854 0.068207 0.131662 
0.0398961 0.0813423 0.0888333 0.0667515 0.189756 0.0863839 0.112705 0.0934891 0.0987663 0.142077 
0.0299732 0.0741474 0.097948 0.0939017 0.186374 0.0723347 0.0777324 0.119749 0.0864166 0.161422 
0.0417922 0.0315449 0.11068 0.0656694 0.272471 0.0738595 0.118504 0.0520365 0.0898527 0.14359 
0.0519493 0.0552233 0.0683338 0.0754421 0.16769 0.088066 0.0892521 0.131688 0.0926075 0.179748 
0.0582663 0.0296991 0.147255 0.0856729 0.0730852 0.130642 0.0744138 0.0950815 0.128426 0.177458 
0.0465972 0.0227389 0.142983 0.183221 0.0699326 0.236425 0.0666418 0.0351387 0.118306 0.0780147 
0.0819534 0.0303982 0.0994024 0.0360128 0.199638 0.0829912 0.146814 0.0947099 0.0967319 0.131349 
0.0448687 0.0488268 0.118057 0.134307 0.110055 0.0834807 0.0602049 0.196604 0.0791016 0.124494 
0.034286 0.0935977 0.109863 0.0751873 0.104133 0.112144 0.197974 0.0553322 0.0981044 0.119378 
0.0301812 0.0325479 0.0174487 0.0960436 0.216762 0.0599712 0.0565666 0.188345 0.0944515 0.207682 
0.0408666 0.0766002 0.120899 0.0718842 0.163765 0.0579794 0.0987607 0.0867342 0.0871722 0.195338 
0.192898 0.0410228 0.181774 0.129929 0.0504903 0.143773 0.0542269 0.0638799 0.0726712 0.0693351 
0.0882283 0.0627358 0.0809028 0.0734487 0.08502 0.276269 0.0597871 0.0452404 0.127389 0.100979 
0.021599 0.0425451 0.1007 0.180445 0.0587941 0.152571 0.0455649 0.0596469 0.179472 0.158661 
0.0859637 0.0587612 0.0864668 0.0980465 0.102129 0.205763 0.0497467 0.0545646 0.121827 0.136732 
0.0434651 0.0262159 0.072639 0.0364754 0.167975 0.0954807 0.314203 0.0579962 0.0733464 0.112203 
0.0547112 0.0285516 0.113606 0.0415064 0.114717 0.0990429 0.386401 0.0259746 0.0551311 0.0803577 
0.0585201 0.0419148 0.101277 0.128936 0.0539606 0.285142 0.110619 0.0164403 0.135643 0.0675471 
0.051442 0.0400263 0.151042 0.101693 0.112103 0.0374287 0.0599112 0.250072 0.0752403 0.121041 
0.0355132 0.097325 0.105344 0.147728 0.0762937 0.132971 0.0578461 0.0452978 0.19 0.111681 
0.0319158 0.206061 0.103475 0.142407 0.0570841 0.102824 0.0954294 0.0734376 0.104319 0.083046 
0.18893 0.0326679 0.115684 0.0742092 0.0629808 0.195779 0.0973478 0.0528903 0.110834 0.0686764 
0.0486487 0.214509 0.148415 0.14082 0.0438499 0.0896178 0.0922135 0.0519949 0.0962219 0.07371 
0.0679002 0.0369699 0.117935 0.0546238 0.0931418 0.0540328 0.35436 0.0694417 0.04893 0.102665 
0.0634591 0.0347427 0.0754105 0.0315139 0.211965 0.0732553 0.103556 0.125338 0.113247 0.167513 
0.0927329 0.0658378 0.097963 0.0827117 0.111168 0.136518 0.21213 0.0469076 0.083429 0.0706017 
0.0438626 0.0470805 0.110499 0.133395 0.0593572 0.0971587 0.0358754 0.268595 0.0771477 0.127029 
0.0402417 0.0662543 0.181532 0.232291 0.105427 0.0822497 0.0193336 0.0943406 0.0962037 0.0821266 
0.0472681 0.182782 0.127292 0.101368 0.0671617 0.0912062 0.0967572 0.108565 0.0880013 0.0895992 
0.0442246 0.069157 0.122387 0.090578 0.123381 0.06231 0.0573452 0.195184 0.0602598 0.175173 
0.0378824 0.161629 0.0711689 0.117913 0.0681143 0.123919 0.110667 0.0705122 0.117482 0.120713 
0.0604274 0.0404898 0.126704 0.0737127 0.0917177 0.164526 0.0710543 0.0794443 0.141521 0.150402 
0.0569837 0.0231293 0.391924 0.179042 0.0751818 0.111846 0.0550045 0.00712138 0.0665391 0.033228 
0.186386 0.0382037 0.0941828 0.0859658 0.0720909 0.160164 0.12665 0.0533086 0.101665 0.0813818 
0.0604622 0.0882694 0.077421 0.0936472 0.144252 0.15738 0.0977164 0.0723898 0.0684325 0.14003 
0.0516409 0.0290509 0.10404 0.0836199 0.146005 0.0831217 0.0899572 0.0900239 0.0804457 0.242095 
0.0813325 0.0294903 0.152266 0.105881 0.117547 0.078945 0.0543388 0.0623604 0.108989 0.208851 
0.102915 0.0564251 0.0980801 0.0494832 0.128255 0.212447 0.0412306 0.0781706 0.141018 0.0919747 
0.0805715 0.080893 0.0920984 0.11946 0.0490719 0.20729 0.0946217 0.0460119 0.110588 0.119393 
0.0293543 0.1688 0.0862884 0.132542 0.0842211 0.0945931 0.0905005 0.106117 0.087939 0.119645 
0.0787877 0.0467388 0.051775 0.0649714 0.144138 0.277304 0.139149 0.0207321 0.093065 0.0833388 
0.0507497 0.025319 0.0895443 0.0512248 0.107968 0.0894036 0.389906 0.0703971 0.0478665 0.0776206 
0.159713 0.0394668 0.0977042 0.0718546 0.0720643 0.148066 0.113479 0.0811352 0.102399 0.114118 
0.0907314 0.10015 0.199841 0.226987 0.0315497 0.0903927 0.0873101 0.0888202 0.0461763 0.038042 
0.0429254 0.101111 0.0920414 0.0941047 0.148295 0.0652911 0.129104 0.0922341 0.080036 0.154857 
0.0182751 0.0524037 0.109026 0.0967329 0.258534 0.0746512 0.0663985 0.0907965 0.0955681 0.137615 
0.123501 0.0312658 0.12046 0.066244 0.0783494 0.135708 0.289494 0.0484923 0.0503303 0.0561543 
0.0909023 0.0358033 0.0750555 0.0965805 0.0460699 0.385342 0.0404417 0.0191179 0.151002 0.0596841 
0.029981 0.0238187 0.102362 0.0700639 0.266746 0.0636911 0.058537 0.123482 0.0670871 0.194231 
0.0511445 0.0482517 0.115325 0.0634678 0.145301 0.0413264 0.236552 0.105251 0.0640607 0.12932 
0.0644771 0.028 0.082775 0.132548 0.0712884 0.26534 0.103018 0.0315597 0.145785 0.0752084 
0.0628251 0.0448221 0.0780272 0.0586294 0.201679 0.075238 0.0944703 0.109209 0.0967448 0.178356 
0.064061 0.0458509 0.0810142 0.119463 0.107287 0.178086 0.109245 0.0523122 0.100821 0.141859 
0.0399443 0.191398 0.0798861 0.130229 0.0603329 0.106469 0.106443 0.0862168 0.0980676 0.101014 
0.0433398 0.0389855 0.0634386 0.0959034 0.238639 0.0812832 0.105577 0.103685 0.0713848 0.157764 
0.0542221 0.0766223 0.0986969 0.0886732 0.162682 0.115863 0.0855451 0.0979279 0.0790057 0.140761 
0.0482183 0.0432791 0.131168 0.179437 0.044784 0.0411995 0.0204954 0.243496 0.0669494 0.180973 
0.0938775 0.0596518 0.307345 0.158802 0.0244726 0.143125 0.0520685 0.00588447 0.133847 0.0209255 
0.128932 0.0958726 0.0793057 0.181412 0.0740735 0.127056 0.0537514 0.0847673 0.0925358 0.0822942 
0.052641 0.0843808 0.296409 0.139206 0.0660374 0.0695998 0.106918 0.0339924 0.0933839 0.0574315 
0.0635861 0.10624 0.102577 0.120408 0.0913818 0.107669 0.0658436 0.130252 0.0841344 0.127908 
0.0581977 0.154572 0.0975172 0.123941 0.0702711 0.10526 0.0944856 0.113154 0.0879158 0.0946861 
0.0488424 0.0599938 0.14788 0.102228 0.111929 0.137295 0.0911723 0.0668031 0.118911 0.114945 
0.0373791 0.208753 0.0919645 0.125724 0.0675695 0.0986603 0.0853092 0.0988255 0.0905694 0.0952458 
0.0408823 0.0869652 0.146899 0.120154 0.050652 0.170888 0.0953165 0.0374265 0.18094 0.069878 
0.038617 0.17719 0.0916491 0.135193 0.0727233 0.0923874 0.0763211 0.110604 0.0940421 0.111273 
0.0321382 0.108471 0.117913 0.124965 0.0724402 0.137513 0.117723 0.0318711 0.173737 0.0832287 
0.0774416 0.0942776 0.099178 0.115827 0.0849413 0.184273 0.0867819 0.0541177 0.113239 0.0899226 
0.348741 0.0121165 0.108306 0.096872 0.0358535 0.179994 0.0902243 0.0165506 0.0918516 0.0194911 
0.0606823 0.102829 0.0928513 0.13867 0.0971692 0.135224 0.109748 0.0345805 0.144207 0.0840377 
0.0646216 0.0340464 0.0582774 0.0466676 0.197492 0.0544282 0.111224 0.10648 0.088292 0.238471 
0.0542223 0.0999414 0.304541 0.218789 0.0139675 0.0944319 0.0720899 0.00875001 0.112761 0.0205054 
0.0778682 0.0303621 0.160654 0.164367 0.0622698 0.193612 0.0479464 0.037045 0.126241 0.0996351 
0.428104 0.0134199 0.0862251 0.0664869 0.0337814 0.1557 0.0561094 0.0386748 0.0810215 0.0404777 
0.0414274 0.124561 0.0965609 0.134994 0.0756679 0.122448 0.115862 0.0667099 0.100932 0.120837 
0.0323565 0.196161 0.11251 0.138893 0.0610831 0.0814744 0.0775686 0.0932448 0.108565 0.0981432 
0.035785 0.151458 0.0794102 0.114987 0.0982154 0.11454 0.0981548 0.0720659 0.0888561 0.146528 
0.278503 0.0302445 0.0824833 0.0868121 0.0861517 0.183722 0.0743124 0.0461891 0.0609972 0.0705855 
0.021223 0.0398168 0.11719 0.156796 0.127306 0.0939188 0.0758383 0.133707 0.0815549 0.152649 
0.175062 0.0173132 0.0947541 0.0995888 0.060992 0.159017 0.0420341 0.09552 0.101063 0.154656 
0.048149 0.103131 0.132664 0.09838 0.0983747 0.109809 0.100448 0.0672346 0.0828008 0.159009 
0.0333664 0.183356 0.0936268 0.119679 0.0674043 0.0949875 0.123748 0.0587257 0.121001 0.104106 
0.0774849 0.0452263 0.104199 0.042708 0.108189 0.112843 0.347649 0.0185311 0.0692052 0.0739647 
0.0398322 0.04148 0.0759673 0.100268 0.195724 0.102247 0.0651432 0.128225 0.0915244 0.15959 
0.0496186 0.0521482 0.341983 0.223885 0.0292151 0.0693408 0.0490295 0.0345942 0.091157 0.0590284 
0.0656743 0.0253089 0.203534 0.37932 0.0291735 0.127616 0.0516184 0.0115249 0.0726229 0.033607 
0.115523 0.0283624 0.130414 0.0789815 0.0830486 0.0430331 0.357304 0.0368516 0.0639214 0.0625601 
0.0617247 0.155464 0.122131 0.117015 0.0646332 0.0972547 0.103791 0.0960051 0.0903527 0.0916292 
0.0396504 0.150814 0.0757654 0.11938 0.0680011 0.107436 0.103048 0.107807 0.099562 0.128536 
0.0690871 0.154095 0.105695 0.0983542 0.0799561 0.0982371 0.0982241 0.125549 0.0874588 0.0833429 
0.0562113 0.107523 0.0990586 0.182252 0.0856532 0.141674 0.0702923 0.056608 0.0941728 0.106555 
0.0169022 0.0240891 0.0312927 0.072378 0.118436 0.214876 0.0568894 0.0947859 0.103101 0.26725 
0.0786041 0.0333586 0.0571485 0.127298 0.0912864 0.223709 0.0819693 0.0861391 0.106472 0.114014 
0.0684252 0.0524146 0.35304 0.0896792 0.0746722 0.069482 0.114563 0.0233632 0.0957607 0.0585999 
0.0129852 0.0412088 0.0235023 0.0871681 0.169786 0.121639 0.0472579 0.0855007 0.07379 0.337162 
0.0841122 0.0257399 0.0732526 0.0887764 0.184312 0.105998 0.0902169 0.125235 0.0932585 0.129099 
0.0874192 0.0851169 0.0595941 0.0858702 0.106323 0.172428 0.0351878 0.177721 0.0742196 0.11612 
0.0152556 0.0342802 0.0710844 0.109992 0.148055 0.101826 0.0630426 0.100299 0.0794867 0.276679 
0.0393912 0.0956614 0.129651 0.179776 0.0733914 0.107415 0.0480311 0.0920349 0.0808815 0.153767 
0.0180501 0.0413424 0.0807697 0.118804 0.13995 0.0877717 0.058059 0.127272 0.0911945 0.236787 
0.171694 0.0171867 0.104425 0.0742177 0.0826253 0.149567 0.0751147 0.091477 0.0943008 0.139392 
0.0565814 0.0390154 0.145101 0.212025 0.0596655 0.106886 0.0469108 0.0907533 0.0907881 0.152274 
0.0806307 0.0982276 0.0751602 0.0664011 0.0706138 0.201293 0.242324 0.013747 0.101465 0.0501367 
0.0751868 0.0633625 0.0891329 0.0942145 0.0672154 0.192363 0.0381107 0.163379 0.103519 0.113517 
0.0964809 0.0842799 0.0387488 0.143982 0.0826444 0.213521 0.0428037 0.0598919 0.109162 0.128485 
0.0475818 0.0201437 0.03849 0.0874095 0.102131 0.105318 0.0313372 0.25123 0.0665767 0.249782 
0.0861841 0.0415855 0.279357 0.132399 0.0640174 0.0732579 0.154562 0.0366787 0.0605594 0.0713997 
0.059547 0.0091736 0.469382 0.0649113 0.0489539 0.0965309 0.0633056 0.028689 0.0736334 0.0858733 
0.0421614 0.0519436 0.0886368 0.112826 0.059338 0.0715974 0.0263083 0.280528 0.0577027 0.208958 
0.0690074 0.136912 0.1037 0.107842 0.080667 0.115248 0.104341 0.111694 0.0833345 0.0872556 
0.112812 0.057828 0.245869 0.174652 0.0590669 0.125019 0.0522498 0.0321758 0.102882 0.0374463 
0.0283904 0.0927006 0.0856644 0.12721 0.0932596 0.125221 0.0836479 0.0928813 0.153746 0.117279 
0.0560324 0.0756063 0.091341 0.0909753 0.173098 0.0785855 0.103974 0.0889778 0.0986894 0.142721 
0.0517077 0.191778 0.128589 0.1317 0.0543396 0.091335 0.0843319 0.0883609 0.0925545 0.0853038 
0.0476153 0.0838793 0.0888135 0.114647 0.0808363 0.0879474 0.0542936 0.204732 0.0701701 0.167065 
0.0882818 0.0799669 0.111049 0.239405 0.0422828 0.129308 0.0598272 0.0958512 0.0713864 0.0826411 
0.0882328 0.119909 0.122862 0.16804 0.0589555 0.157053 0.0628197 0.041588 0.108004 0.072536 
0.0386152 0.0728314 0.143618 0.0844468 0.072393 0.152268 0.205687 0.019331 0.150775 0.0600352 
0.0443995 0.0300236 0.0620769 0.121749 0.0732603 0.0928915 0.0277456 0.241741 0.120915 0.185197 
0.0462442 0.0687136 0.0992089 0.149568 0.0803682 0.0860076 0.057179 0.182999 0.0867777 0.142934 
0.0482989 0.0269792 0.0915389 0.104711 0.12333 0.114248 0.0836921 0.148651 0.0783886 0.180163 
0.0365747 0.0535348 0.363371 0.191329 0.0356091 0.072807 0.125731 0.0280585 0.0437102 0.049275 
0.0344787 0.161966 0.246353 0.103162 0.0470935 0.0551567 0.188284 0.0274712 0.0775655 0.0584687 
0.0433468 0.0301537 0.0588121 0.0571264 0.287738 0.053542 0.10381 0.0896011 0.0743194 0.20155 
0.0328276 0.178831 0.0857136 0.125635 0.0667793 0.0972985 0.097542 0.108882 0.0975701 0.10892 
0.0619049 0.0662678 0.102416 0.117161 0.0657873 0.228602 0.120735 0.0307994 0.117672 0.0886533 
0.0719049 0.0258108 0.147346 0.142065 0.0805157 0.1254 0.0786537 0.0752704 0.109231 0.143802 
0.109228 0.0282567 0.0843081 0.0417013 0.0854564 0.0984771 0.0622778 0.0638888 0.183437 0.24297 
0.0290861 0.0410079 0.115367 0.116283 0.169179 0.0744959 0.0888004 0.192188 0.0660355 0.107558 
0.0511914 0.0958597 0.163845 0.175643 0.0551586 0.107369 0.0799503 0.0751576 0.0743611 0.121464 
0.0658709 0.107462 0.0835311 0.149448 0.0971016 0.126787 0.11771 0.0938867 0.090001 0.0682009 
0.353473 0.0155783 0.178891 0.0828537 0.0273449 0.119273 0.107189 0.0131971 0.0814556 0.0207459 
0.0401129 0.0780056 0.151863 0.148181 0.109155 0.0621462 0.14414 0.0387676 0.0964232 0.131205 
0.0554914 0.0236249 0.0666118 0.0441981 0.275538 0.0697436 0.104551 0.0927943 0.0932955 0.174152 
0.0519465 0.16688 0.212107 0.142125 0.0362466 0.102779 0.147055 0.0326572 0.0785938 0.0296092 
0.0188189 0.0336199 0.0761347 0.0901778 0.241401 0.0721804 0.0576256 0.0738771 0.0904564 0.245708 
0.0533989 0.128148 0.0728321 0.109034 0.0855203 0.129604 0.107404 0.0889804 0.106521 0.118557 
0.0231303 0.0325529 0.0516143 0.0827749 0.180026 0.0746453 0.0641376 0.11693 0.0659373 0.308251 
0.0817408 0.0688021 0.0951037 0.147595 0.0989687 0.20338 0.0380001 0.0493316 0.11822 0.0988575 
0.0556672 0.0561011 0.098282 0.161098 0.0866648 0.080074 0.0366274 0.205335 0.0712471 0.148903 
0.0335337 0.0548149 0.111548 0.151226 0.0989445 0.0778848 0.0590986 0.196227 0.0707548 0.145968 
0.0535692 0.139218 0.221199 0.185452 0.0283068 0.105842 0.0789049 0.0408136 0.0960712 0.0506236 
0.0577465 0.154814 0.126692 0.134592 0.0556488 0.120733 0.141715 0.0287304 0.118195 0.0611343 
0.0556782 0.0344444 0.394607 0.119362 0.047755 0.0581795 0.16797 0.0143061 0.0705432 0.0371544 
0.238374 0.0396489 0.086145 0.0622245 0.0802384 0.0838342 0.227758 0.0446255 0.075171 0.0619801 
0.119011 0.0538269 0.129991 0.0482196 0.0784109 0.172797 0.0743505 0.0618346 0.16471 0.096848 
0.065989 0.102045 0.116348 0.144188 0.046039 0.184963 0.0380145 0.0826209 0.12295 0.0968432 
0.0246335 0.0437874 0.0961577 0.166491 0.0623541 0.0611154 0.0276031 0.317473 0.0718094 0.128575 
0.0339802 0.0820389 0.0673505 0.101158 0.0892241 0.0788037 0.0317804 0.234816 0.0744045 0.206444 
0.0249547 0.133838 0.0908358 0.135655 0.105867 0.106276 0.0637321 0.081046 0.0911804 0.166615 
0.0286003 0.211934 0.0999859 0.152765 0.0558309 0.0966559 0.0967016 0.0743718 0.0977722 0.085383 
0.0940567 0.0642579 0.0715834 0.10691 0.0762649 0.161945 0.108069 0.0470901 0.149779 0.120045 
0.0205162 0.196914 0.0845566 0.162648 0.0764447 0.0737994 0.0856229 0.103254 0.0859356 0.110309 
0.112352 0.0298947 0.141789 0.0990896 0.0800856 0.114516 0.0920681 0.0424002 0.135049 0.152756 
0.188496 0.0417187 0.0912564 0.215133 0.0660126 0.0946533 0.075087 0.102475 0.0526243 0.0725436 
0.0500165 0.0572059 0.10424 0.245716 0.077137 0.154241 0.0332941 0.051372 0.116461 0.110317 
0.174713 0.0193656 0.108695 0.121026 0.0711658 0.141826 0.0862862 0.0789988 0.0768462 0.121078 
0.0340014 0.169019 0.0758058 0.12601 0.0699347 0.0947449 0.0931593 0.113323 0.0981895 0.125812 
0.0361305 0.0301459 0.0802034 0.0835782 0.114939 0.0702926 0.0590376 0.144469 0.12102 0.260184 
0.0156815 0.0376115 0.128693 0.122505 0.11632 0.0618919 0.0459172 0.133163 0.0852078 0.253008 
0.0360926 0.0220902 0.0887294 0.0519258 0.239183 0.0859521 0.0792503 0.111887 0.0866862 0.198204 
0.0396129 0.197743 0.122521 0.126729 0.0503846 0.10392 0.0961001 0.0921217 0.0935399 0.0773283 
0.0302853 0.0462026 0.0776724 0.0662979 0.0946095 0.0896385 0.0769963 0.116728 0.144113 0.257456 
0.0546375 0.0528925 0.262263 0.148969 0.0586089 0.10895 0.0818249 0.0409672 0.128755 0.0621326 
0.0318808 0.171493 0.0919442 0.134325 0.0767426 0.0939496 0.0910383 0.100095 0.0915565 0.116975 
0.0436372 0.177541 0.246806 0.13943 0.0302413 0.0896241 0.130408 0.00940041 0.108422 0.0244898 
0.0470949 0.0298997 0.0520585 0.0628276 0.168818 0.0568634 0.0735447 0.138674 0.0862739 0.283945 
0.0432083 0.0931563 0.154391 0.115017 0.0695375 0.0843627 0.0688771 0.140582 0.083207 0.147661 
0.0800381 0.0870054 0.0546053 0.0990423 0.10324 0.212682 0.0417609 0.119771 0.102791 0.0990638 
0.0449001 0.0340576 0.104372 0.0623345 0.138869 0.0943713 0.0710606 0.0991087 0.0674067 0.28352 
0.0376373 0.0762105 0.370359 0.174163 0.0259479 0.065713 0.164105 0.0101865 0.049005 0.0266725 
0.0444583 0.0802829 0.127922 0.107544 0.096165 0.123235 0.229978 0.0252791 0.0881658 0.0769691 
0.0287658 0.0318637 0.0693943 0.10639 0.238087 0.0876638 0.0329305 0.0948805 0.0529677 0.257056 
0.0483885 0.194998 0.107719 0.126917 0.0603297 0.118708 0.0866298 0.076074 0.0981581 0.082078 
0.0535943 0.0915826 0.0884217 0.107198 0.109828 0.167901 0.14417 0.0425964 0.110984 0.0837236 
0.0349726 0.0712373 0.0761814 0.126263 0.160466 0.133846 0.0724743 0.0643697 0.0994685 0.16072 
0.124397 0.0920342 0.215918 0.18968 0.0219571 0.133689 0.0873626 0.00606413 0.106495 0.0224037 
0.0341498 0.0244544 0.0841953 0.0625079 0.159989 0.106557 0.0654991 0.144811 0.0624218 0.255415 
0.0323635 0.0777181 0.288261 0.12624 0.112258 0.0402137 0.108841 0.036593 0.06877 0.108741 
0.186403 0.025424 0.109555 0.1124 0.0556706 0.147551 0.0539348 0.0861871 0.110945 0.111929 
0.0387718 0.0358302 0.0698753 0.125302 0.245417 0.0729887 0.0618877 0.0635265 0.0754766 0.210924 
0.355619 0.0156099 0.104592 0.139579 0.0415152 0.174258 0.0345556 0.0306824 0.0572134 0.046376 
0.298493 0.0222845 0.100952 0.11414 0.0239283 0.189735 0.113088 0.0429174 0.0721794 0.0222822 
0.0634285 0.0629433 0.307603 0.149959 0.0436439 0.131897 0.0904851 0.0116547 0.0906835 0.0477019 
0.0616012 0.0968628 0.125123 0.178967 0.0622231 0.121061 0.0319558 0.0521661 0.143233 0.126808 
0.0478555 0.125709 0.0988 0.111981 0.109289 0.0839783 0.144616 0.0974325 0.0652287 0.115109 
0.0344078 0.0445115 0.175527 0.0830248 0.14166 0.0441214 0.0894276 0.213465 0.0517019 0.122153 
0.0297364 0.196044 0.0790257 0.139783 0.0741326 0.0928872 0.100233 0.0947499 0.0982965 0.0951111 
0.0691257 0.0758583 0.222258 0.0842207 0.0879482 0.0896431 0.103817 0.0809171 0.0778493 0.108363 
0.028437 0.0523196 0.0797367 0.073717 0.186165 0.0986198 0.0829907 0.132356 0.107656 0.158003 
0.158926 0.0139317 0.251596 0.0520415 0.0127394 0.334051 0.0407513 0.011611 0.108062 0.0162889 
0.056882 0.138848 0.280636 0.170512 0.0217251 0.0971112 0.100456 0.0163445 0.0826654 0.0348186 
0.0357684 0.0845872 0.131498 0.090588 0.0981131 0.0800734 0.0783596 0.150284 0.102343 0.148386 
0.0323421 0.0441536 0.0926152 0.0578674 0.239276 0.0833788 0.0781317 0.113135 0.128519 0.13058 
0.0560613 0.132901 0.110747 0.211038 0.0689576 0.128967 0.104982 0.0308427 0.0894797 0.0660231 
0.0664609 0.0835904 0.115586 0.229183 0.0758131 0.138595 0.0866063 0.0408663 0.0901166 0.0731831 
0.36057 0.00735374 0.141733 0.0677908 0.0392635 0.107109 0.1376 0.0258697 0.0753156 0.037394 
0.254938 0.0113274 0.0898584 0.0542261 0.07194 0.129278 0.125583 0.0555821 0.0787904 0.128477 
0.0761097 0.0584492 0.113447 0.147398 0.11652 0.195738 0.0932858 0.0454295 0.097687 0.0559364 
0.0289527 0.20285 0.0792528 0.138504 0.0655224 0.0907541 0.0960841 0.0937866 0.105783 0.0985097 
0.0590323 0.0196071 0.0796418 0.074292 0.15883 0.0601562 0.0652692 0.136408 0.0963643 0.250399 
0.0705341 0.0878225 0.0533871 0.0574123 0.0880249 0.119897 0.374836 0.0160431 0.0751169 0.0569261 
0.0546745 0.0742793 0.0405964 0.0850927 0.139104 0.197591 0.0752362 0.0888141 0.132765 0.111847 
0.09952 0.0307753 0.180383 0.214991 0.090063 0.0998174 0.131308 0.0268834 0.0889954 0.0372634 
0.07551 0.0329739 0.128132 0.110767 0.113866 0.228508 0.148384 0.0165962 0.106278 0.0389844 
0.0389212 0.151087 0.0429022 0.110895 0.0807654 0.127215 0.0588419 0.156157 0.0847182 0.148497 
0.0449134 0.0809148 0.117485 0.156312 0.0556151 0.105274 0.0515602 0.168234 0.0951827 0.12451 
0.0180133 0.0451009 0.0497234 0.13865 0.112255 0.137018 0.0497452 0.124223 0.0742319 0.25104 
0.0650204 0.106627 0.0938528 0.259181 0.0638784 0.126726 0.0504609 0.0388877 0.113359 0.0820069 
0.110239 0.0651456 0.12096 0.103546 0.0775637 0.109 0.0705018 0.0947378 0.0922539 0.156053 
0.0570412 0.0384122 0.0889633 0.0713004 0.187685 0.0716044 0.109137 0.100959 0.0954882 0.17941 
0.0610542 0.100542 0.258123 0.105392 0.0245428 0.0960951 0.191362 0.00709975 0.113065 0.0427247 
0.275788 0.00896263 0.0778856 0.0401709 0.0825163 0.200316 0.0853798 0.0519816 0.0750345 0.101964 
0.0359955 0.0856741 0.0660552 0.0853929 0.0868551 0.110899 0.0534295 0.203297 0.0913497 0.181052 
0.0262719 0.20706 0.0971689 0.14223 0.0679428 0.086723 0.0876181 0.0933861 0.0900538 0.101545 
0.0289957 0.201443 0.0887194 0.120425 0.0686541 0.092924 0.0967227 0.0962542 0.0919162 0.113946 
0.0498182 0.124523 0.217361 0.194705 0.0476206 0.10189 0.113776 0.0249353 0.100688 0.0246824 
0.031585 0.209584 0.0891043 0.13521 0.0663078 0.0914122 0.0799434 0.111684 0.0863573 0.0988127 
0.0719127 0.0439164 0.135552 0.0940916 0.0838393 0.261535 0.046613 0.0536874 0.136386 0.0724662 
0.0762749 0.0782404 0.123571 0.27587 0.0626726 0.129098 0.0231303 0.0603556 0.0914988 0.079289 
0.06724 0.101203 0.153974 0.176202 0.0548056 0.134462 0.109758 0.0439619 0.103629 0.0547646 
0.0270655 0.028874 0.115083 0.105682 0.198549 0.0587423 0.0460891 0.0835876 0.075536 0.260791 
0.0630707 0.0516258 0.0967503 0.159348 0.0735009 0.0738221 0.0284351 0.246028 0.051389 0.15603 
0.0954215 0.0299132 0.108757 0.107741 0.108214 0.173905 0.0596243 0.0382085 0.153394 0.124821 
0.0634289 0.0709416 0.142692 0.0541934 0.107032 0.115384 0.27595 0.0238858 0.0931519 0.05334 
0.064207 0.0976902 0.107845 0.183365 0.0503493 0.122521 0.116693 0.0759395 0.0754227 0.105967 
0.0578028 0.0696078 0.110639 0.100797 0.125208 0.0868435 0.178398 0.0925619 0.0754927 0.10265 
0.0405536 0.191656 0.0787984 0.13121 0.0614312 0.100985 0.0768841 0.108205 0.0999875 0.110289 
0.108649 0.0788916 0.0607193 0.286961 0.0406353 0.18773 0.0450963 0.0320302 0.101974 0.0573135 
0.0527232 0.114465 0.0856413 0.110293 0.0656499 0.184594 0.15157 0.0286614 0.127719 0.0786831 
0.0244561 0.186628 0.0774382 0.161255 0.0642073 0.0776249 0.0715769 0.106211 0.091246 0.139357 
0.208312 0.0307561 0.103394 0.132204 0.0626147 0.133093 0.0574432 0.0525028 0.101811 0.11787 
0.0469833 0.0701649 0.0528744 0.0851533 0.0750048 0.313836 0.0741205 0.0316865 0.136927 0.113249 
0.0529301 0.177401 0.117806 0.105328 0.046623 0.103973 0.116134 0.0963035 0.109832 0.0736696 
0.0349044 0.0646352 0.110471 0.202545 0.0792443 0.0739003 0.0448752 0.157594 0.0790816 0.15275 
0.0208863 0.164323 0.0811144 0.153752 0.0713736 0.0982483 0.0829028 0.0714308 0.0937732 0.162196 
0.0744515 0.0360004 0.120157 0.107611 0.063196 0.251044 0.113885 0.0286826 0.111628 0.0933442 
0.247464 0.0422384 0.113907 0.148949 0.0369094 0.131639 0.0994338 0.0404042 0.113644 0.0254107 
0.0511872 0.0218999 0.10261 0.0532019 0.14655 0.0637274 0.23044 0.0416389 0.0890894 0.199655 
0.0562519 0.14613 0.141339 0.123239 0.0778196 0.0874228 0.0867618 0.0708404 0.116941 0.093255 
0.0916521 0.0998859 0.0706758 0.0791927 0.0811279 0.130532 0.138073 0.0469101 0.144702 0.117249 
0.0760415 0.0398929 0.0335654 0.126996 0.0832442 0.287947 0.0300877 0.0503559 0.116987 0.154882 
0.0601355 0.139326 0.0920121 0.116445 0.0801151 0.107293 0.0889162 0.110477 0.0908331 0.114447 
0.0408688 0.0995414 0.0375681 0.117078 0.124338 0.126977 0.0587536 0.135421 0.0808454 0.178608 
0.0354061 0.0452863 0.0799863 0.0819592 0.170813 0.0987713 0.0849367 0.109629 0.0879805 0.205231 
0.0327503 0.0380718 0.0987309 0.117927 0.309019 0.0420737 0.0711127 0.0938593 0.0574327 0.139023 
0.0385709 0.0365595 0.122737 0.0586653 0.0997404 0.0802442 0.329574 0.0463047 0.0625155 0.125088 
0.0548936 0.0432743 0.154701 0.149414 0.0717391 0.116972 0.0377965 0.165245 0.0873884 0.118575 
0.0291182 0.184102 0.247685 0.156964 0.0140761 0.088761 0.17926 0.0142203 0.0623006 0.0235126 
0.0740828 0.0435851 0.149459 0.0913407 0.0837237 0.21579 0.0679159 0.0421466 0.125164 0.106792 
0.193118 0.0312193 0.087499 0.0938923 0.0857113 0.167229 0.0731849 0.0611416 0.109594 0.0974107 
0.0648781 0.0788358 0.116005 0.0834238 0.0986637 0.0947556 0.156614 0.104798 0.0713909 0.130635 
0.0672997 0.0361123 0.145897 0.115005 0.124775 0.226499 0.0553489 0.0339803 0.104185 0.0908975 
0.0659877 0.0857257 0.137957 0.079355 0.0951454 0.121179 0.234359 0.0332199 0.0850715 0.0619994 
0.0786416 0.0547512 0.0894718 0.236716 0.0707617 0.139223 0.0208098 0.0811465 0.104684 0.123794 
0.0270503 0.0378395 0.0953836 0.210349 0.0677237 0.0857796 0.0406463 0.23881 0.0643876 0.13203 
0.0382936 0.129366 0.269612 0.170863 0.0200877 0.0971628 0.15783 0.0179361 0.0636804 0.035169 
0.166822 0.05249 0.166929 0.155614 0.0619316 0.116682 0.0940377 0.0529841 0.0813262 0.0511834 
0.0369938 0.0543837 0.185429 0.13452 0.0428267 0.171692 0.0457237 0.0432588 0.160857 0.124316 
0.0579246 0.0814973 0.138636 0.10314 0.0947602 0.0963911 0.0980068 0.0639376 0.138429 0.127277 
0.0697554 0.0418567 0.0940261 0.0523364 0.0692867 0.349659 0.0838189 0.0272932 0.119413 0.0925541 
0.0370347 0.0575596 0.0708678 0.115938 0.19582 0.0917022 0.0722292 0.108269 0.0768658 0.173714 
0.045797 0.162159 0.0994877 0.114723 0.079674 0.0964675 0.0756011 0.111474 0.0959032 0.118713 
0.0374593 0.187652 0.0911 0.13749 0.0749341 0.097156 0.0784029 0.0972982 0.0965255 0.101982 
0.0608833 0.0264462 0.0762112 0.0738972 0.23216 0.102694 0.0915461 0.0824613 0.0890652 0.164635 
0.210527 0.0199464 0.110468 0.0435791 0.0301501 0.358755 0.103016 0.00828425 0.0996628 0.0156108 
0.0345882 0.0899951 0.112231 0.208989 0.0751067 0.0596102 0.0577417 0.188813 0.0888351 0.0840902 
0.0470549 0.0609629 0.0996061 0.195585 0.0610692 0.156021 0.11234 0.0608626 0.0945724 0.111926 
0.0486092 0.0576316 0.0788709 0.124418 0.0984879 0.0794114 0.0476454 0.218932 0.0758249 0.170169 
0.0661112 0.0255987 0.117739 0.0468993 0.0804041 0.136767 0.346654 0.0537555 0.0533547 0.0727168 
0.0560352 0.189261 0.0991978 0.11637 0.063847 0.102496 0.0792325 0.116187 0.0900243 0.0873504 
0.103443 0.0637654 0.0600924 0.10709 0.114065 0.148167 0.129043 0.0786948 0.0933434 0.102295 
0.0416574 0.0722116 0.229063 0.114256 0.0926744 0.10061 0.09245 0.0684169 0.0897749 0.0988853 
0.0765134 0.165894 0.110843 0.138265 0.0600145 0.0966415 0.0723985 0.0815301 0.106072 0.0918273 
0.0180388 0.0463247 0.0525353 0.104719 0.131244 0.100778 0.0629482 0.164943 0.110277 0.208193 
0.0917624 0.015877 0.304367 0.109939 0.0644131 0.0751149 0.107231 0.0622707 0.0641977 0.104827 
0.106944 0.0295385 0.182257 0.122483 0.0857503 0.165018 0.0631209 0.0489051 0.100729 0.0952546 
0.0552423 0.0580093 0.149654 0.0489958 0.100591 0.121265 0.239266 0.060951 0.0728376 0.0931879 
0.0376001 0.155511 0.104266 0.135306 0.0769541 0.0902309 0.0672382 0.12163 0.0941962 0.117067 
0.0800295 0.0326716 0.0540205 0.0581907 0.142224 0.100554 0.0627519 0.143287 0.105793 0.220478 
0.0752972 0.0501132 0.0508767 0.127963 0.0628373 0.241818 0.138683 0.0335584 0.110762 0.10809 
0.0473371 0.0958478 0.330679 0.136691 0.0498601 0.0554231 0.16968 0.0208641 0.0639066 0.0297107 
0.0522808 0.0685384 0.108195 0.120318 0.0818266 0.21356 0.115816 0.0402916 0.118847 0.0803276 
0.0454781 0.0198624 0.0740578 0.0601736 0.195979 0.119701 0.116663 0.102618 0.095278 0.170189 
0.0683614 0.0292009 0.079809 0.0874516 0.285769 0.0630654 0.108084 0.0604511 0.0548906 0.162917 
0.232203 0.0277067 0.185899 0.0979128 0.0736863 0.117065 0.0634113 0.0328131 0.0970368 0.0722663 
0.0558699 0.109752 0.139802 0.144361 0.0529071 0.131067 0.0744025 0.0538983 0.149496 0.0884448 
0.0913802 0.0583185 0.10437 0.236524 0.0711108 0.179406 0.0616188 0.0574849 0.0770256 0.0627607 
0.0470662 0.0434244 0.107285 0.0800222 0.16355 0.110909 0.106402 0.109073 0.100516 0.131751 
0.0409457 0.0765903 0.199535 0.150993 0.0551451 0.0956635 0.0717286 0.103802 0.118024 0.0875724 
0.0251241 0.0227022 0.122852 0.099035 0.360193 0.0679528 0.0341718 0.0391469 0.0502971 0.178525 
0.089502 0.022188 0.05028 0.100245 0.0902324 0.17294 0.166789 0.041111 0.114613 0.152098 
0.220685 0.0181042 0.0991291 0.15461 0.0598904 0.164388 0.02241 0.0589702 0.0866806 0.115133 
0.0956216 0.0821452 0.120937 0.234922 0.0329392 0.145934 0.101842 0.0316202 0.106288 0.0477516 
0.024959 0.167462 0.080289 0.141609 0.0713232 0.0987368 0.0988394 0.0986248 0.105146 0.113011 
0.0282624 0.0368569 0.0616255 0.142393 0.0653957 0.0669111 0.0298752 0.32648 0.067172 0.175028 
0.04705 0.0999077 0.0921039 0.117669 0.0734635 0.10427 0.0475466 0.191644 0.0862088 0.140136 
0.045765 0.0357371 0.0310606 0.250234 0.05416 0.204808 0.0176865 0.116755 0.098829 0.144965 
0.0440422 0.0197347 0.0276144 0.10883 0.0718765 0.104121 0.0168137 0.315664 0.0915931 0.199711 
0.0301492 0.0645301 0.132893 0.104454 0.113287 0.0822365 0.0872636 0.0938542 0.0839108 0.207421 
0.0536891 0.0278914 0.0325882 0.0828743 0.0860698 0.0950446 0.0496464 0.26377 0.100699 0.207727 
