0.0764717 0.0427054 0.050813 0.179587 0.0679587 0.0874831 0.0179991 0.244145 0.0974482 0.135389 
0.0856671 0.0662233 0.289216 0.152322 0.0153007 0.154271 0.109432 0.00759351 0.0927648 0.0272083 
0.0521494 0.145629 0.122425 0.0981413 0.080158 0.104169 0.0796941 0.111266 0.102267 0.104102 
0.27427 0.0291818 0.0981733 0.102898 0.0413463 0.135368 0.0719688 0.0889473 0.0695781 0.0882689 
0.0958084 0.056885 0.0887721 0.0546121 0.211072 0.0678343 0.0950465 0.0906861 0.114793 0.124491 
0.0440429 0.184459 0.109073 0.127875 0.07962 0.0824612 0.0512015 0.121767 0.101029 0.0984708 
0.0663122 0.0505369 0.0379626 0.07174 0.210489 0.127655 0.0575472 0.110547 0.127139 0.140072 
0.0364993 0.105483 0.0784222 0.0836671 0.125397 0.100438 0.0554276 0.0794144 0.0988732 0.236378 
0.130768 0.0392696 0.0905217 0.0279058 0.167671 0.145812 0.227194 0.0318336 0.0865768 0.0524478 
0.0730921 0.0241169 0.035464 0.0531775 0.150046 0.0769536 0.0458825 0.207585 0.137409 0.196273 
0.272985 0.0352859 0.103366 0.0693918 0.0482185 0.160879 0.0775129 0.0484155 0.0994422 0.0845029 
0.0798524 0.0716649 0.138649 0.0955042 0.107651 0.077503 0.156544 0.0649221 0.100921 0.106789 
0.0579112 0.0410075 0.0768349 0.109661 0.121462 0.0947095 0.0515056 0.134553 0.119168 0.193187 
0.224081 0.0265784 0.118111 0.0725234 0.0574242 0.125057 0.0371324 0.0777605 0.112164 0.149168 
0.0324066 0.217269 0.103308 0.148262 0.0485047 0.0883749 0.084731 0.0647211 0.0981295 0.114292 
0.0816534 0.0489389 0.0838809 0.159782 0.079711 0.266312 0.0726001 0.0390474 0.102091 0.0659835 
0.0912094 0.0319546 0.0991171 0.0766977 0.135216 0.0626851 0.0564283 0.143848 0.128938 0.173906 
0.0787692 0.0168384 0.065617 0.210128 0.0601148 0.0695299 0.0169189 0.302245 0.0848417 0.0949966 
0.0620527 0.0462992 0.126177 0.122486 0.130955 0.143222 0.0728871 0.0534145 0.145498 0.0970085 
0.0852648 0.0624485 0.0641597 0.084895 0.19849 0.0929144 0.0807125 0.104256 0.101289 0.125569 
0.0721102 0.0604771 0.0250088 0.0979472 0.118325 0.0965096 0.0278392 0.194962 0.100745 0.206076 
0.0899933 0.0511919 0.116896 0.0861129 0.0839363 0.155557 0.193861 0.0432116 0.106936 0.0723041 
0.0686843 0.0553741 0.101795 0.0723556 0.1415 0.0668362 0.141468 0.150395 0.106007 0.0955852 
0.0816992 0.0563584 0.095955 0.0995948 0.12306 0.215702 0.122131 0.0425677 0.0957558 0.0671764 
0.101044 0.074539 0.0757118 0.0733365 0.208646 0.0743747 0.0726558 0.112072 0.0900081 0.117612 
0.498399 0.00704206 0.0530633 0.0220285 0.0473314 0.150995 0.094073 0.034581 0.0553005 0.0371864 
0.0611214 0.0389655 0.0754263 0.118804 0.0648518 0.115076 0.0442522 0.237179 0.0938942 0.15043 
0.0792953 0.0461282 0.0787691 0.0662366 0.22487 0.103203 0.0818238 0.0883886 0.0975972 0.133689 
0.317598 0.0183904 0.113031 0.110054 0.0261888 0.117091 0.034909 0.0682002 0.0896616 0.104876 
0.0406081 0.170113 0.0825838 0.124072 0.0740629 0.132713 0.0791349 0.0622374 0.112583 0.121892 
0.0553603 0.0472442 0.05925 0.204461 0.059325 0.14693 0.0309189 0.132938 0.103979 0.159594 
0.0407683 0.152442 0.0758264 0.13617 0.08183 0.105794 0.0720422 0.109029 0.101571 0.124527 
0.0352804 0.0462635 0.101705 0.183454 0.0876582 0.201883 0.0350463 0.0478758 0.146638 0.114195 
0.141445 0.0245936 0.145163 0.0322106 0.169698 0.141403 0.124302 0.0566606 0.0891843 0.0753398 
0.065137 0.0294369 0.0846474 0.135056 0.0870165 0.0763982 0.0281105 0.250541 0.109094 0.134562 
0.0903529 0.0725794 0.175612 0.150526 0.0642375 0.202994 0.0590971 0.0388149 0.115249 0.0305374 
0.0613224 0.0315189 0.104447 0.159347 0.059151 0.0741514 0.024427 0.228577 0.125044 0.132015 
0.0295972 0.194964 0.0756664 0.124419 0.0695338 0.118178 0.0734345 0.0760409 0.11961 0.118557 
0.0936102 0.112447 0.191734 0.154343 0.0283977 0.127232 0.0723772 0.0316696 0.114714 0.0734755 
0.0380112 0.193736 0.106486 0.117357 0.0493281 0.111164 0.0815131 0.0595358 0.130561 0.112308 
0.0588887 0.164455 0.0926471 0.114107 0.0674006 0.103847 0.082252 0.113192 0.0958626 0.107349 
0.0765768 0.0653091 0.0931312 0.148141 0.0800043 0.0791405 0.0449427 0.171185 0.0951755 0.146394 
0.03541 0.06189 0.0671884 0.0898702 0.245346 0.0752482 0.0397989 0.127397 0.103153 0.154698 
0.069809 0.119142 0.183976 0.127731 0.0842844 0.0866387 0.0635448 0.0362924 0.131477 0.0971052 
0.0735057 0.0680427 0.103852 0.19567 0.0643625 0.165656 0.0696481 0.0539632 0.106499 0.0988001 
0.0868634 0.0594693 0.0638397 0.136041 0.0787342 0.241483 0.0781014 0.0549578 0.0925358 0.107974 
0.0226295 0.158853 0.10122 0.174597 0.0780132 0.128584 0.0580868 0.0552421 0.0962935 0.12648 
0.0585532 0.0878705 0.150226 0.135558 0.0652562 0.0732581 0.220259 0.0565696 0.104026 0.0484233 
0.0236572 0.0364808 0.0385066 0.0668898 0.287423 0.0894803 0.0407017 0.0898809 0.126649 0.20033 
0.09847 0.0407594 0.0875049 0.0619962 0.238225 0.0503512 0.0704264 0.0986076 0.123763 0.129896 
0.117403 0.0419158 0.0878048 0.0917876 0.063836 0.180675 0.207039 0.0516285 0.0832104 0.0746993 
0.0864432 0.0343992 0.16501 0.224914 0.0789505 0.0981473 0.06899 0.0841419 0.0978668 0.0611373 
0.120414 0.0749062 0.067213 0.0710425 0.122294 0.198004 0.0779013 0.0880321 0.0893441 0.0908486 
0.0811288 0.080045 0.0792981 0.134888 0.0997037 0.178657 0.0773862 0.0581306 0.0965951 0.114167 
0.0538717 0.0333634 0.292456 0.0590867 0.0807227 0.0398737 0.239987 0.0314431 0.12253 0.0466658 
0.211174 0.0226864 0.101919 0.0806587 0.0533097 0.189193 0.0544556 0.0595599 0.117035 0.110009 
0.0584638 0.0211448 0.0846095 0.0541949 0.286983 0.0830975 0.0830116 0.0860172 0.122743 0.119734 
0.0469631 0.168575 0.125563 0.112003 0.0682194 0.0969318 0.0605621 0.106786 0.103402 0.110994 
0.0754492 0.0294178 0.0729404 0.0626368 0.156429 0.0788863 0.0526192 0.147315 0.119874 0.204432 
0.135401 0.0812113 0.0933157 0.0782209 0.0958979 0.168181 0.0534013 0.109056 0.106441 0.0788741 
0.0212889 0.0272585 0.120838 0.233253 0.0406334 0.074021 0.0230266 0.316426 0.0709526 0.0723012 
0.136604 0.0269735 0.172845 0.116972 0.0839188 0.131504 0.0646285 0.0369933 0.148704 0.0808567 
0.0662348 0.0454184 0.122797 0.0904786 0.13055 0.11202 0.109441 0.0920737 0.099105 0.131881 
0.0677055 0.10295 0.141157 0.234312 0.0804375 0.0835837 0.0479978 0.0447457 0.113149 0.083962 
0.0409435 0.0164875 0.090505 0.151487 0.117492 0.0577305 0.0218898 0.276281 0.1065 0.120683 
0.0589778 0.0797786 0.0753796 0.113391 0.158454 0.111983 0.0781827 0.0850155 0.109413 0.129424 
0.0882644 0.0767487 0.112796 0.124689 0.116322 0.08773 0.0976269 0.150887 0.0721051 0.0728307 
0.114703 0.0718689 0.0673725 0.0485565 0.270422 0.0673148 0.0835692 0.0885748 0.0864385 0.101179 
0.0493515 0.0348611 0.0836787 0.289735 0.0686568 0.141009 0.0312524 0.0661801 0.125303 0.109972 
0.407326 0.0348455 0.094487 0.0591204 0.0168893 0.164766 0.0978816 0.0300182 0.0715999 0.0230658 
0.0956748 0.0177186 0.0831813 0.208935 0.0588282 0.0393576 0.0196921 0.29621 0.0881665 0.0922356 
0.426663 0.017629 0.0979373 0.0425732 0.0245944 0.139827 0.0911762 0.0293282 0.0873774 0.0428945 
0.174238 0.0268883 0.205563 0.17329 0.0418415 0.142499 0.050892 0.0244429 0.115487 0.0448591 
0.0453967 0.079902 0.0588153 0.145723 0.0606209 0.0909921 0.0346462 0.178812 0.12269 0.182402 
0.0292967 0.188401 0.0877602 0.133439 0.0592843 0.116891 0.07514 0.069358 0.127361 0.113069 
0.0319158 0.0748172 0.101022 0.107319 0.0780223 0.0786971 0.0289106 0.225099 0.125857 0.148339 
0.0714409 0.108121 0.0930518 0.171762 0.0620174 0.170119 0.0538793 0.0501196 0.117581 0.101908 
0.0946339 0.131835 0.117079 0.0863989 0.0952961 0.0818792 0.0624657 0.0976226 0.105531 0.127258 
0.0389968 0.100925 0.0525991 0.141377 0.101702 0.109665 0.0499491 0.1121 0.123704 0.168982 
0.0590905 0.0239644 0.0281727 0.0735657 0.0597246 0.0727545 0.0118621 0.383702 0.116403 0.17076 
0.0764191 0.0592893 0.0636913 0.109959 0.0846355 0.128708 0.0517335 0.203373 0.0807232 0.141468 
0.119954 0.044792 0.116992 0.0733451 0.0832433 0.178998 0.16763 0.0521473 0.0822543 0.0806438 
0.078427 0.0414674 0.270992 0.184951 0.051891 0.0814722 0.0816831 0.0187036 0.136349 0.0540632 
0.0704208 0.0511717 0.0602256 0.100737 0.0985204 0.109776 0.0366815 0.245394 0.0843719 0.1427 
0.0511623 0.0916562 0.0938807 0.0679997 0.157716 0.142338 0.073136 0.0498164 0.170602 0.101693 
0.0517222 0.0301294 0.0284723 0.0662533 0.365272 0.0667299 0.0685073 0.0663157 0.124328 0.13227 
0.0467206 0.0962305 0.0608886 0.125069 0.0661224 0.0654542 0.0178133 0.276914 0.0986149 0.146173 
0.0721614 0.0353893 0.0558188 0.162619 0.119301 0.225754 0.0459846 0.0905715 0.0961887 0.0962106 
0.112469 0.0470825 0.128049 0.0595372 0.13983 0.087959 0.213494 0.0570998 0.0764802 0.077999 
0.0424137 0.19286 0.100205 0.120242 0.0828874 0.0934369 0.0789865 0.0853382 0.109947 0.0936827 
0.0912031 0.0826728 0.0559539 0.26506 0.0496827 0.119924 0.0171242 0.097442 0.106476 0.114461 
0.0718498 0.0754671 0.127834 0.0902246 0.0870273 0.145697 0.206108 0.0397579 0.0846712 0.0713632 
0.0677079 0.0732823 0.0957071 0.102204 0.130398 0.110724 0.100524 0.095123 0.0989926 0.125338 
0.0712148 0.0549637 0.0646354 0.247643 0.0450241 0.139757 0.0232837 0.117783 0.106969 0.128727 
0.0238278 0.224104 0.0894892 0.116214 0.0782747 0.144213 0.0585956 0.0475739 0.116452 0.101256 
0.0697908 0.0500322 0.0548248 0.0220304 0.309505 0.0546466 0.0999511 0.090578 0.0823916 0.166249 
0.0385581 0.145717 0.067121 0.13332 0.0766587 0.123028 0.0743604 0.109189 0.0957506 0.136298 
0.0341963 0.0768075 0.101132 0.139211 0.0952721 0.0880916 0.0450584 0.172992 0.123174 0.124066 
0.0967535 0.0518287 0.115197 0.0772121 0.0659814 0.210837 0.221789 0.0315291 0.0772931 0.0515788 
0.0622745 0.0434039 0.0930172 0.0579218 0.135444 0.0443465 0.0546167 0.145642 0.123221 0.240112 
0.0933315 0.0857213 0.120521 0.0859467 0.0903894 0.0619412 0.202944 0.0772534 0.0871366 0.094815 
0.235643 0.03566 0.101236 0.0539927 0.0437653 0.140358 0.081467 0.0565466 0.124843 0.126488 
0.0559684 0.025065 0.0289044 0.0935813 0.12632 0.259837 0.0200294 0.104663 0.145094 0.140537 
0.0673801 0.0640488 0.0731304 0.0701824 0.278725 0.102012 0.0819006 0.0928617 0.0655389 0.10422 
0.0694126 0.0550359 0.086906 0.0721869 0.108968 0.123202 0.074414 0.0926094 0.119862 0.197403 
0.0817594 0.0518443 0.105479 0.0807132 0.13495 0.104717 0.0658491 0.108223 0.113497 0.152969 
0.142689 0.021893 0.188733 0.185289 0.0577787 0.102976 0.0516645 0.0515155 0.136581 0.0608806 
0.0885576 0.159803 0.10691 0.112433 0.071025 0.0979405 0.0934564 0.0655547 0.108378 0.0959423 
0.0538187 0.0608243 0.0391471 0.0955448 0.158986 0.109224 0.0593931 0.115046 0.106259 0.201757 
0.104001 0.0677931 0.0941032 0.0596046 0.15123 0.0963522 0.0841549 0.113655 0.103419 0.125687 
0.0686894 0.105278 0.0884443 0.187543 0.0655473 0.115538 0.0465515 0.039921 0.156358 0.126129 
0.0386846 0.149646 0.107332 0.14055 0.0672587 0.0685792 0.04058 0.158232 0.107805 0.121333 
0.0928712 0.0851058 0.0895652 0.187746 0.0596351 0.154095 0.0502958 0.0613096 0.102678 0.116699 
0.0445408 0.0774821 0.0842009 0.111693 0.114376 0.0733262 0.0586576 0.132304 0.119176 0.184243 
0.0408236 0.084331 0.132192 0.0930357 0.105354 0.0683456 0.0579453 0.170201 0.0946193 0.153153 
0.0589898 0.0823246 0.0963991 0.0736893 0.1438 0.087002 0.128962 0.0787134 0.0972015 0.152918 
0.0379082 0.0609175 0.0915688 0.0961746 0.191183 0.0928153 0.0761775 0.113914 0.106499 0.132841 
0.0512232 0.0312251 0.0600071 0.0506092 0.32986 0.0530107 0.0892418 0.0550823 0.127388 0.152352 
0.0827902 0.064394 0.0959095 0.0787296 0.110891 0.102619 0.0690733 0.118077 0.119365 0.158152 
0.0945648 0.0504486 0.134598 0.0698062 0.0849529 0.134629 0.092559 0.104162 0.119236 0.115043 
0.0668204 0.028525 0.0846642 0.14988 0.0920778 0.222999 0.0462569 0.0441209 0.151035 0.11362 
0.10802 0.0375039 0.127619 0.0673538 0.133595 0.0964901 0.0921356 0.0933448 0.131216 0.112721 
0.0504121 0.0595845 0.0948986 0.150355 0.108502 0.103036 0.0410188 0.203306 0.0807905 0.108098 
0.0754343 0.0812101 0.0968484 0.101325 0.096085 0.108724 0.1858 0.0763705 0.0831912 0.0950105 
0.0322953 0.0387013 0.0262787 0.0875125 0.18558 0.039425 0.0350637 0.229634 0.144416 0.181093 
0.0517476 0.105778 0.0955862 0.0998876 0.126246 0.0655883 0.0821647 0.0740894 0.120639 0.178274 
0.175925 0.0237126 0.158641 0.229264 0.0404804 0.128069 0.0328675 0.0773504 0.0542233 0.0794671 
0.107816 0.0700733 0.0715986 0.0758095 0.125236 0.224446 0.0550966 0.0579285 0.123501 0.0884943 
0.0231716 0.0500066 0.0906705 0.18225 0.0754765 0.126183 0.0252934 0.065493 0.208845 0.152611 
0.0993655 0.047984 0.0825094 0.114775 0.094048 0.213173 0.0592757 0.0622704 0.114341 0.112258 
0.0780848 0.0300396 0.0760012 0.0664591 0.110012 0.149011 0.239966 0.0594995 0.0831383 0.107789 
0.0672753 0.0304569 0.0953393 0.0528987 0.0864805 0.15161 0.325463 0.033788 0.087743 0.0689445 
0.0715618 0.0311419 0.115295 0.124592 0.0428755 0.282422 0.108086 0.0289491 0.118876 0.0762001 
0.0549426 0.0263151 0.12272 0.0909512 0.125585 0.0425512 0.0338148 0.261341 0.106063 0.135716 
0.0453172 0.0795549 0.0845664 0.13004 0.0930341 0.130726 0.0609049 0.0631642 0.175825 0.136868 
0.0309634 0.223749 0.107522 0.129675 0.0490183 0.0917377 0.0792155 0.0572141 0.125405 0.1055 
0.256374 0.0275947 0.104841 0.0891558 0.0510568 0.15595 0.078525 0.0557896 0.104198 0.0765151 
0.0480158 0.197249 0.116905 0.118372 0.0575585 0.0816501 0.0879073 0.0711034 0.111079 0.110161 
0.105825 0.0710538 0.145231 0.0763349 0.0877684 0.102814 0.174199 0.07046 0.0771671 0.0891459 
0.0942782 0.0438486 0.0785763 0.0382814 0.209531 0.0598241 0.0671184 0.125042 0.176577 0.106924 
0.0879336 0.0593344 0.0937594 0.103386 0.0905789 0.153539 0.185925 0.054604 0.0867365 0.084204 
0.0852019 0.0398354 0.0888435 0.159084 0.0501097 0.0665866 0.0256586 0.311175 0.0865011 0.0870038 
0.058579 0.0411666 0.166223 0.188982 0.0920914 0.0754988 0.0219206 0.111848 0.154675 0.089016 
0.0371501 0.204298 0.121934 0.114889 0.060012 0.0939534 0.0855021 0.0795679 0.106063 0.0966308 
0.06599 0.0539385 0.144644 0.0792172 0.104044 0.0677655 0.0587214 0.161097 0.100197 0.164384 
0.0455544 0.166008 0.088129 0.135001 0.0709834 0.113882 0.084043 0.0754497 0.104857 0.116092 
0.0561025 0.0456835 0.0941969 0.0855509 0.143938 0.121217 0.0661987 0.0920567 0.156158 0.138898 
0.0604593 0.0474877 0.221752 0.247343 0.0879302 0.154989 0.0582275 0.0239479 0.0729275 0.0249361 
0.205581 0.0351473 0.110736 0.0979074 0.045436 0.153081 0.096629 0.0555075 0.106286 0.0936881 
0.0570136 0.0887206 0.0864529 0.0889712 0.116011 0.070545 0.0950713 0.0579896 0.0909736 0.248251 
0.0755407 0.0499868 0.0860936 0.0987259 0.134255 0.100202 0.0750391 0.0880339 0.110458 0.181665 
0.102566 0.0283416 0.114923 0.0784972 0.0958259 0.0872251 0.0413312 0.0506266 0.179093 0.22157 
0.0935964 0.0444974 0.0905433 0.049725 0.116114 0.247585 0.0487777 0.0743463 0.140989 0.0938253 
0.0832125 0.0650836 0.105064 0.125668 0.0636465 0.16163 0.0785498 0.0593673 0.124229 0.133549 
0.0393597 0.16898 0.0872316 0.12504 0.0803835 0.0846836 0.0866217 0.111879 0.0904764 0.125345 
0.083926 0.0528799 0.0393387 0.0503883 0.212537 0.245136 0.117429 0.0349125 0.0975116 0.0659412 
0.0985018 0.0231596 0.0941011 0.0615038 0.133306 0.119443 0.247008 0.0701492 0.0816898 0.0711377 
0.252203 0.0255254 0.112093 0.0719025 0.0521129 0.123361 0.0832021 0.0715826 0.0958957 0.112122 
0.119679 0.0786065 0.149507 0.196656 0.0349737 0.117432 0.0615007 0.108443 0.0842335 0.0489695 
0.0619664 0.119577 0.0801555 0.101544 0.146807 0.0947368 0.0875582 0.0893543 0.0872498 0.131051 
0.0385065 0.0613027 0.10842 0.0806425 0.224298 0.0949788 0.0780914 0.0868471 0.102983 0.123931 
0.0965457 0.039834 0.105524 0.0861221 0.0950004 0.156156 0.253866 0.0487004 0.0566578 0.0615936 
0.0789988 0.0353433 0.0780813 0.12481 0.0740639 0.33863 0.0291523 0.029135 0.141313 0.0704726 
0.054004 0.0263934 0.0547469 0.0739014 0.274341 0.0546001 0.0431525 0.162762 0.0882909 0.167808 
0.052314 0.0327159 0.104761 0.0827089 0.126225 0.0705813 0.208629 0.12822 0.0761148 0.11773 
0.0680117 0.0428516 0.0849762 0.149083 0.0757689 0.23115 0.0798823 0.0360964 0.115981 0.116199 
0.104622 0.0416694 0.0852284 0.0660074 0.188905 0.0836761 0.0710725 0.0953576 0.123577 0.139885 
0.0737732 0.0955443 0.0663893 0.109899 0.101573 0.232079 0.0675267 0.0679364 0.0904957 0.0947835 
0.0413066 0.192419 0.0961331 0.126201 0.0553133 0.1242 0.0881664 0.0671342 0.111698 0.0974285 
0.0693873 0.0535008 0.0530605 0.0928722 0.219413 0.0923114 0.0597218 0.1059 0.10528 0.148553 
0.0534229 0.067011 0.0719725 0.094267 0.19715 0.0962569 0.0837344 0.108214 0.0992088 0.128763 
0.0539021 0.0726323 0.101303 0.147006 0.0478921 0.0468465 0.0218083 0.276527 0.107049 0.125035 
0.13062 0.0583061 0.193114 0.174207 0.0342668 0.152932 0.0529376 0.0139179 0.142738 0.0469608 
0.129068 0.063552 0.0910061 0.15902 0.0774381 0.128845 0.0376029 0.0761807 0.113593 0.123694 
0.0948076 0.107583 0.223288 0.109943 0.0687176 0.0763464 0.0952602 0.0414719 0.0965924 0.0859897 
0.0599992 0.110994 0.0766953 0.146594 0.0794795 0.113221 0.0433821 0.147481 0.0899864 0.132167 
0.0559099 0.18465 0.101403 0.112561 0.0625697 0.103916 0.0798912 0.0877244 0.104948 0.106427 
0.0500833 0.0574619 0.122157 0.152863 0.104245 0.116589 0.0782429 0.0721845 0.128319 0.117854 
0.0291431 0.212423 0.092699 0.127614 0.0578219 0.0894023 0.0853056 0.0819258 0.108242 0.115423 
0.0430563 0.103424 0.117166 0.145462 0.0529512 0.140476 0.0791665 0.0365403 0.173294 0.108462 
0.0275343 0.189394 0.088611 0.128324 0.0734102 0.0857899 0.0625748 0.109243 0.0951995 0.139919 
0.0450022 0.0775948 0.135269 0.131618 0.0578572 0.121762 0.104621 0.0367955 0.165209 0.124271 
0.0667299 0.0728383 0.102308 0.118809 0.0986774 0.17983 0.0870112 0.0564842 0.121669 0.0956428 
0.433035 0.0195354 0.0737139 0.0741964 0.0378616 0.172821 0.0678758 0.0293819 0.0566398 0.0349393 
0.0954606 0.0849735 0.0795157 0.12557 0.0890987 0.128819 0.093415 0.0562842 0.14952 0.0973432 
0.0702307 0.0497445 0.0648054 0.05373 0.211934 0.0562909 0.0907071 0.099614 0.113692 0.189251 
0.071444 0.0687856 0.28206 0.26738 0.015849 0.08102 0.037986 0.016125 0.120814 0.0385362 
0.0703327 0.0414012 0.145281 0.13729 0.0766316 0.205084 0.0425584 0.0307493 0.126294 0.124378 
0.443212 0.0186179 0.0645887 0.045491 0.0246856 0.162809 0.0415677 0.0401365 0.110703 0.0481878 
0.054173 0.145218 0.0881431 0.13927 0.0891391 0.115186 0.0727677 0.0879912 0.0954172 0.112695 
0.0398254 0.21594 0.0869306 0.117314 0.0782126 0.0712922 0.0547256 0.110796 0.114641 0.110323 
0.0380051 0.152892 0.0846698 0.135768 0.0874109 0.140997 0.0765847 0.0787435 0.0922283 0.112701 
0.286593 0.02626 0.0590742 0.0919047 0.0770586 0.21531 0.058872 0.0592511 0.0730897 0.0525869 
0.0321309 0.0461073 0.0921301 0.149332 0.127542 0.103873 0.0558572 0.137795 0.119606 0.135626 
0.201682 0.0189254 0.103954 0.112836 0.0532294 0.155324 0.0289038 0.0859062 0.105138 0.134101 
0.0507378 0.0758745 0.129657 0.12629 0.0823397 0.151557 0.0900573 0.0589451 0.128854 0.105688 
0.0319521 0.193003 0.106765 0.118266 0.0605777 0.108499 0.100208 0.0540554 0.126351 0.100323 
0.0502688 0.0442269 0.0946899 0.065623 0.102287 0.143404 0.300445 0.0284279 0.103259 0.0673698 
0.0448204 0.0428938 0.0805326 0.110463 0.179228 0.104481 0.0558357 0.1271 0.11424 0.140406 
0.0735379 0.0729432 0.196911 0.219514 0.032696 0.075304 0.0607148 0.0594011 0.135697 0.0732799 
0.0860088 0.0209046 0.12519 0.431596 0.0176712 0.165256 0.0186816 0.0174006 0.0662518 0.0510396 
0.190016 0.0525941 0.129101 0.0545356 0.0850379 0.0547929 0.240727 0.064868 0.0681835 0.0601437 
0.0618574 0.164343 0.114454 0.12909 0.0919983 0.077311 0.0770196 0.0961354 0.0935186 0.0942733 
0.0445259 0.162887 0.0896127 0.136554 0.0769036 0.0917215 0.083049 0.0884706 0.100014 0.126262 
0.0525919 0.152021 0.116235 0.101195 0.0765689 0.0993949 0.070723 0.117943 0.108956 0.10437 
0.0670254 0.0810801 0.0814315 0.188199 0.0863664 0.140968 0.0591896 0.0643759 0.120414 0.110949 
0.0357445 0.0397109 0.042989 0.0831133 0.120729 0.165237 0.0467153 0.0981203 0.114498 0.253142 
0.0710565 0.0451216 0.0618478 0.099592 0.10506 0.251143 0.0733352 0.063116 0.121152 0.108576 
0.0980624 0.0610937 0.294024 0.116809 0.0683005 0.0717475 0.0950057 0.0395182 0.095281 0.0601577 
0.0231302 0.0943053 0.0280676 0.0640574 0.133083 0.134841 0.0406875 0.114238 0.0953575 0.272232 
0.0717613 0.0287556 0.0778623 0.0870234 0.163275 0.126801 0.0696168 0.145943 0.101649 0.127312 
0.108501 0.0543806 0.0505897 0.0934148 0.100425 0.138405 0.0508704 0.18926 0.0972178 0.116937 
0.0234387 0.0795957 0.0509749 0.0940815 0.104196 0.119881 0.0563211 0.143633 0.0955946 0.232283 
0.0658958 0.0896063 0.1082 0.18194 0.0782323 0.0775303 0.0426051 0.106686 0.097675 0.151629 
0.031954 0.0519384 0.0904135 0.129938 0.149521 0.0881752 0.0425686 0.106875 0.118359 0.190257 
0.296076 0.0232244 0.07991 0.0897514 0.0573672 0.120603 0.0516368 0.0904897 0.0989201 0.0920211 
0.0635372 0.0518298 0.104371 0.265566 0.0697913 0.0979284 0.0455466 0.0848689 0.0894946 0.127066 
0.0971434 0.0906585 0.0654685 0.0768506 0.128339 0.19248 0.135953 0.0277715 0.12717 0.0581654 
0.0780435 0.0554655 0.0692089 0.112837 0.0990133 0.161786 0.0352471 0.159743 0.117364 0.111292 
0.103271 0.069059 0.0498288 0.16053 0.0667824 0.240026 0.0425711 0.0790402 0.0896678 0.0992234 
0.0762278 0.0355422 0.0567619 0.0789419 0.0866922 0.113574 0.026137 0.238672 0.105204 0.182246 
0.0932103 0.0315495 0.240976 0.173426 0.0671379 0.0633847 0.10304 0.0491625 0.102699 0.0754141 
0.122696 0.0154361 0.449987 0.0762712 0.0359685 0.0855694 0.0418944 0.0361049 0.079063 0.0570088 
0.0757494 0.0394853 0.0728304 0.124255 0.066927 0.0690966 0.0249084 0.289134 0.0877642 0.14985 
0.0771405 0.132128 0.109296 0.102368 0.0942377 0.105461 0.0822424 0.111298 0.0926567 0.0931718 
0.1103 0.0516712 0.180491 0.164389 0.058354 0.142093 0.0462586 0.0466235 0.152111 0.0477085 
0.0330452 0.0666853 0.0918224 0.155271 0.107135 0.162407 0.0397507 0.0729957 0.176166 0.0947216 
0.0948594 0.0654387 0.0989551 0.0872325 0.153737 0.0885706 0.109989 0.0730197 0.0999043 0.128294 
0.0501435 0.195154 0.13218 0.110964 0.0614744 0.0962455 0.0718425 0.0803366 0.094378 0.107281 
0.0783923 0.100071 0.0751881 0.1317 0.0827757 0.0694406 0.0359092 0.177615 0.089294 0.159614 
0.104143 0.104195 0.0890054 0.184296 0.0353001 0.161154 0.0505076 0.0994568 0.078626 0.0933158 
0.0771079 0.145465 0.0889248 0.179777 0.077214 0.129862 0.0380022 0.0582784 0.103819 0.10155 
0.0562843 0.0631808 0.149092 0.0797357 0.083018 0.168612 0.123876 0.0210328 0.158535 0.0966337 
0.0490649 0.0358235 0.0717474 0.144223 0.0580118 0.106276 0.0124486 0.202989 0.167639 0.151776 
0.0682865 0.0717921 0.0715607 0.15091 0.0668942 0.0973276 0.041445 0.193426 0.0923595 0.145998 
0.0853915 0.0390883 0.120665 0.0861069 0.104065 0.114428 0.0634095 0.149713 0.0910361 0.146097 
0.0624134 0.048811 0.26681 0.198876 0.048099 0.0607321 0.114011 0.0525644 0.0968307 0.0508527 
0.0458841 0.131087 0.174923 0.185941 0.0586733 0.0555107 0.148004 0.0487276 0.0928122 0.0584374 
0.0816399 0.0478499 0.0523467 0.0401743 0.312191 0.0469245 0.0951546 0.0886881 0.0812821 0.153749 
0.0347396 0.219193 0.089352 0.116581 0.0646915 0.0948893 0.0890675 0.0840668 0.0988957 0.108524 
0.0730688 0.0523233 0.093961 0.137802 0.0651783 0.197448 0.0908592 0.0426589 0.126421 0.12028 
0.0614951 0.0472796 0.112234 0.139303 0.0866761 0.137987 0.0693425 0.0789001 0.14408 0.122702 
0.119046 0.0329779 0.0916615 0.0506508 0.0808622 0.098873 0.0624505 0.0769254 0.235256 0.151297 
0.0335761 0.0416602 0.10957 0.112848 0.147613 0.0779536 0.0751366 0.198119 0.0853425 0.118181 
0.0731465 0.10074 0.171165 0.146841 0.070834 0.0852504 0.0735113 0.094774 0.074174 0.109564 
0.0801055 0.104076 0.0621005 0.165147 0.0646837 0.172302 0.100329 0.0710428 0.0993606 0.0808533 
0.386358 0.0149797 0.161903 0.0548867 0.0294038 0.123599 0.0714551 0.0205028 0.100788 0.0361252 
0.0474442 0.102287 0.127417 0.114479 0.0925815 0.104545 0.108159 0.0471591 0.119377 0.136551 
0.0861341 0.0311629 0.0479342 0.0274751 0.366027 0.0529943 0.0818018 0.0772634 0.099906 0.129301 
0.0601685 0.176634 0.15491 0.178212 0.0448165 0.0948622 0.117777 0.0478403 0.0896085 0.0351718 
0.0316183 0.0616178 0.0691105 0.0917934 0.22549 0.10685 0.0605825 0.0725823 0.0958742 0.184481 
0.0639143 0.135298 0.0961971 0.120932 0.0630423 0.140026 0.0918303 0.0654453 0.128971 0.094344 
0.0367121 0.0707682 0.0652672 0.0723989 0.157491 0.0797625 0.0544836 0.126427 0.107827 0.228863 
0.0854188 0.0637407 0.0689942 0.113966 0.112793 0.229431 0.0506926 0.0554867 0.106211 0.113266 
0.0732662 0.0425011 0.102584 0.154019 0.0702201 0.0641094 0.0247083 0.210954 0.109039 0.148599 
0.0505178 0.0629879 0.0954022 0.155269 0.0865166 0.0881627 0.0357427 0.204997 0.0880484 0.132355 
0.0562268 0.167061 0.182926 0.173426 0.0370002 0.103008 0.0668761 0.0455176 0.0977618 0.0701949 
0.0380672 0.159529 0.132368 0.123149 0.0476951 0.13308 0.0975387 0.0376098 0.137314 0.0936501 
0.1045 0.0232484 0.35973 0.123047 0.0496897 0.0698934 0.12044 0.0213602 0.0911701 0.0369211 
0.319209 0.0442255 0.0980186 0.0543344 0.067725 0.0961745 0.120327 0.0605492 0.0752305 0.0642063 
0.0832992 0.0365451 0.137135 0.0733606 0.0943406 0.165514 0.054229 0.0537949 0.206229 0.0955521 
0.077916 0.122116 0.0818332 0.110159 0.0477723 0.20621 0.03739 0.0935374 0.131182 0.0918841 
0.0585611 0.0349257 0.0966026 0.201749 0.048423 0.0558331 0.0184464 0.283563 0.0861671 0.115729 
0.0528845 0.0885936 0.0705628 0.134748 0.0751994 0.0864655 0.025391 0.21313 0.0965863 0.156438 
0.0366453 0.118705 0.0832899 0.127223 0.119389 0.118939 0.0517447 0.0769722 0.107115 0.159977 
0.0282211 0.217014 0.106399 0.133725 0.051541 0.100337 0.0867276 0.0556866 0.11609 0.104258 
0.140637 0.0532676 0.0764754 0.127919 0.05713 0.13715 0.0880664 0.0520498 0.144125 0.123179 
0.0244212 0.217502 0.08414 0.141744 0.0674566 0.084512 0.0758322 0.0769101 0.0955916 0.13189 
0.0860957 0.0256961 0.1314 0.120064 0.0937466 0.135338 0.0592005 0.0428597 0.167188 0.138411 
0.280621 0.0496448 0.0953341 0.149465 0.035896 0.0900836 0.0702862 0.120654 0.0599289 0.0480862 
0.0546049 0.0480255 0.09086 0.176756 0.0588331 0.211429 0.0256065 0.0492264 0.156998 0.12766 
0.241847 0.0288096 0.114953 0.0962906 0.0549144 0.10587 0.0956777 0.0841772 0.0927744 0.0846861 
0.0323484 0.182178 0.0895992 0.127688 0.0680014 0.0978182 0.0917964 0.0865889 0.101629 0.122351 
0.0801574 0.0508914 0.0878367 0.0876119 0.107849 0.0723324 0.040411 0.119703 0.140772 0.212434 
0.0302066 0.0470772 0.0931946 0.0957406 0.100604 0.0471438 0.0474619 0.154863 0.143322 0.240386 
0.0593098 0.0367523 0.0799253 0.0698851 0.191785 0.0911927 0.0817115 0.126773 0.127481 0.135185 
0.0336433 0.245989 0.117164 0.127131 0.0447367 0.0888105 0.0694009 0.065085 0.113113 0.0949272 
0.0475588 0.0444885 0.0994442 0.104423 0.0946127 0.0886923 0.0463871 0.0961828 0.193581 0.18463 
0.112295 0.0462173 0.201873 0.123208 0.053595 0.108522 0.0870153 0.0557226 0.134972 0.0765807 
0.0359194 0.188476 0.0946947 0.123912 0.0715182 0.0847671 0.0929648 0.102679 0.0879123 0.117157 
0.0642296 0.139928 0.202224 0.187674 0.0369814 0.0815686 0.102736 0.0241529 0.116008 0.0444965 
0.0648899 0.0377827 0.0638305 0.0917784 0.118321 0.0811039 0.0523525 0.132016 0.130574 0.227351 
0.0613637 0.108023 0.10723 0.126683 0.0788835 0.0841508 0.0563136 0.143216 0.100231 0.133905 
0.0702763 0.0542036 0.057611 0.143977 0.12929 0.20197 0.0380197 0.112595 0.0956639 0.0963932 
0.0836538 0.0576207 0.0911923 0.0735698 0.0995525 0.086196 0.0817572 0.119616 0.116133 0.190709 
0.0413383 0.0636124 0.277159 0.222009 0.0510123 0.074737 0.100759 0.0276998 0.105765 0.0359086 
0.0493101 0.0556226 0.149146 0.119523 0.0695088 0.18614 0.19381 0.0229039 0.101225 0.0528101 
0.0584688 0.0192031 0.0441835 0.0868427 0.331663 0.0422504 0.0580373 0.0952596 0.0800193 0.184073 
0.0540864 0.165077 0.110272 0.121682 0.0611486 0.128659 0.0546143 0.0793308 0.120314 0.104816 
0.0669467 0.0705079 0.0983451 0.0962733 0.10151 0.215596 0.117394 0.038081 0.106884 0.0884617 
0.0410551 0.123534 0.0710599 0.0683361 0.148449 0.150507 0.0751988 0.0561222 0.11305 0.152688 
0.0922974 0.117546 0.143463 0.221771 0.0309907 0.177494 0.0634036 0.0137114 0.110075 0.0292483 
0.0605657 0.0516468 0.0888283 0.0654485 0.110613 0.0953231 0.0609043 0.15237 0.0995324 0.214768 
0.0415978 0.110301 0.250855 0.0967996 0.100451 0.059321 0.0955211 0.0311681 0.109909 0.104076 
0.173443 0.028823 0.142874 0.124095 0.0362011 0.153919 0.0356899 0.0632198 0.117258 0.124478 
0.0457969 0.0791634 0.0577077 0.0871208 0.216044 0.0913727 0.0591129 0.0733622 0.100606 0.189713 
0.469698 0.0169884 0.0687125 0.118671 0.0156203 0.151458 0.0455593 0.0352133 0.0487795 0.0293001 
0.318303 0.0340639 0.102341 0.0831601 0.0345873 0.175874 0.0969275 0.0457512 0.076736 0.0322569 
0.0855628 0.0938772 0.19361 0.170286 0.0351006 0.110663 0.13052 0.0194706 0.115244 0.0456661 
0.0816093 0.107961 0.0920238 0.182838 0.0444716 0.137061 0.0203606 0.0606767 0.16079 0.112208 
0.0530248 0.11559 0.112055 0.0895125 0.119131 0.111535 0.0995675 0.0913897 0.0948237 0.113371 
0.0376303 0.0578654 0.144273 0.0905282 0.121439 0.0621825 0.0444129 0.220279 0.0923687 0.129021 
0.0307692 0.202054 0.095598 0.121861 0.0625365 0.104803 0.103189 0.0687585 0.11226 0.0981709 
0.0645394 0.0510291 0.138606 0.111889 0.0855956 0.0805768 0.0731678 0.107601 0.129101 0.157894 
0.0366497 0.0590133 0.0714735 0.0914339 0.192141 0.103249 0.0636303 0.11537 0.117175 0.149865 
0.176485 0.0178543 0.22611 0.0584403 0.0318884 0.292867 0.0494635 0.0140893 0.111939 0.0208633 
0.0477558 0.148563 0.253734 0.163286 0.0350337 0.0808647 0.104413 0.0283074 0.0942388 0.0438037 
0.050383 0.0843763 0.123496 0.11007 0.102695 0.0735037 0.0464129 0.124285 0.106332 0.178447 
0.0528397 0.0608371 0.0659697 0.0725672 0.222067 0.100775 0.0648917 0.104384 0.138691 0.116978 
0.0611971 0.100989 0.123556 0.207686 0.0504726 0.152613 0.0648079 0.0459584 0.10997 0.0827501 
0.0595592 0.0986396 0.0927611 0.172345 0.0991564 0.129136 0.067686 0.0604733 0.11803 0.102213 
0.495322 0.00512063 0.114975 0.0346531 0.0212071 0.0751476 0.0811895 0.0298466 0.0858589 0.0566795 
0.381551 0.0154579 0.0724963 0.0628741 0.0529634 0.103802 0.0884585 0.0542714 0.0900123 0.0781128 
0.0647904 0.0494074 0.109528 0.147754 0.141114 0.188878 0.0703131 0.04071 0.106499 0.0810068 
0.0282478 0.215848 0.0857471 0.137534 0.0544307 0.112266 0.0884269 0.0597677 0.113327 0.104404 
0.109573 0.0279408 0.123055 0.0570068 0.134874 0.0470568 0.0403767 0.12301 0.153931 0.183175 
0.0746745 0.069777 0.0522809 0.0683996 0.126914 0.151622 0.212359 0.0324958 0.132103 0.0793743 
0.0461217 0.110876 0.0317647 0.0612361 0.162313 0.195345 0.0695458 0.0899272 0.155279 0.0775912 
0.0987965 0.035884 0.142597 0.221019 0.0883355 0.108035 0.061455 0.0447444 0.134434 0.0646989 
0.0851055 0.0421549 0.098182 0.104899 0.110172 0.250336 0.116169 0.0184191 0.11177 0.0627926 
0.0259708 0.120769 0.0788839 0.136253 0.0566811 0.112741 0.0367836 0.168393 0.126927 0.136598 
0.0636162 0.0921769 0.0925143 0.159381 0.0614624 0.10382 0.0361474 0.165468 0.108286 0.117128 
0.0420037 0.083999 0.0537904 0.12354 0.100816 0.144698 0.0406827 0.132008 0.0926869 0.185775 
0.0831402 0.106394 0.0904977 0.225657 0.064442 0.11327 0.0354351 0.0628051 0.113302 0.105057 
0.130673 0.10913 0.107621 0.0859925 0.0637452 0.119685 0.0755401 0.105058 0.0904766 0.112079 
0.0647896 0.0410113 0.132608 0.0883624 0.162526 0.0793768 0.0696552 0.101271 0.122346 0.138054 
0.0549149 0.11332 0.189875 0.171935 0.0275532 0.117754 0.120642 0.013499 0.13002 0.0604868 
0.338545 0.0139679 0.0587379 0.0481199 0.05561 0.163397 0.0903134 0.0617263 0.0793341 0.090249 
0.0472048 0.106217 0.100872 0.0879642 0.0626923 0.0949517 0.037034 0.199204 0.114114 0.149746 
0.0262278 0.218934 0.097098 0.145797 0.0557434 0.0877006 0.0770715 0.0685515 0.105206 0.117671 
0.028721 0.21293 0.0836523 0.126891 0.0646288 0.0955755 0.0874112 0.077279 0.101589 0.121323 
0.049685 0.125193 0.189838 0.169368 0.0626912 0.0842488 0.0941655 0.0398076 0.129082 0.0559194 
0.0251102 0.222762 0.0908597 0.132305 0.060853 0.0767118 0.0748748 0.0916799 0.0985126 0.126331 
0.0660722 0.0351346 0.105461 0.117944 0.135929 0.24385 0.024622 0.0529582 0.155147 0.0628802 
0.0918608 0.0730731 0.0765144 0.255613 0.0884679 0.11397 0.0304201 0.0857792 0.1008 0.0835011 
0.0659277 0.0933895 0.140247 0.188 0.0674327 0.139006 0.070647 0.0505874 0.103135 0.0816281 
0.0552773 0.0701097 0.0925172 0.0884357 0.179647 0.0605342 0.0585057 0.0965054 0.0910839 0.207384 
0.0616345 0.0407251 0.0603593 0.158082 0.0841335 0.0591446 0.0204984 0.291598 0.0740205 0.149804 
0.0726401 0.0221333 0.0805633 0.121149 0.0854587 0.249143 0.0300902 0.0258909 0.193386 0.119546 
0.0644952 0.0483915 0.149916 0.0889877 0.0826903 0.158583 0.20561 0.0270632 0.117669 0.0565938 
0.0746192 0.105517 0.0772822 0.205679 0.0325013 0.178728 0.0791871 0.0810581 0.0770831 0.0883457 
0.0906553 0.0581071 0.095366 0.129887 0.115204 0.0833571 0.107986 0.124723 0.102249 0.0924646 
0.0301752 0.205041 0.0918736 0.120093 0.0529308 0.109382 0.0754289 0.0739545 0.119787 0.121333 
0.109875 0.106558 0.0708237 0.209312 0.0389726 0.179529 0.0334414 0.0381766 0.108188 0.105124 
0.0469279 0.0961127 0.104447 0.121891 0.101109 0.151575 0.0974293 0.0430465 0.131556 0.105906 
0.0296753 0.201574 0.080711 0.157976 0.0555359 0.0814765 0.0610058 0.0811326 0.105865 0.145047 
0.232212 0.0288767 0.0938767 0.121801 0.0406175 0.11608 0.0484639 0.0646534 0.122803 0.130616 
0.066249 0.0850168 0.0537845 0.0820219 0.104849 0.258335 0.0581415 0.0479519 0.138602 0.105049 
0.0440968 0.168128 0.122108 0.113049 0.0489818 0.116705 0.101044 0.0716166 0.113267 0.101005 
0.0321563 0.0633743 0.0879874 0.213537 0.0825189 0.0705049 0.0316242 0.14457 0.128901 0.144826 
0.0330267 0.169915 0.0832805 0.160214 0.0771366 0.106337 0.0606413 0.0792489 0.0977918 0.132409 
0.058867 0.034386 0.1101 0.114518 0.0670617 0.2756 0.0796339 0.0271813 0.13464 0.0980125 
0.197251 0.0462351 0.117728 0.163836 0.0453745 0.133014 0.0344528 0.0589156 0.151906 0.0512854 
0.0840531 0.0474461 0.133351 0.0632649 0.163373 0.065261 0.166286 0.0625982 0.102771 0.111596 
0.0494567 0.169795 0.106534 0.105017 0.101216 0.0859513 0.0876117 0.0819248 0.120346 0.0921468 
0.0773336 0.0807608 0.0794792 0.0913226 0.080991 0.133549 0.1035 0.0610706 0.18144 0.110552 
0.0845026 0.0444246 0.0307144 0.110431 0.112589 0.28596 0.035283 0.0543385 0.110171 0.131586 
0.0517983 0.133357 0.0990901 0.113346 0.0788408 0.105738 0.0861095 0.118278 0.0885333 0.124909 
0.0478722 0.0905957 0.0483222 0.115793 0.0857564 0.0913741 0.0467953 0.169574 0.127677 0.176241 
0.062755 0.071921 0.0565414 0.09499 0.161809 0.085639 0.0634302 0.114064 0.119037 0.169814 
0.0342151 0.0169509 0.0771901 0.0970225 0.285766 0.0466412 0.0725728 0.132748 0.12486 0.112033 
0.0725008 0.0698665 0.126211 0.0681454 0.127364 0.102496 0.199925 0.0497335 0.0900818 0.0936766 
0.074284 0.024673 0.12001 0.156 0.0709067 0.1009 0.0330639 0.172235 0.137452 0.110476 
0.0327561 0.115083 0.287393 0.165702 0.0252993 0.0793162 0.170163 0.0173402 0.0797052 0.0272424 
0.0917512 0.0515337 0.113405 0.0849227 0.0880744 0.209319 0.0529797 0.0468391 0.143614 0.117561 
0.195506 0.0301226 0.0916458 0.0912494 0.0790978 0.159957 0.079915 0.0621676 0.0996366 0.110701 
0.0931462 0.0901791 0.123683 0.0990892 0.101226 0.109906 0.0921421 0.0967349 0.0877551 0.106139 
0.0783369 0.0298045 0.0884839 0.107684 0.131406 0.199214 0.0391209 0.0345922 0.153814 0.137545 
0.0711691 0.0548182 0.145357 0.0939728 0.0716389 0.158948 0.183188 0.0281245 0.118935 0.0738478 
0.114334 0.0654262 0.0609523 0.187418 0.0871994 0.143618 0.032206 0.112873 0.0913153 0.104658 
0.0296686 0.0301491 0.0872012 0.195034 0.0724279 0.0778903 0.0292129 0.26333 0.0877963 0.12729 
0.0537601 0.0972555 0.286898 0.170567 0.025078 0.11531 0.0978206 0.0199378 0.100166 0.0332066 
0.195368 0.0363089 0.186983 0.112718 0.0628483 0.087279 0.0487564 0.0523237 0.122785 0.0946298 
0.0442435 0.103489 0.137449 0.119092 0.0887884 0.133265 0.0358706 0.0458932 0.145907 0.146002 
0.0483597 0.0815741 0.118737 0.119424 0.119142 0.0885592 0.0616534 0.0510352 0.185944 0.125572 
0.0715513 0.0516011 0.0732344 0.0975862 0.101092 0.29585 0.0851919 0.0357329 0.112299 0.0758619 
0.0358758 0.0525881 0.0736129 0.113577 0.195126 0.100774 0.0615625 0.114759 0.0851773 0.166948 
0.035659 0.176335 0.101262 0.125756 0.0620556 0.094043 0.075676 0.102514 0.104595 0.122104 
0.0306009 0.210151 0.103669 0.116826 0.0676851 0.0878603 0.0816543 0.0792633 0.100629 0.121661 
0.0707366 0.0444646 0.083343 0.0709715 0.182942 0.117249 0.0879863 0.0962394 0.105531 0.140537 
0.182772 0.0230129 0.126948 0.0464156 0.0552016 0.330462 0.100287 0.0145902 0.106246 0.0140644 
0.0537891 0.0618023 0.112798 0.215666 0.0635413 0.0380333 0.0502915 0.22666 0.092253 0.0851655 
0.0488916 0.0703486 0.091048 0.172029 0.0820668 0.177985 0.050273 0.0662739 0.12278 0.118304 
0.0732867 0.064639 0.0741375 0.145483 0.0678793 0.0892828 0.0431888 0.194143 0.107139 0.140821 
0.0560099 0.0564974 0.101221 0.0726177 0.0805326 0.139944 0.323415 0.0554411 0.0604225 0.0538979 
0.0405296 0.193715 0.10958 0.113766 0.0607566 0.098037 0.0843443 0.084213 0.100497 0.114561 
0.116366 0.0647914 0.0679466 0.120465 0.0728674 0.167828 0.129029 0.0683294 0.0866258 0.105751 
0.0482417 0.0849736 0.194 0.108368 0.104561 0.0672507 0.0854948 0.0756511 0.11046 0.120999 
0.0606737 0.17028 0.11729 0.116508 0.0956197 0.0827874 0.0579736 0.0814585 0.115883 0.101525 
0.0166288 0.0833987 0.049022 0.11823 0.12141 0.114984 0.0316321 0.190014 0.103436 0.171245 
0.140136 0.0142549 0.372934 0.145026 0.034734 0.0800192 0.0446074 0.0445355 0.0698904 0.0538623 
0.101417 0.0313603 0.131808 0.100352 0.0848455 0.208569 0.0651497 0.0598113 0.13316 0.0835267 
0.0870586 0.0645317 0.128704 0.079001 0.109763 0.122313 0.197401 0.0416015 0.0890152 0.0806104 
0.0319072 0.184922 0.0929508 0.133136 0.0708919 0.0802183 0.0619822 0.114126 0.096794 0.133072 
0.133418 0.0447183 0.0728192 0.0471367 0.123754 0.0910124 0.0795449 0.122704 0.118095 0.166797 
0.0777735 0.0579302 0.0487805 0.0966901 0.0701176 0.217519 0.115546 0.0506771 0.147981 0.116985 
0.0606461 0.119355 0.26841 0.127622 0.0785907 0.0730715 0.0885837 0.0376148 0.0875788 0.0585266 
0.057731 0.0589641 0.0971161 0.156128 0.0784284 0.17829 0.0901893 0.044161 0.133662 0.105331 
0.0662609 0.0345093 0.0735277 0.0595169 0.210741 0.116907 0.098296 0.0984941 0.105392 0.136355 
0.119532 0.0453193 0.0511721 0.0570333 0.313553 0.0616927 0.117209 0.0755831 0.0660752 0.09283 
0.246648 0.0293232 0.162632 0.119542 0.0536209 0.128318 0.0393216 0.035998 0.126108 0.0584893 
0.0462231 0.0940465 0.135169 0.161105 0.0593118 0.112078 0.0497303 0.0486083 0.164963 0.128764 
0.0971004 0.0409143 0.0958138 0.223841 0.0755392 0.232835 0.0269049 0.0525324 0.113491 0.0410282 
0.112205 0.0622762 0.0938202 0.0557122 0.124993 0.126608 0.0927615 0.100118 0.120961 0.110545 
0.0953257 0.108019 0.133466 0.160369 0.0587056 0.120432 0.0665326 0.0931576 0.0987788 0.0652144 
0.052866 0.0270933 0.0605423 0.0747076 0.334058 0.0602079 0.0430509 0.0759488 0.0904953 0.18103 
0.140785 0.0428526 0.0726617 0.0908431 0.0707001 0.170899 0.0890756 0.0567901 0.114813 0.150579 
0.236708 0.0267984 0.09755 0.100089 0.0493919 0.131808 0.0208841 0.0839182 0.0991484 0.153704 
0.0784438 0.105839 0.135562 0.232138 0.0307869 0.131273 0.0654243 0.0395848 0.112462 0.0684855 
0.0273904 0.157954 0.100291 0.132408 0.0679313 0.113641 0.0898135 0.067952 0.126246 0.116372 
0.0508233 0.0341257 0.0719188 0.138187 0.0533475 0.0843192 0.0227508 0.315153 0.0870563 0.142318 
0.0556019 0.100548 0.0932676 0.131959 0.0641244 0.0968916 0.0456161 0.172593 0.0995843 0.139813 
0.0412644 0.0319175 0.0360971 0.188048 0.0549158 0.269993 0.0114066 0.11878 0.139999 0.107578 
0.0649752 0.0146216 0.045296 0.112854 0.0383717 0.0848079 0.00970433 0.344382 0.121419 0.163569 
0.0550471 0.104425 0.105635 0.0925659 0.141662 0.078238 0.0664785 0.0865018 0.0993438 0.170103 
0.0518757 0.0429309 0.0538397 0.105559 0.078031 0.127891 0.0315386 0.263511 0.0995655 0.145257 
0.0298462 0.220222 0.105027 0.126407 0.0524918 0.0918191 0.097768 0.063692 0.117569 0.0951581 
