0.0800752 0.0350382 0.0800798 0.155525 0.0641958 0.084164 0.0252756 0.242348 0.113605 0.119693 
0.110675 0.0837251 0.294867 0.0952055 0.0144999 0.167866 0.113903 0.00739027 0.0765402 0.0353286 
0.0419511 0.151975 0.125278 0.110643 0.082245 0.100513 0.0927029 0.0971626 0.0967781 0.100751 
0.351544 0.0263977 0.0767359 0.0752514 0.0321608 0.12329 0.0694175 0.0956401 0.070783 0.0787799 
0.120409 0.0569216 0.0880979 0.0470187 0.203529 0.0780617 0.0743064 0.113038 0.0961051 0.122513 
0.0357713 0.185319 0.113417 0.128143 0.0722539 0.0828435 0.0505282 0.118835 0.108275 0.104614 
0.0444648 0.0485107 0.0360437 0.0718505 0.200738 0.137768 0.0384755 0.1267 0.149192 0.146257 
0.0353316 0.0861424 0.102208 0.0918318 0.107275 0.133121 0.0623757 0.0810364 0.117216 0.183462 
0.116052 0.0554459 0.107633 0.0342106 0.143412 0.160146 0.175518 0.0453293 0.0844701 0.0777837 
0.0701532 0.0199035 0.0426314 0.0443861 0.191349 0.0752982 0.0417908 0.167065 0.112437 0.234986 
0.259255 0.0425352 0.0981782 0.0753423 0.0555367 0.193153 0.0773964 0.037361 0.0975408 0.0637013 
0.0726867 0.0923298 0.143243 0.0892 0.115728 0.0916563 0.118015 0.0494548 0.140127 0.0875592 
0.0670862 0.0348283 0.0723818 0.103307 0.131539 0.104548 0.0502746 0.124199 0.114943 0.196893 
0.240499 0.0254732 0.0975835 0.0764515 0.0761518 0.163487 0.029591 0.0680237 0.117454 0.105286 
0.0332823 0.234103 0.10775 0.158431 0.038634 0.105874 0.0598343 0.0689546 0.0942351 0.0989014 
0.106892 0.0515705 0.0940954 0.12026 0.0791444 0.25536 0.0581323 0.0441421 0.139722 0.0506806 
0.0769066 0.025801 0.0851007 0.070563 0.143504 0.0783755 0.0638827 0.160721 0.105869 0.189277 
0.0876318 0.0165759 0.0887649 0.204196 0.0516208 0.059504 0.0196823 0.278935 0.0925368 0.100552 
0.0712016 0.0337942 0.147224 0.114746 0.109235 0.16965 0.04075 0.0552677 0.162319 0.0958118 
0.0919369 0.0487873 0.0575732 0.0907755 0.202682 0.108197 0.0694525 0.102142 0.0977541 0.130699 
0.0718762 0.045915 0.0399354 0.105023 0.133771 0.108383 0.0210217 0.168632 0.0996959 0.205747 
0.086371 0.0460082 0.113699 0.100643 0.0823471 0.197722 0.173388 0.0334996 0.101856 0.0644669 
0.0392926 0.0579436 0.110513 0.0637414 0.173068 0.0687087 0.134992 0.14002 0.0918105 0.119911 
0.0877171 0.0525879 0.0983082 0.117601 0.104688 0.24737 0.0899233 0.0304212 0.0976227 0.07376 
0.0683216 0.0663565 0.0827519 0.0739036 0.218256 0.0862058 0.0573144 0.13036 0.0747498 0.14178 
0.48486 0.00453993 0.0408494 0.0136236 0.0425154 0.194215 0.0808042 0.0484246 0.055367 0.0348005 
0.0718706 0.0539726 0.067876 0.0928479 0.0549101 0.114809 0.0323749 0.247299 0.101588 0.162452 
0.0803347 0.0450277 0.0784863 0.0761258 0.209356 0.110764 0.0711886 0.099913 0.0948214 0.133983 
0.363617 0.0241123 0.0953256 0.0880088 0.0291236 0.126328 0.0286692 0.0737787 0.0912353 0.079801 
0.0420466 0.177398 0.0965613 0.129069 0.0676116 0.150203 0.0792727 0.0553559 0.104295 0.0981865 
0.0356062 0.0394205 0.0569793 0.25163 0.0568688 0.149282 0.0353273 0.111802 0.108563 0.154521 
0.0422969 0.14952 0.0893997 0.148881 0.081192 0.110672 0.0615731 0.0987312 0.107307 0.110427 
0.0436194 0.0374342 0.0877998 0.167056 0.0770093 0.247435 0.036789 0.0428208 0.170691 0.0893452 
0.149245 0.0138324 0.120528 0.0242123 0.15653 0.205816 0.107298 0.053011 0.0997569 0.0697701 
0.0593163 0.027793 0.0904846 0.130717 0.0931967 0.0908776 0.0311823 0.216629 0.10982 0.149983 
0.117677 0.0624405 0.182419 0.131285 0.0471356 0.215472 0.0476403 0.0357178 0.13377 0.0264427 
0.0562462 0.0301239 0.0683153 0.171279 0.0498529 0.094405 0.0329507 0.255335 0.120514 0.120978 
0.0297744 0.205095 0.0799995 0.13173 0.0626677 0.128269 0.0626896 0.0747035 0.117264 0.107808 
0.114186 0.127706 0.171989 0.151372 0.0219972 0.128297 0.0901317 0.0315972 0.116833 0.0458922 
0.0332656 0.209426 0.110022 0.120165 0.0407908 0.115539 0.0771764 0.0583518 0.137473 0.0977897 
0.0482316 0.175981 0.107931 0.107745 0.0661423 0.112837 0.0866437 0.088478 0.110864 0.0951468 
0.0728822 0.0521292 0.0819515 0.134321 0.0895803 0.100066 0.0431812 0.195541 0.0891408 0.141207 
0.0250294 0.0623259 0.067344 0.0951622 0.212678 0.0787817 0.0408268 0.137351 0.107621 0.17288 
0.0595617 0.0968378 0.224831 0.126222 0.0745572 0.101141 0.0608308 0.0570437 0.110881 0.0880942 
0.0725266 0.0623252 0.10455 0.183264 0.0680154 0.168962 0.0766556 0.0424693 0.116258 0.104974 
0.0905772 0.0623338 0.0744008 0.151413 0.0671524 0.224909 0.0813637 0.0418946 0.114025 0.0919299 
0.0275839 0.174475 0.105385 0.180908 0.0696634 0.13905 0.0456152 0.0499312 0.107238 0.100149 
0.0711813 0.107113 0.183225 0.139741 0.0534873 0.0858155 0.204289 0.051883 0.057282 0.0459833 
0.0232771 0.027741 0.0405722 0.0857755 0.266747 0.123422 0.0313228 0.0736667 0.132341 0.195135 
0.0742092 0.0337929 0.101036 0.0551829 0.240581 0.0430402 0.0584379 0.12681 0.106487 0.160423 
0.144072 0.0399037 0.0938053 0.0954041 0.0703478 0.181894 0.181619 0.0455691 0.0733168 0.0740676 
0.0714452 0.0324934 0.138539 0.252739 0.0595869 0.138451 0.0522594 0.0822828 0.116075 0.0561294 
0.12467 0.0853353 0.0656524 0.0882871 0.12311 0.197991 0.0568115 0.0701417 0.101776 0.0862253 
0.0806398 0.0913564 0.074928 0.107574 0.11285 0.197809 0.0639863 0.0504453 0.131791 0.0886207 
0.0697581 0.0314738 0.340702 0.0864665 0.0715327 0.041874 0.160537 0.0279817 0.131343 0.0383307 
0.236287 0.020291 0.101094 0.0767956 0.0640277 0.183064 0.0444986 0.0568712 0.12936 0.0877113 
0.0607686 0.0192464 0.069128 0.0497707 0.304827 0.0776687 0.0691982 0.0943897 0.121687 0.133316 
0.038955 0.170034 0.137839 0.104399 0.0606023 0.0878101 0.0621293 0.121741 0.105263 0.111227 
0.0782482 0.023772 0.0666386 0.0691824 0.161929 0.0810769 0.0515207 0.141975 0.110487 0.215171 
0.142025 0.0813679 0.0926086 0.0816241 0.0975175 0.152084 0.0570141 0.110589 0.103047 0.082122 
0.0215095 0.0219144 0.0955579 0.212111 0.0357728 0.0666848 0.0134662 0.374662 0.111304 0.0470165 
0.102645 0.0209882 0.201004 0.0972878 0.0844168 0.147581 0.0621439 0.0478168 0.155919 0.0801975 
0.0747769 0.0440901 0.108153 0.0862516 0.134256 0.127491 0.0984661 0.0976862 0.104487 0.124341 
0.0768121 0.0734135 0.144714 0.2304 0.0633334 0.0930287 0.0643926 0.0423232 0.109675 0.101908 
0.03073 0.0149298 0.0889703 0.148068 0.111931 0.0794518 0.0241461 0.259077 0.0969843 0.145712 
0.0536098 0.0742214 0.0712831 0.113486 0.17005 0.13335 0.0732365 0.0772727 0.107824 0.125667 
0.0887574 0.0793781 0.126459 0.138944 0.104242 0.0995021 0.0981598 0.106914 0.0662655 0.0913783 
0.0733709 0.0526446 0.0534241 0.0426014 0.293288 0.063604 0.0524907 0.113321 0.0880249 0.16723 
0.0569862 0.0449017 0.0839989 0.255396 0.0610514 0.158991 0.039809 0.0637317 0.13326 0.101874 
0.35264 0.0261705 0.0821279 0.0563234 0.0154202 0.241173 0.097785 0.0334362 0.0665834 0.0283408 
0.0914386 0.0212452 0.0880977 0.149314 0.0487049 0.0449945 0.0245484 0.346935 0.111561 0.0731602 
0.399289 0.0140932 0.0710457 0.0409911 0.028557 0.18817 0.0950108 0.0253183 0.096348 0.041177 
0.181663 0.0223206 0.254921 0.163558 0.0436855 0.137939 0.050317 0.0235206 0.0808067 0.0412686 
0.036424 0.0836282 0.0528041 0.134621 0.0620915 0.0978773 0.0268468 0.191757 0.12886 0.185091 
0.0353095 0.217642 0.0880529 0.120908 0.0507205 0.125572 0.0629157 0.0695161 0.126921 0.102443 
0.0332906 0.0597569 0.080347 0.107523 0.100765 0.0823445 0.0316426 0.26314 0.0942338 0.146957 
0.0730247 0.0881559 0.0861228 0.194489 0.0584382 0.179178 0.0511667 0.0529071 0.129427 0.0870909 
0.0736057 0.125393 0.101031 0.0678429 0.0810598 0.0958383 0.0477294 0.156785 0.113295 0.13742 
0.0367589 0.0916538 0.0768831 0.130128 0.102938 0.120435 0.0492352 0.0985366 0.139385 0.154047 
0.0460205 0.0143169 0.0348961 0.0603255 0.0771003 0.0673053 0.0111958 0.359402 0.114489 0.214948 
0.0632554 0.0412555 0.0655679 0.119344 0.102436 0.153697 0.0336609 0.19267 0.0806125 0.147501 
0.140746 0.0388256 0.110972 0.067523 0.082313 0.172136 0.183054 0.0568276 0.0803221 0.0672809 
0.118335 0.0329012 0.287158 0.168098 0.0530021 0.0780441 0.0555245 0.0234711 0.125761 0.0577049 
0.0699157 0.0475954 0.072298 0.0980167 0.0858009 0.112443 0.0332911 0.234703 0.100706 0.145231 
0.0565156 0.102927 0.0821572 0.0612029 0.14404 0.157946 0.0491838 0.0506827 0.17921 0.116133 
0.0363531 0.0223055 0.0250933 0.0623014 0.357555 0.086167 0.0378709 0.0795984 0.148494 0.144261 
0.0346413 0.074811 0.0681089 0.125867 0.0612877 0.0638964 0.0211887 0.305289 0.0945774 0.150332 
0.0804591 0.0422144 0.0655553 0.129293 0.104771 0.231719 0.0442938 0.0988014 0.119894 0.0829992 
0.10632 0.048931 0.13663 0.0510433 0.112973 0.0859634 0.281607 0.039586 0.0776184 0.0593281 
0.0394443 0.202497 0.106452 0.11793 0.0773405 0.0997038 0.0783717 0.0775482 0.106502 0.0942095 
0.084287 0.0568611 0.0590714 0.303799 0.0395444 0.167697 0.0160908 0.0749058 0.102807 0.0949377 
0.0718664 0.0630393 0.129986 0.10112 0.0785887 0.130044 0.243064 0.0365128 0.084139 0.0616392 
0.0624542 0.085059 0.103288 0.0760883 0.114545 0.119692 0.0894008 0.111295 0.116955 0.121221 
0.083082 0.0455532 0.0689445 0.239748 0.0441256 0.165265 0.0226544 0.101441 0.0995628 0.129622 
0.0185566 0.228022 0.102708 0.111866 0.0710349 0.135259 0.0611121 0.0416883 0.147736 0.0820156 
0.0838423 0.0515736 0.0663512 0.0287853 0.279645 0.0739923 0.0937506 0.0973616 0.0750394 0.149659 
0.0408342 0.145855 0.0732094 0.132008 0.0823778 0.12078 0.050142 0.125536 0.111108 0.118149 
0.0252257 0.0731718 0.0966726 0.139314 0.06514 0.126461 0.0590363 0.16454 0.131231 0.119207 
0.116922 0.048475 0.09553 0.0619012 0.0689514 0.19773 0.255307 0.0285384 0.0888575 0.0377879 
0.0403449 0.0368028 0.0978682 0.0644637 0.132799 0.0543238 0.0342916 0.150032 0.115679 0.273394 
0.0896704 0.0903747 0.129604 0.10074 0.0780525 0.0839398 0.180977 0.056916 0.0987769 0.0909476 
0.271688 0.0359187 0.0931912 0.0543839 0.0499893 0.170492 0.0592556 0.0515463 0.126029 0.0875058 
0.046675 0.0169732 0.0234891 0.0873863 0.0846717 0.349474 0.0161606 0.0803861 0.184942 0.109842 
0.055368 0.0543754 0.0711115 0.0892305 0.29401 0.0796849 0.0748617 0.0861839 0.0775509 0.117623 
0.0582522 0.0522378 0.0852214 0.0711819 0.125372 0.165911 0.066415 0.0787763 0.112572 0.18406 
0.0727589 0.0454847 0.100455 0.0880655 0.127252 0.0970535 0.0514707 0.109872 0.121734 0.185855 
0.107101 0.0211892 0.222972 0.197624 0.07071 0.103367 0.0565409 0.0477818 0.113909 0.0588055 
0.0835788 0.16528 0.112052 0.115561 0.0638252 0.116574 0.0745681 0.0578197 0.127713 0.0830285 
0.0448764 0.054461 0.0339278 0.0985133 0.162192 0.152389 0.0368944 0.106847 0.108239 0.20166 
0.0890808 0.0487427 0.0727059 0.0614896 0.15614 0.109299 0.0878693 0.152757 0.0736808 0.148234 
0.0666662 0.125321 0.0924154 0.186605 0.0567573 0.130917 0.0406822 0.0289568 0.160597 0.111082 
0.0351899 0.133203 0.113117 0.12845 0.065665 0.0780444 0.0470399 0.164846 0.105085 0.129359 
0.0797698 0.0874046 0.0792648 0.193218 0.0540005 0.160433 0.057471 0.0562467 0.12189 0.110302 
0.0344621 0.0518137 0.0937993 0.113882 0.123797 0.0827551 0.0481512 0.146357 0.116247 0.188736 
0.0464482 0.0760721 0.145398 0.0793275 0.10391 0.0646508 0.0692042 0.165516 0.0899324 0.15954 
0.0737461 0.0869883 0.101422 0.0760616 0.138852 0.0997878 0.117802 0.0757558 0.0980194 0.131565 
0.0361506 0.0640442 0.0878246 0.122605 0.171662 0.101697 0.0585432 0.108378 0.113626 0.13547 
0.0553474 0.0264661 0.0576059 0.0352801 0.348126 0.069319 0.0557662 0.0711404 0.131362 0.149587 
0.0894294 0.0476059 0.0984802 0.0985258 0.127251 0.0949867 0.072382 0.11148 0.0924655 0.167394 
0.0981851 0.0434036 0.12966 0.0704846 0.0984917 0.139537 0.0770683 0.117284 0.119556 0.106329 
0.0636009 0.0312023 0.0601839 0.124462 0.0911255 0.283157 0.0383879 0.037422 0.179462 0.0909961 
0.136008 0.0267046 0.110871 0.0512399 0.167228 0.0882746 0.102031 0.0916285 0.117285 0.10873 
0.0490647 0.0497316 0.105126 0.140746 0.0937196 0.0993928 0.0443456 0.219614 0.0847733 0.113486 
0.0833697 0.0665189 0.100171 0.110835 0.0827958 0.116602 0.188404 0.073276 0.0872467 0.0907821 
0.0339767 0.025055 0.0234767 0.0806539 0.199108 0.0563562 0.0354872 0.22705 0.183338 0.135498 
0.0521693 0.0941107 0.0892931 0.0893448 0.133081 0.0812976 0.0672683 0.0915789 0.105457 0.1964 
0.202589 0.0235125 0.103431 0.149125 0.0485682 0.131069 0.0403904 0.128018 0.0735856 0.0997117 
0.105436 0.058991 0.075791 0.0766425 0.102907 0.290581 0.0392433 0.0457636 0.118594 0.0860515 
0.0261671 0.0321118 0.0738318 0.16305 0.0886182 0.140645 0.0268067 0.0660251 0.235577 0.147168 
0.107503 0.04276 0.0685574 0.117212 0.0897574 0.233646 0.0562579 0.0492226 0.121775 0.113308 
0.102019 0.0407919 0.0947287 0.0607752 0.118075 0.159641 0.21122 0.0408701 0.0859837 0.085895 
0.0769267 0.0356716 0.119578 0.0476986 0.085393 0.151217 0.323534 0.0307545 0.075026 0.0542003 
0.0616279 0.0445344 0.0873367 0.112751 0.0475038 0.329096 0.099732 0.018075 0.144354 0.0549885 
0.064066 0.02661 0.141123 0.0793765 0.0974529 0.0581286 0.0332735 0.242698 0.114444 0.142827 
0.0448648 0.0804282 0.0927736 0.143879 0.0619627 0.149794 0.0439162 0.0509716 0.220806 0.110603 
0.0305267 0.233176 0.110486 0.119916 0.0383681 0.104492 0.0756621 0.0669036 0.125264 0.0952048 
0.275769 0.0283953 0.08675 0.0880037 0.0509857 0.164779 0.0625665 0.059415 0.108405 0.0749309 
0.0401792 0.225096 0.117685 0.106634 0.0554733 0.0932024 0.0707366 0.067649 0.127176 0.0961687 
0.118162 0.0493488 0.107466 0.0729287 0.0938854 0.0891386 0.240423 0.0497508 0.0921275 0.0867693 
0.0855071 0.0341828 0.111288 0.0350442 0.209502 0.063748 0.0844747 0.118735 0.145278 0.112241 
0.123122 0.0805041 0.0989006 0.0731849 0.0879588 0.164846 0.147624 0.0534929 0.0964464 0.0739203 
0.0502888 0.0392506 0.0900538 0.168914 0.042245 0.0762398 0.017848 0.354881 0.101258 0.0590208 
0.0508917 0.0374926 0.183726 0.187072 0.10166 0.0798474 0.0192983 0.109597 0.142827 0.0875882 
0.0405223 0.20582 0.12111 0.117446 0.0486773 0.0946573 0.0718418 0.0915743 0.119572 0.0887794 
0.0541047 0.046215 0.143539 0.073417 0.113576 0.0712422 0.0635875 0.166771 0.0796099 0.187938 
0.0438022 0.176625 0.0889624 0.126298 0.056979 0.147263 0.077534 0.0731483 0.108706 0.100682 
0.0576219 0.0446475 0.103414 0.0845762 0.11521 0.156328 0.0693438 0.0950939 0.154527 0.119238 
0.0838733 0.0262713 0.295267 0.25316 0.0583759 0.133792 0.0443565 0.022325 0.0606139 0.0219648 
0.257381 0.036617 0.0995807 0.0913639 0.0505163 0.156467 0.0772611 0.0618377 0.0936931 0.0752819 
0.0578168 0.0980925 0.0999797 0.0811463 0.131664 0.0975967 0.0620272 0.0937236 0.0942086 0.183745 
0.0751799 0.0488737 0.0915424 0.0965784 0.142336 0.0994641 0.0714405 0.0788257 0.126333 0.169426 
0.0977559 0.0256894 0.129983 0.0837084 0.078933 0.104482 0.0258619 0.0588036 0.15193 0.242852 
0.0913955 0.0425724 0.0928616 0.0492383 0.0897767 0.30977 0.0563817 0.0438903 0.155131 0.0689824 
0.0766166 0.0600914 0.105869 0.136498 0.0646123 0.190428 0.0565203 0.0626978 0.140917 0.10575 
0.0440218 0.18423 0.0970101 0.121037 0.0658938 0.0952388 0.0758347 0.114196 0.0981346 0.104403 
0.103952 0.0492277 0.0531054 0.0639923 0.170651 0.258058 0.07843 0.0252423 0.106883 0.090459 
0.118493 0.0263079 0.0871741 0.0593155 0.15323 0.115562 0.216452 0.0752518 0.0626468 0.0855673 
0.287757 0.0272785 0.0918918 0.0636125 0.0423392 0.139156 0.0909266 0.0740685 0.0911913 0.0917786 
0.129343 0.0808197 0.165826 0.181772 0.0405742 0.127178 0.0447726 0.101967 0.0802966 0.0474512 
0.054282 0.0939018 0.0904071 0.0838727 0.130421 0.0932858 0.0717723 0.114916 0.0911826 0.175958 
0.0332812 0.0558089 0.114956 0.0837389 0.207255 0.120503 0.0552804 0.0823623 0.115789 0.131025 
0.131752 0.0443221 0.107631 0.0655282 0.0785318 0.157637 0.24741 0.0402787 0.0729896 0.0539187 
0.0824952 0.0302234 0.0703389 0.102319 0.0518869 0.419294 0.0170427 0.0205777 0.142427 0.0633943 
0.0433525 0.0188123 0.03846 0.0732029 0.234135 0.0683271 0.0402679 0.209518 0.0831341 0.19079 
0.0613589 0.030686 0.113658 0.076173 0.138637 0.0755474 0.191066 0.1288 0.0700354 0.114037 
0.0711749 0.0551305 0.0788337 0.115507 0.0843736 0.261375 0.0564622 0.0317578 0.165813 0.0795724 
0.101795 0.0396822 0.100411 0.0691386 0.173901 0.103903 0.0770055 0.0964462 0.101231 0.136487 
0.0843051 0.0423477 0.0785426 0.123884 0.101679 0.262194 0.0530287 0.0724058 0.0805975 0.101015 
0.0365832 0.216633 0.0962414 0.132961 0.0459516 0.127322 0.0843305 0.066227 0.108219 0.0855323 
0.0642833 0.0379005 0.0515339 0.0865477 0.253751 0.107452 0.0532986 0.0959875 0.0908707 0.158375 
0.0590721 0.0643466 0.0720745 0.099347 0.197988 0.118947 0.0558218 0.0910735 0.106807 0.134522 
0.0636722 0.0497747 0.0874776 0.168388 0.0396209 0.0531581 0.0159429 0.296217 0.0979158 0.127833 
0.101488 0.0781459 0.207621 0.165587 0.0334522 0.174238 0.0349247 0.0111119 0.156031 0.0374004 
0.0919214 0.0584556 0.0948069 0.164385 0.0656199 0.143864 0.0443029 0.0889429 0.124693 0.123008 
0.0903547 0.105329 0.225365 0.11106 0.0587718 0.0822583 0.0938831 0.0518169 0.106627 0.0745341 
0.0566388 0.102737 0.0829864 0.128128 0.0951029 0.0845383 0.0703853 0.149334 0.098389 0.131761 
0.0510392 0.169609 0.110754 0.113793 0.0569765 0.12242 0.084751 0.089027 0.110184 0.0914454 
0.0611917 0.0534044 0.125044 0.116883 0.0879793 0.145411 0.0758443 0.0778807 0.14659 0.109771 
0.0330533 0.229503 0.0954651 0.129115 0.0489335 0.0979091 0.0663071 0.0935526 0.105018 0.101145 
0.0342648 0.123983 0.128717 0.126316 0.0482565 0.165301 0.0434457 0.0340315 0.211922 0.0837628 
0.0349535 0.206087 0.0967375 0.13448 0.0519224 0.096567 0.0532834 0.109198 0.101412 0.115359 
0.0401342 0.0943969 0.116916 0.115233 0.0610329 0.157842 0.0946476 0.0338872 0.200007 0.0859033 
0.0751819 0.0668305 0.094151 0.131876 0.0729799 0.23425 0.0605333 0.0562935 0.118988 0.0889153 
0.291961 0.0140624 0.0727647 0.0639303 0.0443822 0.305274 0.0573964 0.0328495 0.0825745 0.034805 
0.0774 0.0809914 0.076195 0.1457 0.084294 0.146178 0.0729046 0.0552451 0.155125 0.105967 
0.0874307 0.0381141 0.0844922 0.044547 0.195247 0.0513422 0.0692017 0.108133 0.105896 0.215597 
0.0687176 0.0791797 0.296968 0.205775 0.0121564 0.0870276 0.0488712 0.0137126 0.147908 0.0396835 
0.0946534 0.0331113 0.110346 0.128735 0.0656592 0.273955 0.0349734 0.0278804 0.145116 0.0855711 
0.413425 0.0138043 0.064182 0.0476146 0.0241737 0.207174 0.0485465 0.030199 0.106927 0.0439533 
0.0535713 0.142976 0.0927923 0.140629 0.0814732 0.11864 0.0745869 0.0863395 0.103578 0.105413 
0.0418944 0.19186 0.0888798 0.135349 0.06951 0.0777932 0.0487346 0.12339 0.110506 0.112082 
0.0425371 0.148071 0.0982594 0.120604 0.0832684 0.153105 0.0568252 0.0864603 0.11464 0.0962291 
0.32824 0.0141159 0.0695284 0.0835967 0.0937554 0.202527 0.0518164 0.0509435 0.0508228 0.0546537 
0.0326683 0.0437201 0.0976805 0.116699 0.143741 0.11962 0.045173 0.117445 0.128593 0.154661 
0.209492 0.0200154 0.0830573 0.115791 0.0608986 0.164634 0.0406257 0.0963173 0.103832 0.105337 
0.0352888 0.0716073 0.0841236 0.125222 0.0980309 0.169002 0.0845982 0.0604484 0.144765 0.126913 
0.0345668 0.20359 0.10737 0.0948775 0.0472348 0.124378 0.0885834 0.0635357 0.136337 0.0995268 
0.0667588 0.0393641 0.116368 0.0697961 0.0834671 0.14287 0.297595 0.0279183 0.093203 0.0626605 
0.0458907 0.0400699 0.0693669 0.111389 0.18234 0.125649 0.0489283 0.113798 0.10833 0.154238 
0.0773043 0.0744952 0.182176 0.244203 0.0330369 0.0890311 0.0434845 0.0568494 0.121809 0.0776103 
0.085164 0.0192992 0.119447 0.375172 0.0170471 0.226957 0.0136099 0.016809 0.0849831 0.0415125 
0.155938 0.0528026 0.131372 0.0517112 0.0764866 0.07877 0.273664 0.0458497 0.0817803 0.0516249 
0.0502506 0.173302 0.133386 0.124296 0.0721848 0.095883 0.0602107 0.096732 0.112476 0.0812803 
0.0540061 0.179655 0.099923 0.128354 0.0559513 0.12477 0.0667922 0.088363 0.101837 0.100348 
0.0402642 0.161147 0.119729 0.114819 0.080341 0.0911418 0.084297 0.104962 0.0992026 0.104096 
0.0759775 0.0603933 0.0921142 0.176393 0.0765068 0.157636 0.0484343 0.0718315 0.133822 0.106891 
0.0304159 0.0390842 0.0326744 0.0781766 0.114802 0.205854 0.0298403 0.0892263 0.123584 0.256342 
0.0964359 0.0363536 0.062855 0.100022 0.107012 0.271437 0.0471512 0.0713977 0.119993 0.0873435 
0.109662 0.0708583 0.296876 0.10164 0.0668111 0.0876239 0.0698102 0.0358512 0.103595 0.0572725 
0.0173201 0.0622741 0.0255118 0.0696346 0.140926 0.207894 0.0192458 0.093021 0.112838 0.251334 
0.0597367 0.0238651 0.0512031 0.0724144 0.184625 0.134422 0.0684325 0.143379 0.120237 0.141686 
0.103286 0.0535818 0.0627246 0.0949851 0.0824455 0.169315 0.0480017 0.149965 0.125916 0.109779 
0.0204385 0.0578893 0.0491869 0.0995284 0.102407 0.177484 0.0307334 0.118494 0.11727 0.226568 
0.0441249 0.0977084 0.120565 0.174742 0.0791489 0.103215 0.0444862 0.0952456 0.101864 0.1389 
0.0340448 0.0515732 0.0936473 0.132875 0.123615 0.117921 0.0347756 0.093549 0.116588 0.201411 
0.238989 0.0280983 0.0818834 0.111835 0.0630317 0.133065 0.0487645 0.0914906 0.0989413 0.103901 
0.065 0.0459324 0.099613 0.264718 0.0755183 0.108992 0.0407294 0.0757803 0.0995322 0.124185 
0.0918344 0.118119 0.074984 0.0926239 0.0788726 0.220891 0.103176 0.023151 0.130693 0.0656544 
0.0814248 0.0503439 0.0629008 0.101419 0.104946 0.204549 0.0407364 0.131517 0.112384 0.10978 
0.105568 0.0513671 0.0641218 0.180749 0.0722845 0.246021 0.0164248 0.0908293 0.0771076 0.0955262 
0.061224 0.0252763 0.0445781 0.0782553 0.0866412 0.134878 0.0240136 0.280238 0.10251 0.162386 
0.110435 0.0442441 0.242653 0.163217 0.0595501 0.0728638 0.0826025 0.0601472 0.0921298 0.0721575 
0.118275 0.0154719 0.4243 0.0654396 0.0272589 0.106766 0.0538045 0.0248604 0.0877239 0.0760995 
0.0526061 0.0305572 0.0714279 0.10121 0.0710253 0.0791121 0.0274929 0.294682 0.0905026 0.181384 
0.0564208 0.135982 0.11084 0.120532 0.0965757 0.101633 0.0786219 0.114404 0.0921247 0.0928655 
0.122599 0.0548407 0.208494 0.153415 0.0570661 0.1478 0.0358649 0.0386471 0.143259 0.0380135 
0.0234869 0.0599002 0.0743322 0.125573 0.113276 0.200556 0.0299354 0.0847939 0.182807 0.105339 
0.0700068 0.0857293 0.106006 0.0928354 0.129528 0.110967 0.0853489 0.0921927 0.0979713 0.129414 
0.040779 0.201689 0.120691 0.108368 0.0522951 0.101578 0.0710356 0.0955608 0.100415 0.107589 
0.0673923 0.0840342 0.0812696 0.128689 0.0783081 0.0884803 0.0409467 0.189693 0.0925294 0.148657 
0.121741 0.081501 0.0982265 0.211368 0.0319783 0.135207 0.0452615 0.101917 0.0732323 0.0995672 
0.0874939 0.111989 0.0920062 0.204615 0.0638349 0.137315 0.0306674 0.0551148 0.128181 0.0887835 
0.0511904 0.059509 0.127093 0.0753001 0.0823243 0.185789 0.13697 0.0155899 0.191456 0.0747792 
0.0439546 0.0216739 0.0656796 0.155912 0.0759708 0.112902 0.0168849 0.180615 0.172666 0.153741 
0.0694021 0.0561353 0.0828839 0.148031 0.0659472 0.0978246 0.0517894 0.189754 0.0948553 0.143377 
0.0829615 0.0313472 0.100681 0.089839 0.0915946 0.121558 0.0457723 0.167476 0.0950031 0.173768 
0.0659352 0.0541084 0.310026 0.166318 0.0593662 0.072473 0.105036 0.0538334 0.0544924 0.058411 
0.0535226 0.117707 0.248334 0.166875 0.0493152 0.0554246 0.121428 0.0543524 0.0810923 0.0519497 
0.0617287 0.0513339 0.0500715 0.0519201 0.277047 0.0695486 0.0836564 0.0879592 0.0936609 0.173074 
0.0394386 0.21451 0.0925289 0.135303 0.0487598 0.111466 0.0677759 0.0998495 0.0978312 0.0925373 
0.0573311 0.0635783 0.0854625 0.151451 0.0772113 0.231643 0.0541336 0.0293073 0.165442 0.0844399 
0.0719652 0.044027 0.107982 0.150671 0.0925568 0.147498 0.0558645 0.0709168 0.14044 0.118079 
0.139473 0.0187733 0.0870931 0.0517867 0.0870872 0.0977054 0.0688996 0.0697263 0.187892 0.191564 
0.028882 0.0489347 0.10367 0.125787 0.110842 0.0928675 0.0898117 0.161311 0.108121 0.129773 
0.0647526 0.0980526 0.179936 0.130026 0.0801482 0.0900784 0.0704321 0.0941196 0.0876401 0.104815 
0.0887573 0.0964081 0.0599664 0.13974 0.0528044 0.196248 0.127747 0.0615657 0.120021 0.0567413 
0.357304 0.011886 0.165549 0.0646196 0.0247097 0.141727 0.0633975 0.023789 0.108548 0.0384704 
0.0481312 0.0914989 0.119877 0.129749 0.0891483 0.1079 0.108402 0.0485995 0.108889 0.147805 
0.0701812 0.0222437 0.0428817 0.0323383 0.303854 0.0672528 0.0628711 0.113983 0.125218 0.159176 
0.0693774 0.165902 0.14266 0.166858 0.0398308 0.112954 0.109189 0.0549109 0.0982335 0.0400849 
0.0349841 0.0572985 0.0748642 0.099785 0.217777 0.126629 0.0324969 0.0718327 0.0943665 0.189965 
0.0572588 0.137673 0.0776455 0.118909 0.0695304 0.168767 0.0782326 0.0665551 0.125029 0.1004 
0.0341262 0.0462893 0.0605307 0.0669382 0.151957 0.100927 0.043391 0.131842 0.105601 0.258398 
0.0991498 0.049882 0.0750391 0.147097 0.0748888 0.257959 0.0443101 0.0414182 0.115986 0.0942701 
0.0577591 0.0367251 0.0807672 0.185231 0.0542468 0.0884605 0.0246333 0.235501 0.108149 0.128527 
0.042978 0.0576621 0.0872897 0.154928 0.082362 0.0892825 0.0397507 0.21816 0.0872413 0.140346 
0.0638566 0.183089 0.178787 0.15772 0.0342241 0.0863228 0.0753598 0.0466723 0.118902 0.0550656 
0.0518773 0.146235 0.123789 0.129523 0.0468193 0.135076 0.0779494 0.0433317 0.145102 0.100297 
0.119017 0.0249705 0.381988 0.115358 0.0521879 0.0640811 0.117107 0.0176179 0.0730885 0.034584 
0.334832 0.0484198 0.0926999 0.0427239 0.0623878 0.104749 0.123128 0.0423403 0.0941817 0.0545369 
0.0910425 0.0280743 0.123467 0.0578313 0.0807295 0.180839 0.0333812 0.0529881 0.250223 0.101424 
0.0814036 0.110469 0.0891748 0.128003 0.0432488 0.225897 0.0297026 0.0768618 0.122762 0.0924776 
0.0538134 0.0405003 0.0642951 0.144259 0.0432645 0.0847379 0.0207122 0.351746 0.109217 0.0874536 
0.0355492 0.0729244 0.0735689 0.131992 0.0778302 0.0829056 0.0254488 0.226528 0.103467 0.169785 
0.0308094 0.116495 0.0927237 0.125709 0.111691 0.138315 0.030223 0.0735071 0.121014 0.159511 
0.0274462 0.243149 0.108746 0.140172 0.0385179 0.105205 0.0687914 0.0623923 0.111131 0.0944497 
0.12004 0.06958 0.0643203 0.115102 0.0672801 0.179335 0.0632541 0.0456906 0.159007 0.11639 
0.0260591 0.229504 0.0911104 0.150688 0.0518321 0.0890378 0.0663837 0.0885527 0.0983681 0.108464 
0.0676938 0.0231285 0.128783 0.127525 0.0953743 0.163328 0.0602513 0.0460592 0.174058 0.113799 
0.303174 0.0367065 0.0646882 0.109262 0.0317117 0.132235 0.0541702 0.146271 0.0735293 0.0482521 
0.057094 0.0286277 0.0990396 0.184016 0.0570187 0.226082 0.0152485 0.0490311 0.183224 0.100619 
0.280646 0.0303775 0.106833 0.0910303 0.046376 0.118528 0.0777937 0.0825226 0.0870658 0.0788273 
0.0393554 0.196672 0.095838 0.136025 0.0499356 0.117571 0.0597837 0.0935357 0.105131 0.106154 
0.0542278 0.0374778 0.0733611 0.0870815 0.106458 0.0783381 0.0349163 0.133282 0.130496 0.264361 
0.0182001 0.0270132 0.0736194 0.0843885 0.105858 0.0635425 0.0228839 0.201807 0.158316 0.244371 
0.0504748 0.024406 0.0931178 0.0721869 0.220819 0.0961348 0.0600787 0.116603 0.118153 0.148027 
0.0376333 0.233931 0.115267 0.13339 0.0396903 0.0921006 0.0637992 0.0744196 0.124475 0.0852947 
0.0509104 0.0464631 0.102945 0.0871673 0.0887391 0.104583 0.0507219 0.103247 0.188725 0.176498 
0.080736 0.0427433 0.217543 0.138283 0.0716939 0.0874205 0.0644885 0.0694703 0.139605 0.0880168 
0.0399764 0.194461 0.103746 0.130353 0.0503156 0.107029 0.0639627 0.115484 0.0955232 0.0991488 
0.0593685 0.145481 0.212298 0.179291 0.0341623 0.0914824 0.0879572 0.0210782 0.133384 0.0354978 
0.0718466 0.0253061 0.0742917 0.0767643 0.136096 0.0730569 0.0550702 0.13159 0.125455 0.230523 
0.0495133 0.116602 0.109867 0.120434 0.0675677 0.086383 0.0494267 0.156255 0.10049 0.143461 
0.0725962 0.0500516 0.0591527 0.111646 0.102076 0.259047 0.0287454 0.12281 0.107995 0.0858805 
0.0700618 0.0523211 0.0995549 0.0633804 0.112356 0.0992582 0.0769175 0.12982 0.100415 0.195915 
0.0719377 0.0396322 0.286436 0.193564 0.0628041 0.0701383 0.135791 0.0217873 0.0728832 0.0450255 
0.05805 0.0690149 0.135371 0.10424 0.0754984 0.177196 0.197271 0.0236014 0.102162 0.0575953 
0.0546899 0.023251 0.040549 0.0977784 0.320553 0.0740508 0.0758009 0.0872835 0.0557681 0.170276 
0.0462818 0.171955 0.112643 0.106238 0.0542034 0.118456 0.0757604 0.0806329 0.132267 0.101562 
0.0623405 0.0570044 0.0940275 0.0984599 0.107592 0.256036 0.0858748 0.0379157 0.1291 0.0716492 
0.0344614 0.0841124 0.0638441 0.0783002 0.162337 0.20895 0.0414851 0.0426536 0.134499 0.149357 
0.0926427 0.098552 0.180108 0.21949 0.0283437 0.192693 0.0593304 0.0123403 0.097116 0.0193839 
0.0537453 0.0511481 0.0870653 0.0616709 0.107913 0.123587 0.0536925 0.154157 0.0992977 0.207723 
0.055043 0.128179 0.257711 0.0917518 0.0801251 0.060341 0.109655 0.0310099 0.104801 0.0813824 
0.237155 0.0292368 0.131895 0.0959782 0.0457092 0.168694 0.0314643 0.0572943 0.10935 0.0932235 
0.0395279 0.0558136 0.0647395 0.0847193 0.210592 0.126078 0.0561381 0.0802059 0.0907606 0.191425 
0.512985 0.0109109 0.0681955 0.0697833 0.015878 0.173796 0.0311284 0.0369334 0.0557469 0.0246424 
0.271452 0.0239642 0.0757506 0.0682257 0.0286518 0.228027 0.0922737 0.0712297 0.0948377 0.0455878 
0.0797373 0.11143 0.205564 0.147346 0.0228461 0.150682 0.113223 0.012865 0.120481 0.0358257 
0.0899636 0.097272 0.106268 0.16697 0.0383961 0.135902 0.0199757 0.0642009 0.173426 0.107626 
0.0566843 0.106519 0.0868582 0.0811539 0.0892538 0.115144 0.113405 0.121546 0.105948 0.123488 
0.0286241 0.0505717 0.146291 0.0985192 0.0934075 0.0700366 0.0440632 0.246023 0.087559 0.134905 
0.0287372 0.223758 0.105017 0.125537 0.0539219 0.119204 0.0735153 0.073308 0.109295 0.0877056 
0.0907448 0.0489626 0.111335 0.0935933 0.0925042 0.0777891 0.085657 0.123602 0.133533 0.142279 
0.0332676 0.0601785 0.0774851 0.0883738 0.144104 0.121419 0.0653817 0.12214 0.12506 0.162591 
0.198147 0.0114787 0.226028 0.0722389 0.0263274 0.271699 0.0388606 0.0162219 0.120918 0.0180806 
0.0524246 0.164947 0.264556 0.155658 0.0239297 0.0719169 0.0937847 0.0284916 0.0991376 0.0451529 
0.0371277 0.0899568 0.145494 0.115151 0.0841287 0.0778359 0.058383 0.118155 0.124034 0.149734 
0.0414359 0.0491011 0.0592788 0.059753 0.208806 0.122537 0.0567897 0.106889 0.156564 0.138846 
0.0916029 0.0930276 0.122557 0.181075 0.0691996 0.15585 0.0618217 0.0366484 0.110423 0.0777945 
0.0621764 0.0941325 0.107671 0.172947 0.0931918 0.147833 0.0502589 0.0596965 0.121711 0.0903811 
0.487118 0.00694899 0.11122 0.0303333 0.0211565 0.120727 0.0691682 0.0281794 0.0883566 0.0367921 
0.384723 0.0156422 0.0714318 0.0579187 0.0573094 0.12578 0.0808253 0.0550448 0.0721786 0.0791461 
0.0876496 0.0395508 0.138667 0.125014 0.108962 0.221723 0.0548052 0.0259118 0.127456 0.0702602 
0.0326408 0.255079 0.0854726 0.15708 0.0493967 0.107245 0.058814 0.0642552 0.099672 0.0903449 
0.0835483 0.0218809 0.100722 0.0537691 0.127725 0.0521414 0.0592621 0.151037 0.133824 0.21609 
0.0789469 0.0747053 0.0696677 0.0596597 0.115655 0.131802 0.239381 0.0257104 0.123931 0.0805419 
0.0453257 0.0627767 0.0325375 0.0590264 0.149509 0.230628 0.0500175 0.0994622 0.174045 0.0966721 
0.126853 0.0307072 0.182669 0.188677 0.0804884 0.120601 0.0531895 0.031604 0.130018 0.0551927 
0.076972 0.0342926 0.086631 0.0992634 0.0919469 0.325191 0.0684307 0.0174728 0.144444 0.0553556 
0.0288253 0.147933 0.077189 0.116146 0.0617433 0.121722 0.0435026 0.176894 0.106058 0.119987 
0.042605 0.0729159 0.107515 0.179708 0.0611866 0.102988 0.0404795 0.160028 0.11803 0.114544 
0.0340864 0.0678077 0.0519785 0.137412 0.0982508 0.146969 0.0272269 0.130897 0.0994588 0.205912 
0.0728558 0.108792 0.0943557 0.255552 0.060291 0.105588 0.0314524 0.0467578 0.11986 0.104495 
0.160228 0.0651713 0.105943 0.0909856 0.0877653 0.118095 0.0478279 0.101307 0.116148 0.106529 
0.0956103 0.0392805 0.129851 0.07444 0.167983 0.0923928 0.0662571 0.0810738 0.11424 0.138871 
0.0812604 0.0938739 0.244338 0.163207 0.0240376 0.139772 0.0855272 0.0162747 0.0984672 0.0532413 
0.36581 0.00997562 0.0610636 0.0421977 0.0536667 0.192038 0.0884086 0.0503322 0.0675567 0.0689508 
0.0376749 0.0866438 0.104748 0.0747572 0.0681357 0.0909907 0.039995 0.219683 0.120174 0.157198 
0.0285548 0.233147 0.0975702 0.147216 0.0490739 0.0919672 0.0617644 0.0877274 0.0989392 0.10404 
0.0361847 0.213687 0.0894902 0.139431 0.0481532 0.100265 0.0692644 0.0939772 0.0989469 0.1106 
0.0525876 0.129834 0.225408 0.16582 0.0679242 0.0924981 0.0651781 0.0335605 0.110389 0.0567994 
0.0293414 0.227166 0.100521 0.134953 0.0535094 0.08435 0.0612779 0.103261 0.0942319 0.111388 
0.0619456 0.0367203 0.0798738 0.117595 0.131492 0.240423 0.0362251 0.0528947 0.181942 0.0608883 
0.0671657 0.0529513 0.0915383 0.279411 0.0676639 0.147383 0.0196893 0.0724684 0.112537 0.0891924 
0.0614093 0.103376 0.121308 0.184259 0.0800114 0.141682 0.0582569 0.053603 0.115181 0.0809138 
0.0570851 0.0618586 0.0957688 0.0818213 0.163957 0.0776997 0.0488283 0.105382 0.0889126 0.218687 
0.0554965 0.0350112 0.0597436 0.183841 0.0561413 0.0719637 0.0276739 0.28771 0.0896382 0.132781 
0.0728317 0.0192733 0.10895 0.106325 0.0736182 0.242376 0.0258927 0.0269951 0.20237 0.121369 
0.0608325 0.0480013 0.145187 0.0706964 0.0821692 0.145348 0.267761 0.0262329 0.112922 0.04085 
0.0928136 0.102715 0.0791711 0.220032 0.0291476 0.159788 0.0750318 0.094731 0.0706247 0.0759453 
0.0587895 0.055722 0.106996 0.101584 0.133306 0.079659 0.142022 0.113585 0.0795814 0.128755 
0.0335803 0.225789 0.0911258 0.131365 0.0416036 0.11512 0.0627223 0.0808142 0.10873 0.109149 
0.110371 0.107218 0.0660952 0.22994 0.0545665 0.199078 0.0218227 0.033441 0.115145 0.0623219 
0.0473487 0.0802577 0.108942 0.100332 0.110249 0.187659 0.0859212 0.0363008 0.165339 0.0776506 
0.0261205 0.220004 0.088872 0.146494 0.0504455 0.0920007 0.0490579 0.0853812 0.104794 0.13683 
0.310822 0.0264959 0.0839259 0.104937 0.0439581 0.116491 0.0505286 0.0527923 0.093835 0.116214 
0.069846 0.104389 0.0564419 0.0903464 0.110039 0.27468 0.0271758 0.0391117 0.126495 0.101474 
0.0431537 0.199849 0.118421 0.100662 0.0404147 0.123132 0.0981966 0.0786443 0.112656 0.0848707 
0.0265651 0.042211 0.0933553 0.212457 0.0824269 0.0785267 0.0350966 0.167693 0.116023 0.145646 
0.0319324 0.20027 0.0849121 0.169627 0.0601313 0.116266 0.0494249 0.0726499 0.104737 0.110049 
0.0636809 0.0322918 0.0905184 0.122219 0.0786121 0.306871 0.0570248 0.0221887 0.148997 0.0775973 
0.204382 0.0354705 0.133375 0.130682 0.0363524 0.139844 0.038299 0.074792 0.158479 0.0483229 
0.0988272 0.042607 0.141983 0.0608712 0.119797 0.0894507 0.154189 0.0713685 0.0869168 0.133989 
0.0528514 0.167995 0.109754 0.111403 0.0891563 0.0914075 0.0866978 0.0973284 0.110574 0.082834 
0.0699399 0.0921201 0.0915729 0.0852301 0.0809717 0.137835 0.0821746 0.0462509 0.21118 0.102726 
0.0964639 0.0319269 0.0384674 0.112845 0.0939761 0.349496 0.0207207 0.0443049 0.102808 0.108991 
0.0591497 0.162168 0.0951065 0.121925 0.0530662 0.11486 0.0717253 0.115633 0.0953585 0.111008 
0.0473037 0.0765484 0.0482438 0.0962225 0.111748 0.114119 0.0357393 0.167265 0.135139 0.167671 
0.0533092 0.0760498 0.0570478 0.0932546 0.188089 0.0927923 0.0532418 0.10126 0.119356 0.1656 
0.0491119 0.0182595 0.0940369 0.0882576 0.251893 0.0869908 0.0681093 0.0912242 0.170328 0.0817881 
0.0568441 0.0669177 0.151903 0.0681513 0.12049 0.11407 0.198756 0.0354514 0.110878 0.0765402 
0.0853344 0.025093 0.109659 0.166672 0.0650025 0.0870821 0.0319772 0.193116 0.131173 0.104891 
0.0418436 0.133891 0.284299 0.163651 0.0182158 0.0996975 0.139079 0.0177709 0.0769157 0.0246362 
0.0896986 0.0445469 0.104118 0.0713319 0.0926982 0.261068 0.0466471 0.0362403 0.154179 0.0994714 
0.247632 0.0249138 0.0956516 0.0834149 0.0597388 0.178015 0.0600753 0.0612436 0.0992663 0.0900488 
0.0860967 0.0703038 0.136776 0.120046 0.0746367 0.151103 0.0928101 0.0828502 0.0909488 0.0944286 
0.0588084 0.0294679 0.113485 0.0975209 0.111429 0.218043 0.030881 0.0348844 0.188026 0.117455 
0.071959 0.0542238 0.132962 0.0781293 0.0698744 0.174907 0.185646 0.0380405 0.122045 0.0722143 
0.0996809 0.0597793 0.0613004 0.212201 0.0599457 0.167973 0.0341486 0.0892363 0.102805 0.11293 
0.0284975 0.021718 0.087286 0.19051 0.0621631 0.0855617 0.0217808 0.281162 0.0903656 0.130955 
0.0561858 0.106912 0.285635 0.153652 0.0259785 0.133644 0.0974671 0.0151512 0.0933549 0.0320206 
0.181943 0.0371132 0.197583 0.100173 0.0613157 0.0901985 0.0573187 0.0659859 0.122685 0.0856843 
0.0628639 0.0894123 0.124583 0.111625 0.0738488 0.179506 0.0258565 0.0425487 0.167113 0.122642 
0.064472 0.0689618 0.111269 0.120365 0.123211 0.102039 0.0516265 0.0457797 0.181742 0.130534 
0.0937535 0.0492356 0.0951672 0.0755789 0.0739059 0.324994 0.0705914 0.0347687 0.10963 0.0723756 
0.0348351 0.0521091 0.0668487 0.113944 0.168017 0.11431 0.0556503 0.119 0.091431 0.183855 
0.0436342 0.187967 0.104902 0.117993 0.0560045 0.0971138 0.062064 0.112462 0.112774 0.105085 
0.032003 0.227774 0.096244 0.138289 0.0508479 0.101444 0.0686783 0.0802298 0.102584 0.101905 
0.0794296 0.0374742 0.0702751 0.0723666 0.205559 0.126056 0.063812 0.0937458 0.124188 0.127093 
0.224083 0.0165349 0.129311 0.0425607 0.0332677 0.329644 0.0824958 0.0183184 0.105567 0.0182173 
0.0491051 0.0921197 0.115798 0.156655 0.0660533 0.037546 0.0604768 0.23462 0.130796 0.0568298 
0.0444039 0.0710768 0.0510255 0.220521 0.0715736 0.201212 0.0553429 0.0587394 0.125288 0.100817 
0.0716223 0.0478814 0.0708706 0.161989 0.0614882 0.106302 0.0487677 0.190469 0.095448 0.145163 
0.0743914 0.0483963 0.11284 0.0521817 0.0778882 0.111269 0.365453 0.0420986 0.071854 0.0436277 
0.0401674 0.227914 0.102624 0.119793 0.0459243 0.103279 0.0706685 0.0881893 0.105749 0.0956913 
0.141752 0.0570043 0.0731147 0.116749 0.0687077 0.173751 0.11239 0.0769927 0.081357 0.0981812 
0.0711672 0.0685129 0.182689 0.0829789 0.104219 0.0696673 0.0768591 0.129753 0.105564 0.108589 
0.0531085 0.17569 0.125598 0.118513 0.0849429 0.100105 0.0510479 0.084288 0.113141 0.0935648 
0.0194281 0.0679642 0.046507 0.125277 0.125631 0.120855 0.0400818 0.163991 0.123054 0.167211 
0.134363 0.0143807 0.33043 0.120806 0.0365175 0.0989967 0.0815987 0.0538828 0.0742587 0.0547667 
0.100629 0.0276764 0.13075 0.0934931 0.0882271 0.224708 0.0490753 0.0580054 0.140546 0.0868895 
0.0946362 0.040751 0.143687 0.0920135 0.0889205 0.133432 0.216872 0.0440579 0.0670616 0.0785683 
0.0420126 0.2013 0.112954 0.119838 0.0552741 0.0910625 0.0551933 0.113835 0.104543 0.103988 
0.115901 0.0497804 0.0872581 0.0589499 0.0992902 0.0913604 0.0823597 0.153232 0.0994356 0.162433 
0.0842386 0.0655718 0.0597857 0.113846 0.0731479 0.245775 0.0657496 0.0504405 0.14666 0.0947859 
0.0525723 0.0958199 0.286317 0.171325 0.0540901 0.0762632 0.085348 0.0415354 0.0799414 0.0567883 
0.0617926 0.0649677 0.107029 0.143508 0.0795408 0.233513 0.0479317 0.0418385 0.148603 0.0712765 
0.0533666 0.0379957 0.0683057 0.0606297 0.242617 0.121193 0.075403 0.0885595 0.121737 0.130193 
0.109085 0.0426793 0.0637533 0.0560913 0.269679 0.0634058 0.0962034 0.122388 0.0684409 0.108273 
0.261289 0.0202003 0.202989 0.095956 0.0512395 0.130838 0.0500574 0.0343298 0.0977128 0.0553891 
0.0585583 0.0893011 0.137149 0.145093 0.0568056 0.135296 0.0454882 0.0511924 0.172724 0.108392 
0.103401 0.0333733 0.150079 0.224358 0.0693112 0.220985 0.0252575 0.0433926 0.0771336 0.0527094 
0.0916262 0.0695886 0.0820092 0.0695224 0.116796 0.139865 0.0704304 0.0954495 0.120032 0.14468 
0.0769812 0.104961 0.109999 0.180472 0.0576 0.113305 0.070512 0.0874207 0.122009 0.0767403 
0.0502595 0.0218462 0.100034 0.0756397 0.226862 0.0840595 0.0401896 0.100065 0.114807 0.186237 
0.122694 0.0381022 0.0467132 0.0800526 0.098135 0.200899 0.0763128 0.053114 0.137732 0.146245 
0.296748 0.0254219 0.122159 0.0751269 0.0408595 0.140354 0.0174742 0.0745301 0.103676 0.10365 
0.0837828 0.100438 0.113616 0.219081 0.0295896 0.134328 0.0563998 0.0603502 0.131587 0.0708269 
0.0304769 0.16605 0.102833 0.148936 0.0610142 0.128785 0.0576537 0.0746049 0.114727 0.114921 
0.0566595 0.0278951 0.0535694 0.103938 0.0505597 0.0959149 0.0258408 0.325887 0.109256 0.150479 
0.0429249 0.100823 0.0981193 0.125549 0.0697568 0.0900905 0.0494637 0.167542 0.10898 0.146751 
0.0412214 0.01752 0.0309947 0.22001 0.057597 0.283295 0.00815804 0.12216 0.131664 0.0873799 
0.0567729 0.00987644 0.0343279 0.0924169 0.0411831 0.097746 0.0075928 0.381344 0.11392 0.16482 
0.0407195 0.108135 0.10768 0.0918824 0.117758 0.0898247 0.0515096 0.102801 0.108144 0.181545 
0.0598951 0.0410549 0.0464866 0.0852182 0.0807697 0.110001 0.0312782 0.278733 0.109541 0.157022 
0.0318145 0.237132 0.10808 0.118096 0.0423319 0.102064 0.0797147 0.0695592 0.120793 0.0904143 
