0.0430182 0.0316562 0.0777715 0.204468 0.0734244 0.0571224 0.0232625 0.306504 0.071956 0.110817 
0.0825567 0.0968641 0.237409 0.107066 0.00951658 0.206408 0.104882 0.0098605 0.10884 0.0365974 
0.0389775 0.150918 0.119372 0.112692 0.0755863 0.123539 0.0860751 0.10983 0.0952966 0.0877146 
0.341526 0.0216479 0.0779712 0.105196 0.0584132 0.108715 0.0625853 0.089412 0.0552163 0.0793174 
0.072545 0.0458113 0.110463 0.0790835 0.204999 0.0736583 0.0817726 0.11522 0.0985078 0.11794 
0.0300671 0.183898 0.111478 0.123816 0.0685382 0.0878972 0.0499735 0.136678 0.108018 0.0996357 
0.0408548 0.0525759 0.0468893 0.0922553 0.195797 0.151996 0.0483092 0.111565 0.121667 0.13809 
0.0333541 0.0824834 0.0545498 0.0886715 0.140171 0.119543 0.062959 0.128423 0.0635203 0.226324 
0.103249 0.0294784 0.0675998 0.0420848 0.153519 0.172318 0.195778 0.0512969 0.0879053 0.0967708 
0.0308996 0.0226793 0.027018 0.0759934 0.158981 0.0672445 0.0334592 0.246848 0.0837421 0.253135 
0.234538 0.0311296 0.1222 0.118646 0.0443947 0.164775 0.0681004 0.0448454 0.111695 0.0596753 
0.0817438 0.0885531 0.114521 0.103093 0.0946109 0.0974425 0.155708 0.0781149 0.10475 0.0814626 
0.060122 0.0442875 0.0602953 0.122566 0.136826 0.116382 0.0446266 0.143602 0.0964506 0.174842 
0.311451 0.018745 0.0879242 0.0887686 0.0693546 0.11395 0.0339908 0.0923162 0.0864102 0.0970899 
0.0213109 0.218801 0.0951761 0.130455 0.0723498 0.0933742 0.0702875 0.0871964 0.111144 0.0999059 
0.0781772 0.0805587 0.0816771 0.173965 0.0752913 0.198963 0.0549348 0.0570015 0.122873 0.0765573 
0.0690508 0.0386516 0.0680487 0.1041 0.134893 0.0810921 0.0371484 0.166176 0.121035 0.179804 
0.0583026 0.0263522 0.099281 0.226094 0.0658726 0.0412718 0.018642 0.321538 0.0556508 0.0869953 
0.0466597 0.0614955 0.144696 0.142578 0.0723084 0.116069 0.107278 0.110388 0.0847686 0.113758 
0.0723831 0.0578617 0.0700905 0.0990592 0.189207 0.0888708 0.0742023 0.117737 0.0858253 0.144763 
0.0366099 0.0382527 0.0297159 0.148727 0.124067 0.0861811 0.0218225 0.194438 0.0876608 0.232525 
0.0801127 0.0488094 0.1037 0.0729454 0.0760985 0.141199 0.27217 0.0326892 0.0962948 0.0759808 
0.0497717 0.106522 0.0911097 0.0784427 0.167103 0.0765702 0.153802 0.139623 0.0735811 0.0634752 
0.104812 0.0612594 0.0803209 0.109523 0.114427 0.222766 0.0804458 0.0411291 0.102642 0.0826746 
0.0709658 0.0713167 0.0848373 0.0913109 0.163692 0.0888613 0.0941388 0.145349 0.0671348 0.122393 
0.543135 0.0029665 0.0324702 0.0221688 0.0542689 0.127381 0.0903485 0.0524083 0.0408026 0.0340498 
0.0653002 0.0637441 0.0686287 0.117446 0.0642657 0.102428 0.0258686 0.270776 0.0901997 0.131343 
0.0718247 0.0502413 0.0895751 0.083865 0.230586 0.0950089 0.0623528 0.104696 0.0915402 0.12031 
0.334569 0.0159806 0.111792 0.136582 0.0256087 0.113435 0.0247297 0.0689059 0.0918526 0.0765445 
0.0317388 0.160362 0.0970771 0.116842 0.0895067 0.136363 0.0877744 0.073556 0.107269 0.0995122 
0.0375894 0.0572301 0.0545349 0.299661 0.0504735 0.148653 0.0334584 0.149929 0.0705575 0.0979125 
0.0399017 0.184909 0.0870608 0.134307 0.0919331 0.107885 0.0643223 0.0890411 0.0931722 0.107468 
0.0407834 0.0591338 0.0871909 0.251669 0.0704047 0.206649 0.0281809 0.048721 0.102771 0.104497 
0.133557 0.0189431 0.0766845 0.043072 0.222624 0.137069 0.141505 0.0677465 0.0844056 0.0743933 
0.045997 0.037552 0.100499 0.162987 0.0668678 0.0672927 0.0330151 0.285474 0.0819833 0.118332 
0.063088 0.0892726 0.246312 0.172112 0.0351976 0.16146 0.056752 0.0483615 0.0958501 0.0315945 
0.0396638 0.0363452 0.0751221 0.164327 0.0543418 0.0727813 0.0269139 0.307703 0.101931 0.12087 
0.0262154 0.193899 0.086032 0.124582 0.0790401 0.139397 0.068065 0.0810412 0.0991001 0.102628 
0.132246 0.0809913 0.144369 0.173436 0.0378068 0.15372 0.0824151 0.0500119 0.0883418 0.0566618 
0.0383469 0.178448 0.0970997 0.129523 0.0506185 0.141833 0.0626234 0.0735852 0.136773 0.0911504 
0.0467168 0.164674 0.119762 0.107795 0.0668798 0.106633 0.0952595 0.0872143 0.101623 0.103442 
0.0371502 0.0389106 0.0656918 0.180631 0.0980344 0.0843782 0.0431069 0.220354 0.0890822 0.142661 
0.0254804 0.0679656 0.0521151 0.104918 0.201925 0.0874022 0.0400247 0.164007 0.113674 0.142489 
0.110528 0.101249 0.165414 0.118177 0.0725081 0.131616 0.0808252 0.050648 0.100652 0.0683837 
0.0354501 0.0660651 0.096287 0.190217 0.0582528 0.154223 0.108189 0.0757097 0.0861446 0.129462 
0.101661 0.059374 0.094627 0.158894 0.0641253 0.203186 0.0694327 0.0450296 0.102681 0.100989 
0.0160087 0.201931 0.0849436 0.175675 0.0878708 0.10658 0.0579046 0.0916896 0.0805548 0.0968411 
0.0700441 0.0916605 0.207437 0.118998 0.0848344 0.094787 0.113539 0.061604 0.0721397 0.0849566 
0.0354755 0.0323962 0.028438 0.0973054 0.304354 0.134594 0.0252302 0.0906589 0.116813 0.134736 
0.0584116 0.0426168 0.106798 0.0673533 0.236722 0.0434656 0.0846492 0.136303 0.0840066 0.139674 
0.136177 0.0533151 0.11647 0.0857302 0.0533375 0.154885 0.220974 0.0546433 0.0649737 0.0594948 
0.0910682 0.0400343 0.0680217 0.336558 0.071024 0.0926048 0.0398877 0.109834 0.0688335 0.0821339 
0.133899 0.079413 0.0543317 0.100186 0.126126 0.183135 0.0530502 0.0962969 0.0915511 0.0820105 
0.0771497 0.0497334 0.0584634 0.142403 0.147788 0.198414 0.0544305 0.0621973 0.111741 0.0976803 
0.0512946 0.0715599 0.24686 0.0525941 0.0751248 0.0410507 0.237926 0.0794954 0.108859 0.0352348 
0.318297 0.0172167 0.0888839 0.0799783 0.0581283 0.19538 0.0367456 0.0468166 0.085364 0.0731894 
0.0788885 0.0365428 0.0848055 0.0861438 0.250427 0.105983 0.0764074 0.104116 0.0926055 0.0840806 
0.0309153 0.178352 0.105756 0.10821 0.067257 0.0975209 0.0553595 0.137085 0.118473 0.10107 
0.0730071 0.0408634 0.0591739 0.0758727 0.140497 0.112431 0.0340617 0.177113 0.09326 0.193721 
0.11142 0.0825798 0.0670404 0.0885773 0.100828 0.183397 0.0619714 0.114235 0.10795 0.0820018 
0.0359313 0.0352893 0.0707918 0.277788 0.0690158 0.073347 0.0186211 0.269446 0.0664355 0.0833341 
0.101883 0.0328478 0.106276 0.0807252 0.0717381 0.154896 0.107099 0.0744807 0.163404 0.106651 
0.0618051 0.0569845 0.0896102 0.108194 0.146716 0.130785 0.0750593 0.097008 0.100238 0.1336 
0.0562837 0.0712016 0.136902 0.201779 0.0826164 0.104687 0.0480346 0.0524901 0.110592 0.135414 
0.0428821 0.0256433 0.0920853 0.193317 0.100589 0.0370621 0.0306595 0.321331 0.0579577 0.0984733 
0.0816759 0.0763857 0.07607 0.126201 0.146025 0.144399 0.0582097 0.079919 0.0984577 0.112657 
0.0510772 0.0771946 0.126955 0.146008 0.0892173 0.0852087 0.0937219 0.165228 0.0690418 0.096347 
0.0877606 0.0411455 0.0838963 0.0554493 0.225423 0.0700376 0.0943878 0.129955 0.0810056 0.130938 
0.0452905 0.0542994 0.0738497 0.297215 0.0530401 0.172217 0.0181819 0.086162 0.103984 0.095761 
0.405303 0.00807161 0.0504 0.0570973 0.0263681 0.191157 0.110859 0.0719522 0.0330902 0.0457012 
0.0516173 0.020948 0.0597584 0.26948 0.0714611 0.0450458 0.0199374 0.309791 0.0746444 0.0773166 
0.36349 0.0145122 0.0796017 0.0614158 0.036815 0.164543 0.0763213 0.0469883 0.0902519 0.0660604 
0.142241 0.0395069 0.265891 0.157194 0.0276278 0.135382 0.0926604 0.049971 0.0631331 0.0263933 
0.0246746 0.0941385 0.0797399 0.145642 0.0521816 0.0814842 0.0249826 0.233749 0.103842 0.159567 
0.0230455 0.199008 0.0885675 0.113234 0.0669471 0.131728 0.0719209 0.0855182 0.122514 0.0975173 
0.0237097 0.0552611 0.0987616 0.125239 0.0873805 0.0846292 0.0249885 0.271777 0.0960741 0.132179 
0.0856814 0.118354 0.0739012 0.195561 0.0674105 0.186976 0.0471903 0.0476078 0.105146 0.0721717 
0.0634066 0.122288 0.163794 0.0632456 0.0769911 0.100383 0.067795 0.154909 0.0799987 0.107188 
0.0291775 0.0857055 0.0614326 0.129025 0.118418 0.128819 0.0371654 0.138389 0.119222 0.152646 
0.0190247 0.0230665 0.0252636 0.111078 0.066093 0.0716488 0.0130659 0.460889 0.0818598 0.128011 
0.0703769 0.0581971 0.0564183 0.0964665 0.135078 0.116888 0.0440654 0.219078 0.0566683 0.146764 
0.111977 0.034367 0.122309 0.0860911 0.105489 0.138084 0.192599 0.0649456 0.0694761 0.0746622 
0.0368563 0.0465525 0.433441 0.12102 0.0342087 0.0781069 0.0738306 0.0297462 0.0963213 0.0499168 
0.0670353 0.058684 0.0484348 0.136601 0.0984517 0.103206 0.0303566 0.243124 0.0820649 0.132041 
0.0721309 0.110258 0.0924977 0.0831483 0.0845586 0.192457 0.0550034 0.0733114 0.125204 0.111431 
0.0405901 0.0230425 0.0272087 0.0793944 0.398782 0.0986489 0.0475783 0.0743092 0.0978106 0.112635 
0.0193769 0.0563557 0.074756 0.122763 0.0716672 0.0526355 0.0254852 0.361612 0.0825309 0.132818 
0.0423008 0.0564868 0.0592264 0.241215 0.0991778 0.175281 0.0685929 0.0839253 0.0719929 0.101801 
0.0630531 0.0365854 0.153368 0.0590103 0.124993 0.0741296 0.241813 0.0728442 0.0518649 0.122338 
0.0351894 0.184928 0.118222 0.113882 0.0654554 0.118331 0.0783435 0.100432 0.110544 0.0746727 
0.0930029 0.0644398 0.0823075 0.283706 0.0411865 0.149646 0.0199007 0.104277 0.0805693 0.0809643 
0.0611508 0.0708521 0.121012 0.0787242 0.0876692 0.135121 0.265753 0.0370954 0.093301 0.0493211 
0.0665572 0.0812433 0.100217 0.0856495 0.138347 0.0983374 0.0859962 0.117294 0.0958734 0.130485 
0.0515761 0.0509919 0.0575964 0.295126 0.0341454 0.160733 0.0171584 0.117338 0.100623 0.114711 
0.0192221 0.231083 0.0916275 0.113482 0.0873333 0.128309 0.0697033 0.0476629 0.123663 0.0879125 
0.0715024 0.0317928 0.0712989 0.0479793 0.197157 0.0590741 0.108451 0.115228 0.0839551 0.213561 
0.0285207 0.172556 0.0869225 0.131007 0.082759 0.11843 0.069823 0.104069 0.0952785 0.110635 
0.0312689 0.0720586 0.12847 0.12452 0.0900694 0.0863031 0.0481671 0.195058 0.128356 0.0957297 
0.130756 0.0646935 0.111725 0.0660631 0.0910111 0.169285 0.200405 0.0342008 0.0860624 0.045797 
0.040533 0.0477399 0.0718435 0.0776375 0.14571 0.0513555 0.0336674 0.193357 0.0896271 0.248529 
0.0655433 0.0800342 0.138335 0.0761123 0.0868248 0.085969 0.170309 0.120076 0.0667727 0.110024 
0.263011 0.0298294 0.0657474 0.0705548 0.0544357 0.166791 0.0455997 0.0784179 0.124399 0.101215 
0.0321848 0.0547155 0.0174957 0.145071 0.0783916 0.308868 0.0183531 0.118869 0.133432 0.09262 
0.067254 0.0321018 0.0834392 0.112245 0.258688 0.0595644 0.0937076 0.119515 0.0593029 0.114183 
0.0613129 0.0414125 0.0579659 0.110608 0.141977 0.144281 0.0401153 0.118676 0.0855731 0.198079 
0.065335 0.0613094 0.0730776 0.100628 0.144537 0.108648 0.0618224 0.143882 0.0937384 0.147022 
0.12001 0.0275707 0.258167 0.151885 0.0571473 0.107058 0.0675793 0.050508 0.112409 0.0476652 
0.106414 0.148295 0.108593 0.117773 0.0436188 0.143255 0.0774277 0.0729707 0.11212 0.0695349 
0.0407502 0.0541973 0.023461 0.109564 0.168999 0.133968 0.0475108 0.118593 0.0919469 0.21101 
0.0860306 0.044689 0.0970779 0.07872 0.199043 0.0653814 0.0804641 0.12153 0.0822029 0.144862 
0.0818897 0.10947 0.102742 0.146435 0.0496929 0.185061 0.0416578 0.0594566 0.152336 0.071259 
0.025829 0.142679 0.102496 0.146441 0.0660552 0.0660493 0.0352358 0.186453 0.0916641 0.137098 
0.0560369 0.083655 0.092225 0.229205 0.0567107 0.180631 0.0356427 0.055711 0.114274 0.095908 
0.0355057 0.0744602 0.0800734 0.0999606 0.166316 0.0830363 0.0505565 0.149647 0.0903993 0.170044 
0.036085 0.080282 0.127011 0.114097 0.0856821 0.0738893 0.0577959 0.199087 0.0791762 0.146895 
0.0595019 0.0640811 0.0866146 0.0860694 0.165007 0.0924265 0.13109 0.0853107 0.102904 0.126995 
0.033488 0.0918737 0.0713434 0.108922 0.202982 0.0919267 0.0577658 0.100502 0.106822 0.134375 
0.0654124 0.0503914 0.0788839 0.0531476 0.271958 0.0750005 0.0980757 0.100166 0.0836362 0.123329 
0.0577016 0.0607247 0.080319 0.109294 0.127404 0.11745 0.0506186 0.12656 0.103357 0.166572 
0.0562928 0.0329885 0.137998 0.0839055 0.0990738 0.104008 0.0714713 0.165905 0.115023 0.133334 
0.0585412 0.0321525 0.0588844 0.19007 0.0772209 0.242898 0.0398238 0.0583354 0.120767 0.121307 
0.0797861 0.0367662 0.0907101 0.0560683 0.186988 0.0813044 0.118711 0.113898 0.101759 0.134007 
0.0459063 0.0787123 0.0745887 0.158372 0.114977 0.0963356 0.039489 0.208468 0.0778739 0.105277 
0.0489158 0.0689577 0.118885 0.0905265 0.1435 0.107836 0.203728 0.0538818 0.0691955 0.0945738 
0.0276369 0.0406263 0.01384 0.0822027 0.216742 0.0868023 0.0227863 0.231673 0.132584 0.145106 
0.0483585 0.0753819 0.0924469 0.115984 0.149242 0.0720051 0.0607401 0.116718 0.0839425 0.185181 
0.169334 0.0179069 0.12334 0.170275 0.0455634 0.126767 0.0360698 0.130369 0.0774367 0.102938 
0.0989056 0.0682995 0.0498948 0.0975565 0.0971897 0.249348 0.0443763 0.0616814 0.133569 0.0991793 
0.0305096 0.0655615 0.0776229 0.201175 0.088888 0.166966 0.0176369 0.0803399 0.182118 0.0891813 
0.0987569 0.0561014 0.0809558 0.129148 0.0861628 0.192851 0.0435335 0.091902 0.115094 0.105495 
0.0557097 0.0343268 0.0895217 0.0650739 0.15672 0.105434 0.259282 0.0790768 0.0631357 0.0917191 
0.0933717 0.0343216 0.124837 0.0615931 0.118399 0.0971648 0.307237 0.0440536 0.0637385 0.0552837 
0.0612095 0.0296598 0.0671717 0.171151 0.041052 0.377966 0.0793023 0.0377436 0.0900253 0.0447195 
0.0558811 0.0343869 0.157652 0.140089 0.0840764 0.0251706 0.0340657 0.300585 0.0817284 0.0863655 
0.0517602 0.134653 0.0857392 0.130821 0.0719754 0.18156 0.032832 0.0452623 0.178946 0.0864505 
0.0297618 0.197343 0.0994899 0.139007 0.0600786 0.115653 0.059876 0.0744328 0.128689 0.0956693 
0.25997 0.0237232 0.132227 0.0984132 0.0604051 0.160209 0.0638648 0.0465127 0.0776175 0.0770568 
0.0470448 0.168448 0.121783 0.134492 0.0433155 0.127048 0.0798629 0.0830336 0.127317 0.0676557 
0.0808603 0.050757 0.11917 0.0879039 0.115688 0.0824641 0.253516 0.0856046 0.0499931 0.0740419 
0.0416292 0.0466124 0.0799864 0.0589716 0.207124 0.0619461 0.0984993 0.129939 0.135099 0.140192 
0.100376 0.0766082 0.12723 0.0513513 0.0851674 0.130035 0.183843 0.0747566 0.0921182 0.0785145 
0.0514701 0.0524226 0.0721382 0.174712 0.0555199 0.0575474 0.0231838 0.336884 0.0692338 0.106888 
0.0254183 0.0502666 0.195006 0.291133 0.0724338 0.0613507 0.0115322 0.0943287 0.0849957 0.113534 
0.0296609 0.211973 0.110727 0.11418 0.0588124 0.0862922 0.0815488 0.115592 0.106696 0.0845175 
0.0634534 0.0300207 0.108619 0.140964 0.0912545 0.0637697 0.0446371 0.203929 0.0887687 0.164584 
0.0384668 0.177176 0.0899866 0.117281 0.083774 0.130035 0.0770718 0.0902327 0.106769 0.0892068 
0.0611878 0.0740209 0.0909046 0.107951 0.119195 0.133868 0.0556354 0.0869804 0.155416 0.114841 
0.0364878 0.0247144 0.348052 0.173563 0.0850892 0.138032 0.0740132 0.0202372 0.0659542 0.0338561 
0.315681 0.0276917 0.0866745 0.0936691 0.0583277 0.145726 0.0849168 0.0471265 0.0787731 0.0614135 
0.0348067 0.0804599 0.109689 0.122236 0.098757 0.0978905 0.111317 0.0875446 0.0929562 0.164343 
0.0711911 0.0501842 0.0780888 0.118881 0.131161 0.102203 0.0671122 0.0916125 0.100444 0.189123 
0.0472427 0.0316637 0.177448 0.118864 0.102421 0.0904633 0.018519 0.0771872 0.162611 0.173579 
0.124842 0.0331978 0.0618746 0.0749681 0.117699 0.233598 0.0422189 0.0940123 0.146961 0.0706293 
0.0997705 0.073752 0.0736172 0.141256 0.0536184 0.172779 0.0612843 0.0578082 0.122727 0.143387 
0.0417107 0.199888 0.0892039 0.127042 0.0917455 0.085906 0.0727119 0.0973184 0.0899671 0.104506 
0.066214 0.0386622 0.0343174 0.070818 0.170033 0.294477 0.0892526 0.0470305 0.0916614 0.0975338 
0.076491 0.0224057 0.112427 0.0637035 0.152316 0.11561 0.224674 0.11227 0.0473514 0.0727511 
0.253049 0.0338627 0.0994824 0.0974082 0.0585934 0.134464 0.0785779 0.0835477 0.0672058 0.0938091 
0.124672 0.0430846 0.160838 0.27572 0.0213217 0.094211 0.06874 0.109651 0.0513053 0.0504567 
0.0463233 0.123949 0.0688703 0.0947247 0.180315 0.0959 0.069895 0.119962 0.0816251 0.118436 
0.0241341 0.0760515 0.0926117 0.0865668 0.285243 0.0790007 0.0505441 0.106317 0.0922758 0.107255 
0.143717 0.0477846 0.101552 0.0750312 0.0810302 0.109859 0.292618 0.0549527 0.044665 0.0487906 
0.0813755 0.0400852 0.0577417 0.129507 0.0354981 0.420078 0.0171108 0.0312349 0.110888 0.0764808 
0.0464653 0.0271375 0.0592246 0.0650277 0.360424 0.0609773 0.0441086 0.13615 0.0821856 0.118299 
0.0445906 0.0363682 0.127867 0.0619345 0.156588 0.0736844 0.257212 0.0988524 0.0561831 0.0867198 
0.0631644 0.0300333 0.0614433 0.174091 0.0779693 0.284936 0.0594487 0.0332867 0.12908 0.0865468 
0.0777382 0.0398379 0.102038 0.0985691 0.207792 0.0697138 0.0590769 0.113562 0.0939531 0.137719 
0.0899323 0.0496367 0.0503051 0.132415 0.117044 0.246149 0.0782768 0.0803644 0.0900122 0.0658646 
0.0324953 0.221189 0.0947337 0.115924 0.0635804 0.123536 0.0822751 0.0692854 0.107993 0.0889888 
0.0630308 0.0512956 0.0602554 0.11066 0.216472 0.115538 0.0448787 0.116154 0.07681 0.144906 
0.0682844 0.0767031 0.0786917 0.0970286 0.163219 0.108576 0.0853616 0.104036 0.0893258 0.128774 
0.0265208 0.0623843 0.138405 0.147157 0.0382863 0.0443948 0.0217546 0.321874 0.0748652 0.124359 
0.110854 0.065886 0.246519 0.15858 0.0205151 0.167511 0.0344265 0.0180658 0.144666 0.0329777 
0.104794 0.0936786 0.0679748 0.193571 0.0524462 0.192026 0.0319135 0.0702234 0.0960831 0.0972886 
0.0669809 0.0852437 0.308536 0.0985263 0.0608738 0.0597261 0.0761959 0.0561095 0.0916647 0.0961429 
0.0459631 0.117187 0.0979152 0.12827 0.0827662 0.0980896 0.044345 0.155737 0.0871125 0.142615 
0.0412508 0.180761 0.111216 0.106018 0.0647965 0.119885 0.0919844 0.0814899 0.108726 0.0938729 
0.0515873 0.0759293 0.122548 0.140595 0.0983267 0.132036 0.0558866 0.0758566 0.124284 0.12295 
0.0316021 0.195774 0.0973467 0.129894 0.07051 0.0952969 0.0691185 0.107114 0.103596 0.0997477 
0.0500403 0.0983327 0.131508 0.126572 0.0481503 0.199735 0.0480888 0.0412613 0.207619 0.048693 
0.0321366 0.189546 0.110822 0.124019 0.0679365 0.0889857 0.051581 0.122351 0.10611 0.106512 
0.0395366 0.128561 0.154369 0.135839 0.0570587 0.146882 0.0772256 0.0343475 0.161506 0.064675 
0.0735421 0.0883142 0.0827239 0.121735 0.0839954 0.22677 0.0443866 0.058256 0.130118 0.0901592 
0.33946 0.00767371 0.0658657 0.0784185 0.0352026 0.236994 0.113413 0.0378312 0.0564612 0.0286798 
0.0868954 0.0762316 0.105794 0.110501 0.0622069 0.15211 0.116855 0.0525841 0.153919 0.082903 
0.0498733 0.0536597 0.0779233 0.0938508 0.19605 0.0576209 0.0616822 0.11641 0.102131 0.190799 
0.0482987 0.0919277 0.257005 0.222208 0.0108701 0.132067 0.04999 0.0336085 0.105683 0.0483416 
0.0692675 0.031106 0.118506 0.156549 0.0528556 0.209136 0.0298495 0.0635055 0.110667 0.158559 
0.546759 0.00915567 0.0436055 0.0685339 0.0260511 0.117709 0.0279158 0.0477337 0.0745752 0.0379613 
0.0375562 0.180678 0.092213 0.119278 0.0967407 0.121145 0.0895926 0.0741415 0.0949131 0.0937426 
0.034544 0.16621 0.120056 0.12669 0.0664326 0.0804959 0.0502044 0.130168 0.121142 0.104057 
0.0263628 0.186575 0.0951511 0.119067 0.0919649 0.12844 0.0833242 0.0832205 0.0997202 0.0861746 
0.238578 0.0122067 0.0617458 0.125359 0.087753 0.191764 0.0755751 0.0770023 0.0636793 0.0663365 
0.0259116 0.0805334 0.073368 0.183369 0.132445 0.0767145 0.0367845 0.134076 0.108514 0.148283 
0.253061 0.0237378 0.0764394 0.133262 0.0629162 0.162909 0.0288952 0.0789338 0.0876202 0.0922251 
0.0366396 0.112009 0.113163 0.125768 0.0991342 0.167395 0.049764 0.069254 0.101012 0.125861 
0.0265528 0.194859 0.0993872 0.107037 0.0617476 0.127817 0.0855059 0.0689565 0.132434 0.0957026 
0.0762928 0.0536562 0.105598 0.074692 0.0896775 0.156297 0.259439 0.0366334 0.0852314 0.0624818 
0.0448087 0.0547585 0.0733186 0.114488 0.175979 0.120072 0.041389 0.122695 0.103271 0.14922 
0.0470524 0.0699171 0.259006 0.220432 0.0373708 0.0843867 0.0395723 0.0775234 0.0988679 0.0658709 
0.0768778 0.011417 0.109619 0.378599 0.0164652 0.246245 0.0281263 0.0296123 0.0601349 0.0429029 
0.108102 0.0281239 0.138076 0.0491805 0.107432 0.0555866 0.293491 0.0679665 0.0725631 0.0794793 
0.0558504 0.160538 0.131045 0.117475 0.062065 0.103 0.0740864 0.123807 0.104612 0.0675211 
0.0437443 0.172024 0.106185 0.121075 0.0729502 0.106692 0.0639465 0.103901 0.110936 0.098547 
0.0385955 0.155185 0.118889 0.116141 0.068482 0.122757 0.0766 0.113972 0.105216 0.0841616 
0.0541849 0.0934526 0.085145 0.21037 0.067707 0.137746 0.0738984 0.0478946 0.118435 0.111165 
0.0257144 0.0447193 0.0255635 0.0797849 0.173835 0.154575 0.0220298 0.0811144 0.119512 0.273151 
0.0796489 0.0334958 0.0671848 0.131311 0.0773075 0.273348 0.0514138 0.100595 0.0780158 0.10768 
0.0546009 0.0400909 0.381642 0.102756 0.0399701 0.0771382 0.107855 0.0446416 0.0935285 0.0577769 
0.0280957 0.0676843 0.0174792 0.0932732 0.178596 0.164726 0.0243116 0.1136 0.086114 0.22612 
0.0853961 0.0533787 0.0560923 0.0798157 0.194622 0.15173 0.0471787 0.119127 0.11634 0.0963188 
0.0744197 0.0623156 0.0784262 0.140661 0.0718633 0.13488 0.0450193 0.172818 0.0968564 0.12274 
0.0266785 0.0683654 0.0311598 0.0901415 0.183659 0.127779 0.0253769 0.14981 0.073321 0.223708 
0.0319452 0.0743458 0.135805 0.23728 0.0583897 0.101851 0.0354087 0.093342 0.10222 0.129412 
0.0307593 0.0603323 0.0529001 0.142876 0.18157 0.0961339 0.027356 0.131864 0.0988369 0.177372 
0.196738 0.0165621 0.088487 0.120941 0.076747 0.116013 0.0493884 0.106642 0.0936918 0.13479 
0.0475862 0.0523289 0.132729 0.263452 0.0567632 0.0986379 0.0328746 0.104512 0.0922272 0.118889 
0.0983105 0.0468855 0.0650507 0.0830332 0.0854822 0.277826 0.113852 0.0288051 0.125162 0.0755934 
0.0621183 0.058945 0.054299 0.126256 0.108404 0.170555 0.0412125 0.162744 0.0971969 0.118269 
0.125648 0.0384439 0.0350248 0.163955 0.0552499 0.296336 0.0315058 0.0953093 0.09021 0.0683161 
0.0543343 0.0337365 0.0347969 0.118156 0.0785628 0.125313 0.0184897 0.284383 0.0885691 0.163658 
0.114679 0.0246209 0.230688 0.228985 0.0544011 0.0712703 0.0470517 0.0442917 0.0954972 0.0885158 
0.0856275 0.007012 0.399681 0.123811 0.0414627 0.0567937 0.0453404 0.0904045 0.0829092 0.0669581 
0.0254313 0.0273158 0.059664 0.166174 0.0783811 0.0470142 0.022714 0.364695 0.0625715 0.14604 
0.0559327 0.146534 0.137253 0.118401 0.0743588 0.121367 0.0699348 0.10861 0.0873077 0.0803014 
0.072738 0.0661717 0.273938 0.14555 0.0429411 0.122913 0.0395253 0.0571698 0.130998 0.0480538 
0.0251481 0.0778576 0.086125 0.163435 0.0843052 0.187181 0.0425556 0.0999091 0.145276 0.0882063 
0.0669073 0.0585219 0.085819 0.098316 0.164303 0.104115 0.103059 0.0788106 0.0948941 0.145253 
0.0498068 0.18363 0.12478 0.120227 0.0535972 0.11085 0.0590352 0.116167 0.108437 0.0734697 
0.0630145 0.0663849 0.0870027 0.149409 0.0812772 0.0711032 0.0454468 0.204211 0.0773094 0.154841 
0.0675834 0.0476644 0.122207 0.21625 0.0339214 0.11628 0.0599105 0.141119 0.081911 0.113153 
0.0714582 0.109234 0.101407 0.18372 0.0540073 0.161804 0.0571881 0.0606684 0.118603 0.0819099 
0.0646575 0.0740337 0.129533 0.103501 0.069177 0.213194 0.106729 0.0177901 0.170323 0.0510613 
0.0247694 0.0355502 0.0529265 0.14415 0.0935161 0.10391 0.0127292 0.219271 0.141173 0.172004 
0.060138 0.0757125 0.105839 0.150422 0.0754759 0.0782086 0.0314325 0.186883 0.0838075 0.152082 
0.0781532 0.0468642 0.0826554 0.0922797 0.117247 0.102049 0.0592088 0.18412 0.0821435 0.155279 
0.0395048 0.0678869 0.258612 0.207246 0.0466541 0.0591924 0.086154 0.0897853 0.0536358 0.0913287 
0.044364 0.128353 0.223973 0.107831 0.068758 0.0838547 0.130186 0.0561743 0.0999817 0.056524 
0.0662007 0.0302622 0.0525869 0.0599086 0.296528 0.0767613 0.0756627 0.107764 0.0889003 0.145426 
0.0357563 0.223011 0.0887221 0.115538 0.0794528 0.0979217 0.0666893 0.0827291 0.106854 0.103325 
0.0802094 0.0681135 0.079096 0.154437 0.0680187 0.216627 0.0803625 0.0342359 0.117802 0.101099 
0.0782342 0.0384191 0.117239 0.166261 0.0829389 0.150001 0.03079 0.0674136 0.132719 0.135984 
0.14015 0.0340699 0.0878913 0.059524 0.0749371 0.120443 0.0465804 0.105021 0.16407 0.167312 
0.0404398 0.0612881 0.121544 0.145122 0.163191 0.054019 0.0452981 0.193119 0.0756852 0.100295 
0.0512823 0.0702606 0.157621 0.184999 0.0561871 0.123686 0.0858728 0.0948154 0.0768946 0.0983813 
0.0896226 0.0696903 0.0797038 0.159408 0.115213 0.154344 0.120209 0.093589 0.0564693 0.0617513 
0.28052 0.0242326 0.198938 0.0618784 0.0361485 0.0893789 0.0717678 0.0463828 0.139064 0.0516889 
0.0725664 0.0681747 0.122385 0.1329 0.086505 0.0994482 0.12928 0.0505866 0.132204 0.10595 
0.0563885 0.022807 0.0605057 0.0480985 0.380524 0.058466 0.0636388 0.10529 0.0862598 0.118021 
0.0407702 0.160883 0.21046 0.144418 0.0337061 0.105385 0.119488 0.0495001 0.096391 0.0389976 
0.0273013 0.0562897 0.0526615 0.11282 0.244721 0.10498 0.0246978 0.111988 0.0878467 0.176694 
0.0656075 0.125685 0.0929876 0.117159 0.0736334 0.166774 0.0741396 0.0804434 0.109879 0.0936921 
0.0334892 0.0735849 0.0438005 0.0839002 0.173211 0.102131 0.0426962 0.128652 0.0894955 0.229039 
0.080097 0.08248 0.0683132 0.167692 0.0669197 0.23625 0.0439798 0.0506264 0.090549 0.113094 
0.0510715 0.031412 0.0883382 0.184245 0.0593281 0.0557694 0.0201038 0.310691 0.0792045 0.119837 
0.0403834 0.0743948 0.0979319 0.196244 0.0818267 0.08138 0.0270174 0.189762 0.0744069 0.136652 
0.0516329 0.128869 0.232632 0.149395 0.0328809 0.12075 0.0703524 0.0756622 0.0902747 0.0475509 
0.0509079 0.156851 0.142314 0.128176 0.0376966 0.137869 0.0820908 0.0507437 0.149425 0.0639256 
0.0538116 0.0191393 0.451312 0.11305 0.032183 0.0511527 0.139143 0.0356524 0.0641889 0.0403671 
0.215165 0.0614449 0.075929 0.0845276 0.0742928 0.112908 0.0982988 0.123158 0.0848945 0.0693822 
0.113876 0.068421 0.0704188 0.083796 0.0573021 0.214829 0.0435348 0.0561319 0.19671 0.0949809 
0.0694409 0.0916976 0.0717855 0.139174 0.0463097 0.19026 0.0288615 0.150065 0.143657 0.0687483 
0.0304496 0.0398319 0.0637566 0.203259 0.0582974 0.0572598 0.0164486 0.351686 0.0553447 0.123666 
0.0273254 0.0612904 0.0602746 0.157799 0.0676042 0.0589604 0.024046 0.309645 0.073227 0.159828 
0.0365791 0.112364 0.0701384 0.134336 0.136676 0.127521 0.0552554 0.0758185 0.0905453 0.160767 
0.0242943 0.239153 0.0982493 0.139053 0.0651563 0.0927689 0.0627343 0.0645506 0.118448 0.0955917 
0.158356 0.0309541 0.0764372 0.10198 0.0550955 0.232804 0.0945058 0.0395782 0.12683 0.0834583 
0.0208639 0.233849 0.0785812 0.129164 0.0890918 0.0820697 0.0626837 0.0926355 0.102285 0.108777 
0.0687674 0.035111 0.119741 0.150534 0.091906 0.118521 0.060087 0.0493421 0.144923 0.161067 
0.234408 0.0266036 0.0615576 0.0913452 0.05794 0.180419 0.0905933 0.146968 0.0382262 0.071939 
0.0484451 0.0483632 0.100428 0.242564 0.0399436 0.206312 0.0195927 0.0791845 0.0987467 0.11642 
0.205759 0.018178 0.108243 0.143804 0.0725474 0.11029 0.0576905 0.083397 0.0866234 0.113467 
0.033586 0.217668 0.0867537 0.123783 0.0733048 0.0957317 0.0580004 0.101757 0.105605 0.103811 
0.0588855 0.0486536 0.0646996 0.0938087 0.128361 0.0939327 0.0326104 0.163692 0.1383 0.177056 
0.0250894 0.055644 0.0950092 0.0914517 0.136871 0.0620913 0.0196572 0.222263 0.111464 0.18046 
0.0442314 0.0440676 0.0930758 0.0800799 0.244929 0.0870764 0.0569318 0.111222 0.090016 0.148371 
0.0329665 0.20907 0.113345 0.136002 0.0527649 0.0929898 0.0662223 0.090491 0.120923 0.0852246 
0.0255214 0.0584929 0.0993432 0.11291 0.0853167 0.0837679 0.0402004 0.136572 0.197669 0.160206 
0.0458518 0.0432805 0.286614 0.131745 0.0582658 0.0889565 0.055557 0.060569 0.146358 0.0828023 
0.0397495 0.221018 0.0965284 0.121003 0.0830687 0.0837614 0.0639727 0.097035 0.0978475 0.0960162 
0.0564605 0.153962 0.201059 0.132586 0.0219242 0.109846 0.112414 0.0264256 0.146949 0.0383727 
0.0445127 0.0436183 0.0558865 0.0769481 0.154426 0.0808029 0.0564503 0.138756 0.113309 0.235291 
0.0506879 0.1039 0.126382 0.128954 0.0690869 0.094299 0.0429308 0.162362 0.0886086 0.132789 
0.0565499 0.0835667 0.0562822 0.101997 0.104637 0.211405 0.035433 0.132889 0.11945 0.0977904 
0.0715745 0.0529416 0.0889363 0.0912523 0.12459 0.0815356 0.0339078 0.13501 0.0878715 0.23238 
0.0399283 0.0566232 0.376774 0.191615 0.0326941 0.0494269 0.0854868 0.0492715 0.0718821 0.046298 
0.0551382 0.101038 0.136643 0.0936552 0.0697727 0.184242 0.159253 0.0362623 0.113209 0.0507858 
0.0373572 0.0137712 0.0368468 0.143472 0.275446 0.0639829 0.0408926 0.173396 0.076859 0.137976 
0.0365977 0.170384 0.102179 0.125921 0.0461062 0.133422 0.060388 0.0949308 0.136677 0.0933952 
0.0524581 0.093794 0.0909019 0.127956 0.115765 0.185798 0.0997861 0.0563259 0.0957642 0.0814507 
0.0466595 0.0773664 0.0542964 0.0989716 0.185571 0.184319 0.0447946 0.0717005 0.104314 0.132007 
0.124592 0.109762 0.162238 0.134554 0.0205354 0.209719 0.0826502 0.0153607 0.109284 0.0313053 
0.0483682 0.0454312 0.0688998 0.074891 0.127988 0.0720692 0.0387692 0.157771 0.0781014 0.287711 
0.0274713 0.10159 0.309461 0.141205 0.0733858 0.0455998 0.0770132 0.0554137 0.0712236 0.0976363 
0.227146 0.0242102 0.089918 0.139816 0.0555746 0.157589 0.0301765 0.0735945 0.0845205 0.117454 
0.0510995 0.0374944 0.0457269 0.117305 0.262462 0.107064 0.0390875 0.0880849 0.0831062 0.168569 
0.402405 0.00761903 0.053249 0.0853174 0.0318693 0.225544 0.0528225 0.0607651 0.039821 0.0405879 
0.351267 0.00994627 0.0610138 0.0740446 0.0342878 0.210871 0.0837051 0.0761971 0.0525171 0.0461504 
0.0968586 0.0421849 0.327584 0.106152 0.03923 0.109031 0.105671 0.0256969 0.0991194 0.0484717 
0.0724143 0.116754 0.133897 0.174672 0.0312251 0.137941 0.0195268 0.0687672 0.145974 0.0988279 
0.0670758 0.0963618 0.0916057 0.112054 0.131257 0.0974486 0.100905 0.118004 0.0870761 0.0982118 
0.0368709 0.0474363 0.147777 0.169886 0.0914502 0.0616795 0.0458377 0.21425 0.0780923 0.10672 
0.0290906 0.24261 0.0899678 0.111642 0.0744808 0.103695 0.0664699 0.0732203 0.114617 0.0942069 
0.051022 0.0590855 0.20942 0.105029 0.086545 0.0593685 0.0513561 0.154074 0.104244 0.119856 
0.0265422 0.0655306 0.0622988 0.0860415 0.202895 0.101261 0.0409726 0.151501 0.111362 0.151596 
0.197124 0.0109771 0.227225 0.0904548 0.0224983 0.170689 0.0387305 0.0379298 0.167539 0.0368332 
0.0369951 0.109583 0.273298 0.182204 0.0188484 0.0963325 0.0638433 0.0313083 0.126011 0.0615754 
0.0398334 0.08045 0.123764 0.116518 0.0936594 0.0813912 0.0446167 0.158909 0.101495 0.159363 
0.0304328 0.0543317 0.0594401 0.0698995 0.248174 0.102127 0.053737 0.116439 0.13914 0.126279 
0.083367 0.103409 0.127189 0.204436 0.0467939 0.123913 0.0741796 0.0874772 0.0887659 0.0604693 
0.0818644 0.0680804 0.122722 0.176915 0.0769457 0.149371 0.0491095 0.0588025 0.113283 0.102907 
0.534495 0.00498574 0.0932233 0.0559963 0.0287486 0.0754172 0.057049 0.0436484 0.0585308 0.0479059 
0.326451 0.0135754 0.0861366 0.0658174 0.0631826 0.117185 0.132929 0.0553493 0.0646628 0.0747114 
0.0816883 0.0398883 0.0720556 0.172957 0.114425 0.184727 0.0849937 0.0784643 0.0828479 0.0879534 
0.0256446 0.24703 0.0790386 0.125022 0.0753118 0.0979262 0.0719848 0.0761952 0.11217 0.0896759 
0.0699135 0.0413868 0.0856563 0.082259 0.129985 0.0642156 0.0299862 0.180626 0.142865 0.173107 
0.077526 0.0577408 0.0490996 0.0575972 0.119389 0.18972 0.26716 0.033137 0.0825306 0.0661003 
0.0488412 0.103361 0.0282826 0.0443838 0.171667 0.241176 0.0609284 0.0905096 0.14979 0.0610603 
0.143194 0.0284977 0.217128 0.167429 0.0595317 0.0747108 0.134741 0.0419011 0.0726061 0.0602615 
0.0861475 0.0379961 0.0720956 0.105495 0.118841 0.268554 0.0782021 0.0216422 0.150543 0.0604846 
0.0224962 0.135569 0.0773302 0.123331 0.0566574 0.1329 0.0354223 0.166063 0.118821 0.13141 
0.0357309 0.109203 0.102198 0.160472 0.05758 0.104506 0.025096 0.188892 0.0921858 0.124136 
0.0390499 0.0801978 0.0389351 0.0986203 0.114472 0.122203 0.0380557 0.176126 0.0774907 0.21485 
0.0585281 0.119762 0.0988297 0.223083 0.0591673 0.133 0.0374124 0.078437 0.120313 0.0714679 
0.17526 0.0374147 0.0979211 0.118274 0.101157 0.116755 0.0610804 0.0857415 0.0701527 0.136243 
0.0444758 0.0577751 0.0932645 0.0777945 0.171612 0.0850841 0.0760064 0.128317 0.121136 0.144535 
0.0690819 0.127052 0.180234 0.0967054 0.0326856 0.182594 0.115769 0.0138899 0.138147 0.0438412 
0.344038 0.0115808 0.051376 0.0668292 0.0698802 0.16526 0.11533 0.0463198 0.077577 0.0518089 
0.0353275 0.0876644 0.10385 0.113178 0.0710615 0.0997057 0.0411347 0.2236 0.10771 0.116768 
0.0269228 0.199344 0.0905293 0.14305 0.0783635 0.0921566 0.0634708 0.0990869 0.105714 0.101363 
0.028519 0.211343 0.0945911 0.125704 0.0789727 0.0916927 0.0674236 0.102553 0.098471 0.10073 
0.0436259 0.127299 0.238873 0.167072 0.0357846 0.0893257 0.0957277 0.0560898 0.0956527 0.0505493 
0.0275655 0.201651 0.0891108 0.129093 0.0791711 0.0808737 0.0633155 0.129838 0.0927674 0.106613 
0.0501399 0.0562743 0.0756239 0.153809 0.12142 0.263258 0.0245083 0.0399497 0.159342 0.0556746 
0.0670132 0.0912777 0.12703 0.240021 0.0610928 0.139767 0.0338745 0.0708415 0.0942564 0.074827 
0.057388 0.110035 0.17639 0.194399 0.0597483 0.13468 0.0419257 0.0595364 0.105241 0.0606555 
0.0381852 0.043961 0.0869175 0.12196 0.181337 0.0698885 0.0366785 0.135295 0.0892798 0.196498 
0.0326241 0.028639 0.0531172 0.21135 0.0562822 0.0585634 0.0228949 0.35021 0.0710735 0.115245 
0.0800438 0.0154545 0.174209 0.106167 0.093152 0.197113 0.0229799 0.0204646 0.181595 0.108821 
0.0950015 0.0853485 0.124297 0.0617131 0.0855164 0.122842 0.260652 0.0304347 0.0803906 0.0538046 
0.0531625 0.0904295 0.112215 0.188997 0.0357432 0.162103 0.104018 0.103941 0.0781094 0.0712814 
0.0711419 0.066236 0.0867686 0.0976093 0.13562 0.0917958 0.125388 0.129413 0.0772493 0.118778 
0.0288259 0.198031 0.0945597 0.117673 0.0590787 0.114472 0.0639576 0.100984 0.115722 0.106695 
0.156096 0.0477424 0.0566852 0.249203 0.0559812 0.216652 0.0282758 0.0506161 0.090056 0.0486933 
0.0706255 0.0952983 0.075057 0.129476 0.0914302 0.218221 0.0958598 0.0385705 0.119391 0.0660714 
0.0237488 0.16179 0.0828428 0.139341 0.0780185 0.102788 0.0541519 0.0997015 0.10734 0.150279 
0.271158 0.0205618 0.104075 0.142173 0.0394666 0.125464 0.033002 0.0681065 0.102207 0.0937857 
0.0568585 0.0828809 0.0331449 0.0992817 0.0723703 0.331046 0.0278724 0.0511305 0.149981 0.0954336 
0.0369072 0.154413 0.124535 0.109164 0.0444538 0.115367 0.0965357 0.110072 0.131265 0.0772879 
0.0250124 0.0678933 0.101101 0.276354 0.0671574 0.0755586 0.0171608 0.157369 0.102989 0.109404 
0.0234928 0.236122 0.0705654 0.153177 0.0834754 0.103238 0.0582514 0.0851952 0.0876799 0.0988042 
0.0875062 0.0314099 0.102741 0.149562 0.0681609 0.268667 0.0473328 0.0315189 0.114474 0.0986267 
0.205206 0.0548929 0.0957556 0.121909 0.049481 0.199422 0.035429 0.0732142 0.10884 0.0558489 
0.0661676 0.0363848 0.123994 0.0751635 0.159031 0.0816611 0.192849 0.0475882 0.10781 0.109351 
0.051372 0.152514 0.133127 0.120908 0.0971184 0.0973256 0.0849167 0.0852102 0.10181 0.0756979 
0.0902799 0.0785188 0.0894814 0.0807061 0.0601865 0.164392 0.0908293 0.0515919 0.167317 0.126697 
0.098623 0.0513483 0.0287128 0.169584 0.0652173 0.266542 0.0284674 0.0929964 0.094849 0.103661 
0.0563229 0.148064 0.108177 0.110759 0.0729132 0.100959 0.0757578 0.131538 0.0918348 0.103674 
0.0491801 0.0975912 0.0456078 0.115552 0.102473 0.123782 0.0311987 0.181661 0.0973924 0.155563 
0.0611503 0.0748728 0.0571447 0.105278 0.164527 0.137295 0.0365017 0.103132 0.0885708 0.171527 
0.0463613 0.0328563 0.0513791 0.114198 0.315104 0.0556072 0.0363744 0.165605 0.073334 0.109181 
0.0585618 0.042153 0.124439 0.111563 0.110128 0.0992108 0.224243 0.0670921 0.0581531 0.104456 
0.0485873 0.0224966 0.15967 0.197 0.0489729 0.0502089 0.0169323 0.190061 0.129298 0.136773 
0.0269415 0.161744 0.22957 0.162729 0.0213569 0.0870654 0.155541 0.0392743 0.0816439 0.0341345 
0.132589 0.0491757 0.0804806 0.117088 0.0665939 0.216881 0.0368468 0.0588881 0.126406 0.115051 
0.257819 0.0267919 0.0903355 0.0964398 0.0736683 0.157055 0.0605557 0.0600438 0.102193 0.0750983 
0.0704921 0.0720351 0.121247 0.101764 0.0967214 0.105776 0.134108 0.117614 0.0716603 0.108581 
0.0316134 0.0267318 0.106723 0.15122 0.115787 0.267743 0.0381906 0.0414397 0.124897 0.095654 
0.0811234 0.0617289 0.126348 0.080611 0.0844311 0.151912 0.200633 0.0298098 0.120828 0.0625735 
0.087222 0.0620969 0.117337 0.219192 0.0604549 0.13419 0.0261417 0.0863663 0.103086 0.103914 
0.0332246 0.0585255 0.086517 0.184606 0.0893457 0.0519284 0.0210014 0.281532 0.0621754 0.131144 
0.0456463 0.0814785 0.243986 0.181089 0.0145204 0.142627 0.123582 0.0439466 0.0722234 0.0509009 
0.195847 0.0410899 0.149996 0.131706 0.0633945 0.0779127 0.0680065 0.0745473 0.103411 0.0940888 
0.0651845 0.0790275 0.121241 0.155633 0.0766495 0.145518 0.0312038 0.0716208 0.144759 0.109163 
0.0491706 0.0540067 0.158555 0.154263 0.102972 0.132922 0.0421994 0.0583864 0.155935 0.0915897 
0.0838598 0.0608 0.0575894 0.0956895 0.0650057 0.309537 0.0431312 0.0482923 0.138867 0.0972284 
0.0407597 0.0727232 0.0482927 0.137988 0.191514 0.119648 0.0327794 0.109319 0.089396 0.15758 
0.0302446 0.195718 0.0974492 0.113202 0.059793 0.0932677 0.0672096 0.117333 0.124788 0.100994 
0.0281419 0.233609 0.101304 0.115772 0.0671187 0.0861188 0.0792582 0.0854278 0.111432 0.0918177 
0.0900753 0.0409043 0.0793023 0.0746646 0.237914 0.0836834 0.0646142 0.0960287 0.0952789 0.137534 
0.278814 0.0152934 0.0760894 0.0523301 0.0594993 0.25231 0.0887233 0.0273965 0.108487 0.0410578 
0.0466787 0.070158 0.0828691 0.247871 0.0857966 0.0490338 0.0525206 0.217011 0.0665724 0.0814881 
0.0637004 0.070786 0.0626149 0.235284 0.0667453 0.208961 0.0359892 0.0574734 0.101212 0.0972336 
0.0630882 0.0481939 0.0970185 0.148777 0.0629617 0.0658958 0.0384191 0.240767 0.0804862 0.154392 
0.0535008 0.0597041 0.132263 0.0581897 0.0741273 0.0705299 0.404908 0.0379799 0.0643311 0.0444663 
0.0384462 0.192073 0.104843 0.115183 0.0647602 0.0980649 0.0853648 0.10905 0.106474 0.0857418 
0.138892 0.0365662 0.0780543 0.119943 0.0851788 0.184112 0.105605 0.0758116 0.0968814 0.0789558 
0.0310796 0.0732288 0.282319 0.103986 0.0916435 0.0697269 0.0633898 0.0870557 0.0823781 0.115193 
0.0726411 0.150431 0.124057 0.118582 0.057256 0.119342 0.0748601 0.09484 0.101984 0.0860076 
0.0219035 0.096909 0.0381657 0.109024 0.17873 0.141885 0.0305697 0.146482 0.0910331 0.145298 
0.131988 0.00761224 0.329166 0.140536 0.0571606 0.0701868 0.0441499 0.107544 0.0481894 0.0634668 
0.120588 0.0266539 0.139511 0.121477 0.0765272 0.196826 0.0458648 0.0610164 0.144385 0.0671517 
0.0671125 0.0476837 0.137922 0.0854252 0.102105 0.132225 0.223027 0.050232 0.0815716 0.0726959 
0.0250063 0.190183 0.105941 0.116451 0.0729171 0.0813853 0.0593139 0.124411 0.110137 0.114254 
0.115981 0.0347389 0.0745586 0.0886521 0.103864 0.105797 0.0722863 0.133915 0.110654 0.159553 
0.0905745 0.0749862 0.0549983 0.133016 0.061884 0.228805 0.0860008 0.0432321 0.108243 0.11826 
0.0584657 0.0710685 0.319516 0.160336 0.0453842 0.0495689 0.105115 0.0447093 0.0833657 0.0624708 
0.0783012 0.05376 0.0883673 0.147702 0.077298 0.244234 0.0766864 0.0495561 0.108883 0.0752126 
0.0676355 0.0468078 0.0701962 0.0692623 0.26639 0.110949 0.0624224 0.0862437 0.0993463 0.120747 
0.0722176 0.0346864 0.0730215 0.0624298 0.275621 0.044585 0.138322 0.0924839 0.0513733 0.15526 
0.150223 0.0154214 0.261011 0.113382 0.0564325 0.106882 0.0695797 0.0580187 0.116572 0.0524765 
0.0587316 0.136196 0.104315 0.152067 0.0492166 0.172316 0.0285411 0.071626 0.140872 0.0861192 
0.0671067 0.0447132 0.0870655 0.277914 0.0500862 0.208819 0.0453875 0.0793077 0.0576168 0.0819833 
0.0863381 0.0695612 0.0722887 0.0685369 0.132896 0.127169 0.0753298 0.111152 0.121154 0.135575 
0.0469192 0.0709626 0.160757 0.155464 0.073671 0.138799 0.0630026 0.125281 0.0871166 0.0780262 
0.0263132 0.0131347 0.0521122 0.0708098 0.367178 0.0466943 0.0223409 0.118351 0.051265 0.231801 
0.143119 0.0320853 0.0547628 0.099917 0.063695 0.253174 0.0919156 0.0448419 0.110981 0.105509 
0.282788 0.0130658 0.0710235 0.137076 0.0515143 0.123197 0.0155418 0.112602 0.077608 0.115583 
0.0908408 0.0612335 0.117671 0.258635 0.0281292 0.17629 0.0531258 0.039141 0.11415 0.0607834 
0.0268106 0.187544 0.101171 0.128078 0.084283 0.11505 0.0557486 0.0807668 0.122788 0.0977599 
0.03118 0.0399759 0.0477397 0.164656 0.0530551 0.0898178 0.01732 0.330852 0.0803956 0.145008 
0.0333325 0.10785 0.0918108 0.118567 0.0691684 0.106333 0.0314224 0.196221 0.101992 0.143302 
0.040516 0.0207482 0.0270252 0.257889 0.0347888 0.310889 0.00588298 0.129105 0.0870607 0.0860958 
0.0416792 0.0173992 0.0386995 0.11266 0.0390636 0.083143 0.00803353 0.450968 0.0912355 0.117118 
0.0483064 0.127419 0.0620021 0.0907844 0.13755 0.0818845 0.0645441 0.114741 0.0858855 0.186882 
0.0473926 0.0524452 0.0441193 0.0958961 0.093893 0.146693 0.0320268 0.245152 0.0812594 0.161122 
