0.0362583 0.0194432 0.066818 0.15705 0.0758713 0.0953181 0.0275183 0.299768 0.0778051 0.14415 
0.0816821 0.121975 0.212495 0.128167 0.0155455 0.180541 0.111389 0.00964444 0.102739 0.0358216 
0.0422867 0.148495 0.124615 0.105243 0.0691271 0.12347 0.0909665 0.115325 0.101101 0.079371 
0.302424 0.0186018 0.086128 0.104771 0.0640596 0.102517 0.0481371 0.112193 0.0690653 0.0921042 
0.06471 0.0394839 0.105968 0.0798651 0.199954 0.0811033 0.0622617 0.108815 0.132947 0.124891 
0.0340114 0.173822 0.112019 0.112788 0.0633817 0.100898 0.0626575 0.140239 0.0983976 0.101786 
0.0366882 0.0454681 0.0316291 0.0967465 0.241944 0.14349 0.049301 0.0917332 0.137953 0.125046 
0.0279342 0.0730072 0.0457492 0.0823185 0.16904 0.129141 0.0700218 0.136903 0.0934796 0.172406 
0.0809485 0.0489727 0.0794323 0.0561028 0.2113 0.160452 0.127897 0.0682034 0.0944317 0.0722594 
0.0321374 0.0123247 0.0227731 0.0695782 0.198355 0.0935755 0.0416681 0.210881 0.0953569 0.22335 
0.20894 0.0356633 0.125751 0.113307 0.0545384 0.155306 0.0685052 0.0482386 0.119909 0.0698402 
0.0745283 0.0728597 0.112767 0.113838 0.119716 0.0992698 0.098965 0.0774975 0.110679 0.11988 
0.0473053 0.0313533 0.0497383 0.121845 0.152215 0.103589 0.0348502 0.162779 0.113204 0.183121 
0.205222 0.0213405 0.0815085 0.0896485 0.0824848 0.135195 0.0312738 0.108737 0.101648 0.142942 
0.0269364 0.193612 0.0857153 0.128092 0.0736303 0.0979148 0.0933972 0.0933763 0.103944 0.103381 
0.0809916 0.0908053 0.0660495 0.149426 0.0933328 0.225018 0.0532349 0.0444026 0.126057 0.0706827 
0.0537452 0.0309745 0.0798789 0.0743952 0.138779 0.0938944 0.0331978 0.182949 0.122856 0.18933 
0.0498993 0.0196899 0.0810518 0.20161 0.0635609 0.0751226 0.0195009 0.328788 0.0547777 0.105998 
0.047492 0.0844113 0.13217 0.17965 0.0821643 0.106742 0.105256 0.0680996 0.125392 0.0686238 
0.0647855 0.0510281 0.0707583 0.102261 0.20289 0.0926097 0.067053 0.124329 0.0963924 0.127893 
0.0272007 0.0212867 0.0215173 0.114037 0.183014 0.0808092 0.0208569 0.209753 0.0877674 0.233757 
0.0818439 0.0533731 0.0995241 0.0792661 0.0874462 0.1624 0.206973 0.0451771 0.113031 0.0709655 
0.0463103 0.0963511 0.11185 0.0862581 0.148087 0.0894773 0.152746 0.10748 0.0943623 0.0670783 
0.0792412 0.040992 0.0943006 0.0992715 0.147148 0.232894 0.0855553 0.0541917 0.0913354 0.075071 
0.0534139 0.0676347 0.0934357 0.0915174 0.172381 0.102914 0.0569916 0.154952 0.0815782 0.125182 
0.413503 0.00937601 0.0425195 0.0404053 0.101755 0.130572 0.0732459 0.0751493 0.0507826 0.062691 
0.081824 0.0337949 0.0603814 0.097673 0.0665727 0.133064 0.0338751 0.256065 0.0937167 0.143033 
0.0713872 0.0397627 0.0665573 0.0861913 0.214682 0.103484 0.0574026 0.113686 0.11154 0.135307 
0.268968 0.0215567 0.127364 0.147659 0.0347299 0.116244 0.0279053 0.0648676 0.0993124 0.0913937 
0.0427322 0.201666 0.0990651 0.113823 0.0702779 0.125755 0.0731749 0.0711724 0.113539 0.0887941 
0.0362513 0.0560995 0.0611468 0.227036 0.0622344 0.164166 0.0353829 0.169883 0.0689635 0.118837 
0.0397645 0.195155 0.085974 0.113755 0.0895921 0.0970778 0.0687653 0.114321 0.0939995 0.101596 
0.0328797 0.0703223 0.0821196 0.239849 0.0815367 0.190183 0.0400728 0.0521752 0.105314 0.105548 
0.131206 0.0344656 0.0790667 0.051562 0.208796 0.132556 0.109815 0.0768241 0.0956977 0.0800105 
0.0440252 0.0398992 0.08872 0.147994 0.107078 0.07368 0.0237968 0.267687 0.0916424 0.115478 
0.0752348 0.0728568 0.292555 0.128605 0.0344311 0.18006 0.0540494 0.0345539 0.104399 0.0232543 
0.0351101 0.0294737 0.061054 0.129009 0.0690563 0.0888647 0.0225605 0.321708 0.100326 0.142838 
0.0290793 0.205953 0.0812252 0.113165 0.0764128 0.120949 0.0727514 0.104312 0.0986901 0.0974624 
0.112349 0.0972688 0.190424 0.173839 0.0298362 0.141531 0.0752331 0.0433707 0.0916437 0.0445041 
0.0393597 0.170374 0.104869 0.119103 0.0587794 0.132621 0.0739505 0.0788578 0.123742 0.0983434 
0.0570561 0.147394 0.128932 0.095304 0.0669896 0.119111 0.0965888 0.102763 0.0897241 0.0961382 
0.0479047 0.0412663 0.068824 0.133129 0.106133 0.121258 0.0444775 0.22055 0.0821037 0.134353 
0.0195293 0.0618046 0.0427438 0.107166 0.22082 0.0932456 0.0377224 0.166892 0.107594 0.142482 
0.0730424 0.112555 0.216363 0.114933 0.067387 0.127815 0.0715977 0.0641865 0.0840269 0.0680937 
0.0526132 0.0533591 0.112022 0.158611 0.0587658 0.171046 0.115557 0.0698389 0.0954615 0.112726 
0.100164 0.0548082 0.0691583 0.137496 0.0893619 0.207693 0.0610551 0.0599752 0.108998 0.111291 
0.018907 0.171157 0.0867095 0.141472 0.0935717 0.124199 0.0816333 0.079879 0.098324 0.104147 
0.0630631 0.0885856 0.237085 0.0979522 0.0747609 0.11023 0.114766 0.0712988 0.0698688 0.0723894 
0.0203766 0.0191958 0.0202353 0.0723582 0.332998 0.141514 0.0237999 0.0804749 0.135906 0.153141 
0.0452523 0.043155 0.0801894 0.0773594 0.227475 0.0672269 0.0736306 0.139337 0.111241 0.135133 
0.1455 0.0504945 0.099985 0.0908062 0.0662167 0.137878 0.218275 0.0551122 0.0885477 0.0471846 
0.076732 0.0487516 0.0654476 0.317752 0.0751464 0.0915078 0.0390817 0.135087 0.0711405 0.0793537 
0.10798 0.0518879 0.0569895 0.100043 0.137548 0.201666 0.0531404 0.0958904 0.122681 0.0721729 
0.0854412 0.073501 0.0560988 0.15216 0.118185 0.195621 0.0662595 0.0537267 0.104419 0.0945871 
0.0377259 0.105504 0.215131 0.0892544 0.105397 0.0369491 0.206649 0.0357644 0.131294 0.0363307 
0.251507 0.0240113 0.0772503 0.0927708 0.0624934 0.203435 0.0425099 0.0418915 0.116168 0.0879628 
0.0521444 0.0235379 0.0588067 0.090634 0.274976 0.12264 0.0542868 0.1049 0.11324 0.104834 
0.0465756 0.156137 0.116454 0.11247 0.0636441 0.113674 0.0619155 0.127379 0.10721 0.0945412 
0.0663098 0.0287179 0.0435452 0.0762634 0.14112 0.129685 0.0416916 0.162136 0.123801 0.186729 
0.0896175 0.0778453 0.0672064 0.0946403 0.112371 0.14942 0.0572246 0.148099 0.103461 0.100115 
0.0312114 0.0326508 0.054112 0.189768 0.0564796 0.10056 0.0253084 0.362891 0.0623237 0.0846951 
0.105393 0.0434835 0.117614 0.0720579 0.0871363 0.159808 0.0541434 0.0635366 0.127386 0.169441 
0.0628521 0.0674249 0.0834037 0.0891822 0.138905 0.127963 0.0610344 0.115209 0.106613 0.147412 
0.074892 0.0600215 0.161665 0.169356 0.0762292 0.112217 0.0553771 0.0542697 0.117721 0.11825 
0.0415194 0.0229451 0.0787488 0.173306 0.128982 0.0524608 0.0217804 0.320129 0.0546382 0.10549 
0.0779262 0.0582667 0.0755611 0.100779 0.15462 0.17652 0.0690064 0.0842818 0.0938793 0.109159 
0.0607995 0.0552052 0.169957 0.11366 0.104042 0.0950592 0.087271 0.142411 0.0717034 0.0998924 
0.0599417 0.0549877 0.0690522 0.0864245 0.252917 0.0751878 0.0479056 0.125468 0.09991 0.128206 
0.0360881 0.0468108 0.0816628 0.279653 0.0637105 0.18316 0.0313906 0.0664758 0.115543 0.0955055 
0.299871 0.0351437 0.0820647 0.085576 0.0256983 0.187625 0.0980737 0.0820185 0.0456555 0.0582736 
0.0616835 0.0167313 0.0667742 0.20806 0.0667523 0.0689729 0.023445 0.326562 0.0732682 0.0877503 
0.349077 0.0235997 0.0934354 0.0905485 0.0380721 0.156243 0.0486239 0.0434073 0.099788 0.0572056 
0.1164 0.0213371 0.283582 0.15746 0.0274574 0.162342 0.100965 0.0289215 0.0741462 0.0273885 
0.0345653 0.0970072 0.0605474 0.137517 0.0845986 0.0816669 0.0228083 0.212367 0.112286 0.156636 
0.0310183 0.16977 0.0837801 0.109127 0.0748018 0.12944 0.0900314 0.0855289 0.116986 0.109517 
0.0229923 0.0743034 0.0945642 0.100797 0.106444 0.0980328 0.0336552 0.225926 0.108308 0.134978 
0.0699445 0.117778 0.0967723 0.184026 0.0779907 0.176151 0.0488255 0.04393 0.115903 0.06868 
0.0434868 0.103697 0.121283 0.0987151 0.0926396 0.138001 0.0586662 0.138294 0.0843235 0.120894 
0.0286931 0.0883907 0.0541014 0.14892 0.123411 0.105509 0.0421622 0.133133 0.112105 0.163574 
0.0195088 0.0139068 0.0248117 0.090192 0.109569 0.0891205 0.0123978 0.44171 0.0785491 0.120235 
0.0666836 0.0392772 0.0535635 0.0742919 0.119926 0.134431 0.0370452 0.236608 0.0794524 0.158721 
0.0800696 0.0417222 0.114546 0.0664569 0.117691 0.135972 0.201988 0.0944377 0.0855926 0.0615248 
0.0429516 0.0534115 0.454223 0.113355 0.031685 0.0806725 0.0649192 0.0237764 0.0918006 0.0432048 
0.0504018 0.0425833 0.0467495 0.108456 0.102931 0.130613 0.0340444 0.262411 0.0961804 0.125629 
0.0535628 0.0720051 0.0728336 0.075317 0.106831 0.191219 0.0612436 0.085425 0.177033 0.10453 
0.0306941 0.0260171 0.0194829 0.0831693 0.409667 0.103523 0.0309702 0.0790875 0.107836 0.109552 
0.0183881 0.0594017 0.0783335 0.110517 0.0788329 0.0770348 0.0281157 0.30546 0.102281 0.141636 
0.0415121 0.0463442 0.0451431 0.230496 0.126378 0.174113 0.0556446 0.10897 0.0708872 0.100512 
0.0635204 0.0300165 0.140746 0.0576946 0.145733 0.090289 0.206463 0.0992921 0.0630375 0.103208 
0.0318142 0.15869 0.116446 0.101527 0.0737982 0.125575 0.112278 0.103595 0.104842 0.0714347 
0.0710044 0.0922731 0.0820902 0.237419 0.0455134 0.170647 0.022353 0.102765 0.087294 0.0886408 
0.0444832 0.0586554 0.118832 0.064088 0.0825501 0.146956 0.278251 0.0560079 0.0968217 0.0533545 
0.0732657 0.0727564 0.0789803 0.0990673 0.143884 0.105391 0.0774404 0.117879 0.100272 0.131064 
0.0415902 0.0555997 0.0601742 0.269347 0.0658906 0.159423 0.021986 0.103872 0.0947674 0.12735 
0.0184241 0.213718 0.092668 0.115925 0.079838 0.125714 0.0827719 0.0500663 0.127976 0.0928983 
0.0561101 0.0543393 0.0589832 0.0549041 0.226077 0.0707985 0.0854108 0.143628 0.10403 0.145719 
0.0358286 0.195626 0.0730283 0.11398 0.0949223 0.10748 0.0745067 0.0963547 0.114284 0.0939907 
0.0305587 0.0683933 0.126099 0.121323 0.0937248 0.0866213 0.0557427 0.202746 0.110681 0.104111 
0.109982 0.0866303 0.107245 0.0656819 0.0924602 0.148707 0.219292 0.0378157 0.0842773 0.047909 
0.0374896 0.0484806 0.0714503 0.0783588 0.124966 0.0620792 0.0363768 0.193016 0.134218 0.213565 
0.0732493 0.0842108 0.135351 0.0819442 0.0971622 0.0824685 0.142835 0.126403 0.0805281 0.0958478 
0.227066 0.0384146 0.0690623 0.0834779 0.0761102 0.140482 0.0426698 0.0736178 0.123642 0.125457 
0.0287696 0.0521058 0.0163553 0.125285 0.101385 0.321072 0.0190496 0.0979294 0.147313 0.0907361 
0.0540651 0.0362643 0.0902312 0.115965 0.264631 0.0714581 0.0787115 0.122606 0.0565187 0.109549 
0.0719977 0.0680186 0.0638579 0.0866139 0.123531 0.121547 0.0575991 0.122681 0.11148 0.172675 
0.0746489 0.0340237 0.0611183 0.0880106 0.130781 0.123964 0.0545414 0.15105 0.125118 0.156744 
0.121836 0.02628 0.290753 0.177862 0.0482766 0.103871 0.0537932 0.051432 0.0873761 0.0385203 
0.0801431 0.150891 0.114338 0.106922 0.0471161 0.135988 0.0906597 0.0862655 0.113007 0.0746691 
0.0338543 0.0478495 0.0223967 0.0869669 0.192238 0.124261 0.0403712 0.136408 0.109557 0.206097 
0.0771968 0.0542025 0.100367 0.0821848 0.20779 0.089617 0.0636073 0.119903 0.0904514 0.114681 
0.0814902 0.0969988 0.106768 0.175234 0.0513922 0.172166 0.0483188 0.0515669 0.128416 0.0876497 
0.0278761 0.150642 0.104471 0.137105 0.0612217 0.0768041 0.0418664 0.172256 0.0922334 0.135525 
0.0592615 0.0694024 0.095322 0.19814 0.0722071 0.178199 0.0541102 0.0570518 0.119506 0.0967997 
0.0411819 0.0666968 0.0655655 0.0893442 0.16024 0.0772832 0.0437518 0.150848 0.124288 0.1808 
0.0336265 0.0822639 0.132119 0.129813 0.0902049 0.0797444 0.0692253 0.157216 0.0925484 0.133238 
0.044261 0.0700968 0.0805063 0.0775639 0.19365 0.0863264 0.108105 0.0952387 0.109967 0.134285 
0.0362837 0.0842101 0.0869533 0.129325 0.160872 0.105779 0.0603921 0.097301 0.115513 0.123371 
0.0511726 0.0335442 0.0572879 0.0735628 0.294029 0.0789539 0.0717689 0.0820258 0.129031 0.128624 
0.0445188 0.0653146 0.0720231 0.0965772 0.154053 0.100332 0.0484046 0.139358 0.12149 0.157928 
0.0516573 0.0277755 0.106181 0.0757618 0.108115 0.148659 0.0660611 0.164193 0.131336 0.120261 
0.0501599 0.0338272 0.0448319 0.202917 0.100743 0.244985 0.0357173 0.053158 0.130402 0.10326 
0.0873557 0.0319228 0.0933213 0.0628073 0.178604 0.0899556 0.0908244 0.114774 0.1212 0.129235 
0.0408445 0.06639 0.0816608 0.131477 0.120944 0.133304 0.0535826 0.19841 0.0727955 0.100591 
0.0437922 0.0743265 0.10865 0.0794705 0.131386 0.112671 0.197894 0.080726 0.0779558 0.0931276 
0.022173 0.0199086 0.0101959 0.0924429 0.232239 0.0845919 0.0451906 0.225265 0.128297 0.139696 
0.041061 0.0744015 0.0813292 0.088046 0.149237 0.0941145 0.0595823 0.10496 0.114275 0.192994 
0.190701 0.0383469 0.124607 0.189735 0.0332252 0.114667 0.0358949 0.10273 0.0796138 0.0904798 
0.0802253 0.0416593 0.0418884 0.0875668 0.143724 0.270752 0.0293056 0.0631286 0.153931 0.0878187 
0.0274637 0.0576528 0.0530922 0.170546 0.0846037 0.203529 0.0192565 0.0773502 0.200016 0.10649 
0.0800639 0.0378613 0.0824677 0.125103 0.118734 0.231227 0.0415678 0.0789635 0.105529 0.0984833 
0.0585474 0.0394389 0.086791 0.057916 0.144058 0.118721 0.258421 0.0823896 0.0770823 0.0766342 
0.0843646 0.0388593 0.110376 0.0652322 0.105791 0.10545 0.312335 0.0451583 0.0753294 0.0571035 
0.0650196 0.0461174 0.0856412 0.161399 0.0516761 0.336726 0.0709251 0.0358982 0.0939415 0.0526566 
0.0508726 0.0294608 0.20132 0.1389 0.0898621 0.0326567 0.022045 0.252498 0.0782322 0.104153 
0.0444628 0.0945693 0.0907914 0.125338 0.0906165 0.164882 0.0353333 0.0461815 0.189452 0.118373 
0.0295161 0.1913 0.0988244 0.12836 0.0674158 0.107864 0.0730064 0.0835943 0.1179 0.10222 
0.211435 0.0307259 0.11386 0.0966376 0.0693509 0.172298 0.0638885 0.0561569 0.107346 0.0783021 
0.0506957 0.17193 0.136467 0.127124 0.043243 0.117605 0.0718692 0.0901483 0.113517 0.0774007 
0.0580045 0.0559315 0.113109 0.0966852 0.104824 0.0818392 0.206903 0.116436 0.0650208 0.101247 
0.0485713 0.0332177 0.0721071 0.0627368 0.220411 0.072469 0.0669981 0.12851 0.154759 0.14022 
0.108659 0.0849223 0.105184 0.066862 0.0953072 0.138479 0.176153 0.0627897 0.105466 0.0561773 
0.0807986 0.0446644 0.101916 0.1482 0.0533812 0.0604302 0.0211761 0.317443 0.0997128 0.0722779 
0.0261252 0.0765395 0.199725 0.234072 0.0785016 0.0622647 0.0150194 0.111269 0.0873494 0.109135 
0.036286 0.187673 0.119227 0.116797 0.0597724 0.0943976 0.0887902 0.111508 0.0985505 0.0869978 
0.0342695 0.0359726 0.113689 0.153672 0.0975225 0.0739197 0.0375221 0.217848 0.0829526 0.152633 
0.0475248 0.173695 0.0897774 0.112818 0.0882084 0.123697 0.0894022 0.0918774 0.102702 0.0802977 
0.0546774 0.0685569 0.0709765 0.097582 0.136385 0.137994 0.0550555 0.0791167 0.196271 0.103384 
0.0466055 0.0325732 0.382742 0.139684 0.0497061 0.125919 0.0643069 0.0248308 0.0860674 0.0475645 
0.200889 0.030767 0.0882248 0.101313 0.0803593 0.182094 0.0780926 0.0582291 0.101265 0.0787652 
0.0549248 0.0971799 0.105865 0.11831 0.0832272 0.136546 0.0731153 0.0821716 0.107195 0.141466 
0.064098 0.0610987 0.0706158 0.0979561 0.131918 0.108339 0.0632764 0.113017 0.114583 0.175099 
0.0510408 0.0366869 0.154936 0.0898291 0.097229 0.118393 0.0317106 0.0783615 0.197774 0.144038 
0.0998857 0.0447607 0.053029 0.0803863 0.121236 0.242622 0.0366668 0.0624608 0.166297 0.0926557 
0.0955613 0.091557 0.0707275 0.136616 0.0546331 0.203143 0.0446685 0.0435337 0.132193 0.127367 
0.0354947 0.17618 0.115361 0.117889 0.090146 0.079389 0.0738447 0.108508 0.086565 0.116623 
0.0676109 0.0315663 0.0349205 0.0576884 0.158235 0.296929 0.0979333 0.0495589 0.109619 0.0959386 
0.0699035 0.0210357 0.120162 0.0736975 0.17288 0.106629 0.157724 0.118517 0.0667311 0.0927201 
0.24894 0.0329505 0.0911409 0.0917216 0.0706736 0.145793 0.061334 0.0824147 0.0882435 0.0867885 
0.0948711 0.0632834 0.202025 0.264567 0.0269711 0.0959472 0.0789499 0.0784055 0.0507024 0.0442778 
0.0456843 0.0963277 0.071101 0.109138 0.194548 0.0809836 0.060163 0.13296 0.0826809 0.126414 
0.0193404 0.0676847 0.0851115 0.0860567 0.269768 0.0986099 0.0502302 0.0904985 0.110829 0.121872 
0.145289 0.0419655 0.109284 0.100258 0.0730093 0.0927551 0.259108 0.0700527 0.0503072 0.0579711 
0.0697484 0.0293259 0.057095 0.135179 0.0597109 0.366725 0.0228807 0.0297517 0.144989 0.0845933 
0.0499857 0.0286996 0.0427015 0.0893302 0.281974 0.0899223 0.036558 0.139043 0.111702 0.130083 
0.0667808 0.0492782 0.115378 0.0688185 0.159398 0.0779384 0.205157 0.0827505 0.08632 0.088181 
0.0700718 0.0540846 0.0546 0.169762 0.0833876 0.248498 0.0577164 0.0461488 0.139916 0.0758145 
0.0749726 0.0403229 0.112609 0.0952682 0.171253 0.0857918 0.0581787 0.12798 0.110086 0.123537 
0.0815533 0.0457745 0.0607318 0.129847 0.122401 0.221574 0.0781655 0.0980922 0.0818615 0.0799989 
0.0407664 0.212839 0.089386 0.118006 0.0668925 0.113737 0.0963603 0.0797719 0.101232 0.0810081 
0.0531264 0.0411416 0.053173 0.088683 0.239548 0.111403 0.0401615 0.136999 0.092758 0.143007 
0.046885 0.0645659 0.0762632 0.0746861 0.179376 0.133016 0.0697624 0.113695 0.104444 0.137306 
0.0568785 0.0740719 0.115487 0.147479 0.0438792 0.05732 0.0194255 0.282636 0.09484 0.107983 
0.12272 0.0688034 0.243989 0.170219 0.0190777 0.156184 0.0468104 0.0152053 0.126118 0.0308729 
0.0983636 0.0683987 0.0762804 0.189089 0.0619387 0.183351 0.0484102 0.078993 0.0930151 0.102161 
0.0577026 0.109426 0.278769 0.112167 0.0752722 0.0603213 0.0669387 0.057732 0.0973089 0.0843626 
0.0604225 0.119397 0.103424 0.103349 0.0797963 0.101303 0.0631418 0.152244 0.0842291 0.132694 
0.0509687 0.168957 0.102729 0.104444 0.0656625 0.119562 0.0923245 0.0998449 0.0997967 0.0957099 
0.0368362 0.066375 0.116699 0.156992 0.100126 0.150108 0.0634166 0.0592862 0.142915 0.107247 
0.0314381 0.207938 0.101022 0.127077 0.0747874 0.0894761 0.0682376 0.106585 0.0930053 0.100433 
0.0375936 0.1286 0.116382 0.115458 0.0623168 0.194064 0.0533808 0.0365488 0.195169 0.0604865 
0.0312856 0.17794 0.111185 0.132664 0.0790183 0.0863544 0.0586669 0.116908 0.087771 0.118206 
0.02987 0.119303 0.142873 0.132306 0.0581811 0.145865 0.0949287 0.0363633 0.181628 0.058683 
0.0693204 0.0750477 0.0684451 0.124499 0.116557 0.214049 0.0393874 0.0573839 0.126656 0.108654 
0.349439 0.0180451 0.0805621 0.0932004 0.0357312 0.207068 0.0679874 0.0412841 0.0671803 0.039503 
0.068307 0.07135 0.111593 0.121958 0.0796009 0.147136 0.0848772 0.0635387 0.167449 0.0841911 
0.0409821 0.0456461 0.0785881 0.0827045 0.187925 0.0587795 0.0635066 0.138418 0.113686 0.189764 
0.0480947 0.0929357 0.287288 0.227624 0.0129008 0.111498 0.0576268 0.0254473 0.0958432 0.0407411 
0.0798983 0.0495724 0.10873 0.159712 0.0491473 0.212607 0.0252004 0.0513133 0.146128 0.117692 
0.454514 0.0172545 0.0465831 0.111149 0.0328988 0.134098 0.022022 0.0469995 0.0817817 0.0526991 
0.0543792 0.176996 0.0795072 0.105048 0.0911889 0.121244 0.0977696 0.0818241 0.109325 0.0827174 
0.0307424 0.168902 0.116716 0.111861 0.0593685 0.0892925 0.0616424 0.13038 0.132635 0.0984608 
0.0311828 0.182699 0.0821198 0.106873 0.0999872 0.13424 0.0883412 0.0697036 0.117032 0.0878214 
0.263566 0.0154983 0.0755723 0.134056 0.109545 0.144848 0.054846 0.0711658 0.0623926 0.0685099 
0.0309894 0.069559 0.0659509 0.161302 0.148255 0.108131 0.0545205 0.122726 0.108103 0.130464 
0.166478 0.0280689 0.089335 0.140378 0.0842477 0.182052 0.0219896 0.0737703 0.106655 0.107024 
0.0556427 0.117028 0.0853098 0.110442 0.0872362 0.165265 0.0916252 0.0732098 0.128249 0.0859919 
0.0337061 0.178156 0.0988514 0.109744 0.0622493 0.129254 0.0992317 0.0667435 0.125484 0.0965802 
0.0703088 0.0440121 0.111388 0.0763473 0.100725 0.108907 0.311774 0.0358712 0.0801079 0.0605592 
0.039607 0.0494221 0.0629199 0.114183 0.176402 0.137622 0.0449396 0.129322 0.116961 0.128621 
0.0530324 0.0476129 0.293771 0.197905 0.0315636 0.0996796 0.0484962 0.061013 0.112872 0.0540543 
0.0837868 0.0167508 0.151761 0.36824 0.0172555 0.197826 0.0299364 0.0240553 0.0583283 0.0520591 
0.106841 0.0495981 0.164539 0.0543728 0.108393 0.0598204 0.207601 0.089905 0.0645068 0.0944227 
0.0456618 0.139035 0.131708 0.122462 0.0635624 0.115275 0.0780305 0.119499 0.105998 0.0787683 
0.0428991 0.176083 0.102621 0.115892 0.0795704 0.111496 0.0714906 0.11464 0.0976772 0.0876309 
0.0479352 0.138984 0.120102 0.10136 0.0677793 0.122742 0.0910592 0.126111 0.102229 0.0816982 
0.0434415 0.0885865 0.0874985 0.191154 0.0793619 0.157136 0.0730504 0.0602586 0.115924 0.103588 
0.0346991 0.0280268 0.0226479 0.0622359 0.171959 0.164163 0.0289149 0.10672 0.141244 0.239389 
0.0622048 0.0489547 0.0533886 0.123675 0.101491 0.214919 0.0434473 0.127746 0.108322 0.115851 
0.0600193 0.0512735 0.448927 0.0950608 0.0302887 0.0678347 0.0883261 0.0348127 0.0781747 0.045282 
0.0265743 0.0518265 0.0148674 0.0732725 0.173773 0.171308 0.0339481 0.155595 0.0851433 0.213692 
0.078638 0.0386724 0.0493532 0.0794411 0.171118 0.176983 0.0494401 0.146168 0.117063 0.0931233 
0.0698922 0.0529737 0.0665202 0.117136 0.0975591 0.162017 0.0318875 0.172523 0.0970005 0.132491 
0.0283412 0.0657864 0.0320501 0.075346 0.162617 0.129841 0.0463058 0.183305 0.0910399 0.185368 
0.03845 0.0745233 0.133073 0.183319 0.0725707 0.103941 0.0450578 0.104592 0.101393 0.14308 
0.0280433 0.0481303 0.0571017 0.116332 0.17967 0.126752 0.0300769 0.118941 0.130343 0.164611 
0.163524 0.0139984 0.117603 0.100883 0.0914127 0.125868 0.0420213 0.114872 0.0870102 0.142807 
0.0446808 0.0603839 0.130948 0.235624 0.0565408 0.114058 0.0392505 0.0975566 0.104768 0.11619 
0.0956092 0.0445529 0.0787699 0.0755936 0.134384 0.248651 0.100298 0.0375978 0.121257 0.0632859 
0.068178 0.0587225 0.0573085 0.122241 0.139441 0.162554 0.0355619 0.154111 0.103143 0.0987391 
0.12084 0.0385485 0.0473248 0.17015 0.0794972 0.283859 0.0271856 0.0839372 0.0847483 0.06391 
0.0485305 0.0486654 0.0307719 0.086835 0.0960776 0.136615 0.0208527 0.274078 0.103315 0.154259 
0.0967614 0.036517 0.223695 0.217415 0.0622465 0.0850118 0.0588657 0.0532316 0.0789782 0.0872786 
0.0893745 0.00715909 0.496055 0.0904307 0.0393658 0.051181 0.0338667 0.0542552 0.0779381 0.0603741 
0.0286428 0.0219929 0.0621257 0.151176 0.0789806 0.0852649 0.0194664 0.332137 0.0697496 0.150464 
0.0565631 0.138931 0.134717 0.106007 0.0697313 0.122993 0.0871355 0.109797 0.094704 0.0794217 
0.0867369 0.0607982 0.267721 0.142068 0.0529662 0.125692 0.0391174 0.0367916 0.133366 0.0547426 
0.0190537 0.0729696 0.0838896 0.166112 0.0832003 0.206964 0.0401171 0.087996 0.166993 0.0727051 
0.067817 0.0697228 0.0892406 0.105632 0.16858 0.108008 0.0785439 0.082389 0.109195 0.120872 
0.0546989 0.164612 0.127339 0.120768 0.0489566 0.111806 0.0675962 0.13046 0.0949314 0.0788317 
0.0507492 0.0626169 0.0630928 0.121202 0.0949581 0.105445 0.0507524 0.202581 0.0836676 0.164936 
0.0854457 0.0560804 0.116647 0.192658 0.0442441 0.121559 0.0643291 0.148404 0.0714005 0.0992331 
0.0714645 0.121233 0.114586 0.166035 0.0552472 0.165437 0.0468385 0.0529767 0.125304 0.0808779 
0.0375216 0.0823107 0.114553 0.0795509 0.0878804 0.206472 0.126707 0.0230884 0.192446 0.0494706 
0.0319909 0.0381015 0.0447937 0.117643 0.101702 0.129493 0.0145675 0.225774 0.160043 0.135892 
0.0568289 0.0863448 0.0896979 0.125596 0.0930386 0.0843983 0.0436348 0.179913 0.084407 0.156141 
0.0822024 0.0337341 0.0788232 0.0785292 0.120756 0.1135 0.0432007 0.199478 0.0989386 0.150838 
0.0360114 0.0646625 0.26903 0.188127 0.054184 0.0674896 0.0872684 0.0654884 0.0932921 0.0744471 
0.0380636 0.173441 0.249845 0.100461 0.0675442 0.07984 0.0916386 0.0530638 0.0701116 0.0759913 
0.0425657 0.0329765 0.0463258 0.0710677 0.318391 0.0660059 0.0654241 0.109091 0.0998626 0.14829 
0.0349053 0.226661 0.0880392 0.120147 0.0808162 0.0890996 0.0743448 0.0947879 0.095611 0.0955885 
0.0707184 0.0701886 0.0751619 0.121889 0.0819332 0.238325 0.078072 0.0422361 0.12059 0.100886 
0.0655395 0.0577801 0.103445 0.166324 0.0924903 0.142515 0.037561 0.0673486 0.152827 0.114169 
0.173532 0.0477342 0.0649677 0.0645652 0.0694394 0.124349 0.0464708 0.0911514 0.165173 0.152616 
0.0396031 0.0497256 0.0953494 0.143014 0.154256 0.067776 0.0704494 0.175876 0.095117 0.108834 
0.0521312 0.0608337 0.188496 0.150421 0.0609366 0.0955913 0.100894 0.109057 0.0799975 0.101641 
0.0998099 0.0715876 0.0767527 0.169924 0.116263 0.133243 0.0954105 0.104745 0.0640087 0.0682547 
0.277752 0.0335737 0.220558 0.0763962 0.0354293 0.0941642 0.0742617 0.0341515 0.111354 0.0423597 
0.0614394 0.101477 0.124484 0.129533 0.0812047 0.0928569 0.142519 0.0667599 0.107908 0.0918192 
0.049914 0.0308931 0.049564 0.0565634 0.354441 0.0624863 0.0373205 0.125376 0.119664 0.113778 
0.0444197 0.134389 0.229823 0.131448 0.034817 0.116748 0.120636 0.0449663 0.0958105 0.0469422 
0.0221562 0.0549164 0.0446246 0.0965892 0.246146 0.114892 0.0290963 0.102397 0.113773 0.175411 
0.0578392 0.14723 0.0902475 0.102911 0.0722622 0.166173 0.0842099 0.0873612 0.106591 0.0851761 
0.0326109 0.0564461 0.0314268 0.0696862 0.160553 0.103293 0.0424696 0.152736 0.117258 0.23352 
0.0757155 0.0745404 0.0808271 0.152588 0.0849764 0.201904 0.0427548 0.0697577 0.106226 0.110709 
0.0446297 0.0368761 0.0803554 0.146635 0.0617153 0.0659879 0.0218806 0.312149 0.0892975 0.140473 
0.0299801 0.0819452 0.103007 0.170529 0.0826594 0.0792763 0.0390215 0.202876 0.0801278 0.130577 
0.0423831 0.128445 0.239992 0.157796 0.0310501 0.11647 0.0842732 0.0649057 0.0902607 0.0444238 
0.0542626 0.14627 0.144179 0.126323 0.0411011 0.154644 0.0875577 0.046317 0.131366 0.0679797 
0.0500791 0.0208848 0.430167 0.125914 0.0358742 0.0599522 0.125634 0.0344434 0.0670872 0.0499638 
0.215659 0.0507471 0.0853714 0.0896513 0.0769181 0.108883 0.0954501 0.117405 0.0834626 0.0764526 
0.130799 0.0638183 0.0663088 0.106033 0.0622675 0.197136 0.0290051 0.054769 0.1759 0.113962 
0.103275 0.10546 0.0730338 0.132805 0.0522714 0.177256 0.0387725 0.118727 0.130426 0.0679735 
0.0374559 0.0469342 0.0730766 0.13977 0.0478795 0.108183 0.0220217 0.329363 0.0854934 0.109822 
0.0263656 0.0591228 0.0606032 0.0999625 0.079409 0.10107 0.0351696 0.28392 0.0766284 0.177748 
0.0250614 0.0909538 0.0855676 0.0886547 0.130221 0.132903 0.0595025 0.0936814 0.118342 0.175113 
0.0296819 0.224747 0.0958592 0.13794 0.0711614 0.0849604 0.0786705 0.0735287 0.110638 0.0928129 
0.14762 0.0413284 0.0692436 0.0940149 0.0598464 0.249315 0.0786037 0.0470191 0.129501 0.0835076 
0.020854 0.23359 0.0771923 0.131902 0.0925995 0.0721985 0.073574 0.0952674 0.0981674 0.104654 
0.119191 0.0381697 0.105542 0.136018 0.074059 0.144137 0.063081 0.0381674 0.153945 0.127691 
0.220433 0.0338307 0.104342 0.123291 0.04138 0.141919 0.0603685 0.144348 0.0501763 0.079911 
0.0528188 0.053291 0.116483 0.193566 0.0516053 0.192917 0.0200454 0.0917278 0.116999 0.110547 
0.208908 0.0238549 0.108498 0.135313 0.0654473 0.122309 0.0422069 0.0837015 0.0863966 0.123364 
0.03378 0.214117 0.0906449 0.126584 0.0731956 0.0921842 0.0702972 0.10303 0.097454 0.0987124 
0.0371082 0.0493964 0.0560833 0.107209 0.132648 0.094386 0.0322618 0.141222 0.154675 0.195011 
0.0264379 0.0749471 0.0670385 0.10197 0.116689 0.0789104 0.0230436 0.205328 0.13713 0.168505 
0.0375747 0.0362264 0.0952058 0.0843441 0.23202 0.084417 0.0480967 0.112289 0.123826 0.145999 
0.0310201 0.181668 0.114726 0.130541 0.0549579 0.105882 0.0838484 0.0950707 0.110269 0.0920154 
0.0265636 0.067587 0.0791961 0.099335 0.0942309 0.121961 0.0348449 0.129379 0.198946 0.147957 
0.0561996 0.0583335 0.278298 0.139083 0.0606664 0.0822144 0.0706857 0.0579039 0.133629 0.0629871 
0.0380372 0.190652 0.117002 0.127849 0.0776541 0.0818983 0.0723463 0.108559 0.0805711 0.105432 
0.051264 0.160044 0.204762 0.149466 0.0200667 0.110832 0.114376 0.0279878 0.122842 0.0383592 
0.0455742 0.0322988 0.0433979 0.0859023 0.167378 0.0719654 0.0474613 0.131542 0.128385 0.246096 
0.0410028 0.09836 0.12864 0.10355 0.0775109 0.101197 0.0455438 0.171166 0.0993588 0.133671 
0.0524362 0.0823248 0.0467282 0.107536 0.134237 0.208349 0.0265387 0.131642 0.112027 0.0981811 
0.0860024 0.0372952 0.0770557 0.0805728 0.122055 0.0923494 0.0588722 0.148064 0.0962981 0.201435 
0.0380013 0.0544458 0.363894 0.1941 0.0446086 0.0611273 0.0846328 0.0407553 0.0807411 0.0376942 
0.0518628 0.0782877 0.135254 0.0814876 0.0647562 0.210011 0.200807 0.0341937 0.0995326 0.0438073 
0.058701 0.0116904 0.0316105 0.158593 0.221861 0.0625193 0.0451814 0.166411 0.0945668 0.148865 
0.0399451 0.146278 0.113882 0.107502 0.0508436 0.156394 0.0735935 0.101642 0.125136 0.0847825 
0.0472231 0.0942856 0.0987235 0.122322 0.107605 0.185459 0.0960791 0.0598246 0.120458 0.0680203 
0.0269693 0.0804109 0.0498349 0.0971414 0.133871 0.20459 0.0555912 0.086817 0.131189 0.133585 
0.101801 0.157705 0.181579 0.120998 0.0182875 0.178872 0.0861865 0.0141078 0.115293 0.0251712 
0.0604302 0.0383368 0.0663497 0.0586289 0.117911 0.081671 0.0447453 0.192706 0.105193 0.234029 
0.0312889 0.084835 0.294436 0.130991 0.067384 0.0589407 0.109534 0.0488666 0.0786273 0.0950961 
0.203702 0.0300868 0.0853811 0.123433 0.056175 0.174026 0.0266948 0.0652042 0.0982197 0.137078 
0.0369377 0.0271527 0.0411005 0.0937896 0.261004 0.127734 0.048423 0.0983634 0.0944861 0.171009 
0.379747 0.0172605 0.0924165 0.113638 0.0208115 0.186627 0.0404347 0.0565903 0.045466 0.0470077 
0.297426 0.0366284 0.0715837 0.102946 0.0338759 0.193275 0.0669753 0.0872066 0.0516193 0.0584645 
0.0748268 0.0419858 0.322847 0.139867 0.0409036 0.101132 0.114575 0.0237073 0.0926475 0.0475082 
0.059209 0.129179 0.125717 0.152192 0.0450542 0.133143 0.0258582 0.0668806 0.156276 0.106491 
0.0650529 0.0994458 0.092746 0.123066 0.134991 0.102246 0.082378 0.132748 0.0815671 0.0857578 
0.0270028 0.0714914 0.150918 0.137867 0.0835901 0.0800737 0.0529394 0.217074 0.0767361 0.102307 
0.0296946 0.232323 0.0950595 0.133425 0.075533 0.0948312 0.0797208 0.0790156 0.09639 0.0840075 
0.0674539 0.0698463 0.189517 0.106984 0.0729559 0.0725164 0.0635226 0.139992 0.120314 0.0968981 
0.028423 0.0498738 0.0541722 0.0740157 0.214542 0.111876 0.0423634 0.15361 0.108552 0.162572 
0.17716 0.0433745 0.22132 0.0956125 0.0290652 0.169998 0.0333978 0.0247903 0.172825 0.0324561 
0.0526668 0.122407 0.27505 0.18983 0.0172764 0.0874923 0.0683291 0.0291519 0.106613 0.0511848 
0.0327756 0.0879674 0.0960346 0.110087 0.109579 0.0796403 0.0475796 0.160792 0.109579 0.165966 
0.0321059 0.045002 0.0487147 0.0719926 0.283969 0.107753 0.0383228 0.0995154 0.166658 0.105967 
0.0778182 0.0924657 0.146793 0.207698 0.0641049 0.117176 0.0877302 0.0462554 0.0879585 0.0720007 
0.0792748 0.077147 0.114331 0.156791 0.0918417 0.15737 0.0542931 0.0678315 0.112005 0.0891151 
0.465092 0.00695799 0.107124 0.0732389 0.0285167 0.0910905 0.0481908 0.0492211 0.0790075 0.0515608 
0.269656 0.0113443 0.0945987 0.0647962 0.0769644 0.14178 0.0941461 0.0667367 0.0898158 0.0901625 
0.0818873 0.0472627 0.0730063 0.184873 0.130578 0.182456 0.0675387 0.049322 0.0999475 0.0831288 
0.0246799 0.236478 0.0832791 0.135788 0.0842433 0.0913195 0.0801069 0.0783485 0.107986 0.0777711 
0.0506942 0.0324528 0.0831115 0.0636092 0.133914 0.0813162 0.0285228 0.17177 0.161036 0.193573 
0.0698109 0.0638697 0.0654264 0.0520055 0.157729 0.152766 0.241738 0.0417789 0.0857526 0.0691233 
0.0423916 0.0832475 0.0224932 0.0665825 0.150225 0.250925 0.0872608 0.072571 0.136427 0.087877 
0.149274 0.0243201 0.227024 0.173206 0.0918604 0.0796344 0.078927 0.0265438 0.0920604 0.0571503 
0.066078 0.0534327 0.0788978 0.108143 0.11675 0.262391 0.0724161 0.0208757 0.157703 0.0633136 
0.0282871 0.136033 0.0808082 0.109433 0.0694676 0.132695 0.0401391 0.165539 0.1098 0.127799 
0.030314 0.117373 0.0964234 0.158894 0.0637915 0.0904862 0.0281797 0.185853 0.0958251 0.13286 
0.039275 0.0579167 0.0401917 0.0774246 0.122396 0.14026 0.0372134 0.172806 0.105748 0.206769 
0.0739645 0.0780676 0.116465 0.168893 0.0700508 0.17539 0.0399255 0.0633897 0.129492 0.0843618 
0.146225 0.0585155 0.0929674 0.118432 0.0749651 0.119994 0.0782358 0.107816 0.0689344 0.133914 
0.0564885 0.0427784 0.0876997 0.071494 0.178618 0.0865837 0.0711801 0.116084 0.115977 0.173097 
0.0748157 0.171827 0.19047 0.107339 0.0338401 0.139984 0.104742 0.0154654 0.103421 0.0580968 
0.27329 0.0126192 0.0570292 0.0844248 0.0821248 0.18274 0.0829686 0.0542561 0.0984805 0.0720669 
0.0315152 0.0797602 0.0946725 0.0922614 0.0815042 0.108249 0.0459347 0.229917 0.109737 0.126449 
0.0254469 0.2094 0.0919346 0.139511 0.0844852 0.0850842 0.066078 0.0997772 0.0941389 0.104144 
0.0336516 0.208016 0.0944726 0.121864 0.0848248 0.0831902 0.0739401 0.10181 0.0866544 0.111577 
0.0485286 0.140084 0.241024 0.150696 0.0485676 0.0992456 0.0839892 0.0243939 0.124537 0.0389335 
0.0284183 0.21205 0.0943442 0.128489 0.0829354 0.0796206 0.0655215 0.121234 0.0875485 0.0998385 
0.0507811 0.0574229 0.0807247 0.143998 0.108382 0.252421 0.0257485 0.0573366 0.167652 0.0555326 
0.0581655 0.0818373 0.102968 0.231101 0.0739655 0.170475 0.0337791 0.0705959 0.100584 0.076529 
0.0506997 0.116971 0.174699 0.154705 0.0666716 0.133122 0.0657515 0.0535847 0.114748 0.0690477 
0.0292052 0.0508782 0.0674572 0.0828623 0.195983 0.0762051 0.0372121 0.14306 0.112469 0.204669 
0.0330921 0.0204733 0.0529018 0.18161 0.059482 0.094597 0.0250558 0.329427 0.0758673 0.127494 
0.0656705 0.0123712 0.165143 0.0902461 0.0995015 0.194035 0.0323982 0.0222756 0.196137 0.122222 
0.0675961 0.086246 0.15805 0.0761792 0.0726982 0.139686 0.227327 0.036187 0.0895332 0.0464978 
0.0574981 0.0864663 0.107809 0.18032 0.0415474 0.145837 0.113516 0.123948 0.0675946 0.0754633 
0.0616256 0.0597525 0.0869937 0.11013 0.169358 0.0937645 0.158714 0.0949353 0.0859664 0.0787593 
0.0332932 0.193648 0.0867575 0.127438 0.0668231 0.106152 0.0697595 0.0991816 0.107267 0.10968 
0.130234 0.0755934 0.0518892 0.228505 0.0521498 0.227106 0.0335734 0.0478282 0.0923949 0.060726 
0.0384911 0.126785 0.0836077 0.116721 0.0768317 0.22494 0.0939839 0.0449107 0.125445 0.0682838 
0.022881 0.212974 0.0751286 0.125199 0.0775952 0.0934972 0.0564815 0.106663 0.107192 0.122389 
0.250789 0.0163756 0.108123 0.127303 0.0519118 0.121907 0.0356586 0.0687954 0.104559 0.114577 
0.050237 0.0543152 0.0256972 0.0774837 0.12835 0.326733 0.0236956 0.0745128 0.155897 0.083078 
0.041433 0.158295 0.124773 0.111822 0.047472 0.124496 0.103874 0.098949 0.124157 0.0647291 
0.0222488 0.0886927 0.0930608 0.236658 0.0675764 0.0779687 0.0251582 0.16586 0.115531 0.107245 
0.0254665 0.186546 0.0828966 0.135264 0.0846295 0.109698 0.0775027 0.0974128 0.0923586 0.108225 
0.0512888 0.0493583 0.0771751 0.122856 0.0773158 0.280515 0.0563763 0.0357045 0.141967 0.107444 
0.185421 0.0594585 0.110313 0.127534 0.0581877 0.18906 0.036151 0.0626026 0.108691 0.0625805 
0.0713402 0.0313718 0.135513 0.0731455 0.137961 0.0715503 0.145415 0.0742229 0.119062 0.140418 
0.055182 0.157561 0.137614 0.115633 0.0920075 0.0951722 0.0824232 0.0608941 0.127914 0.0755987 
0.108817 0.0735244 0.0771222 0.100621 0.0869924 0.134824 0.0817253 0.0561228 0.150028 0.130222 
0.0693965 0.0410669 0.0233776 0.1749 0.0912186 0.2781 0.025438 0.0793943 0.105642 0.111466 
0.0608835 0.140942 0.120541 0.119247 0.0779385 0.0998033 0.0760258 0.114176 0.0905367 0.0999056 
0.0450716 0.068356 0.0471493 0.0842181 0.10139 0.15058 0.0508845 0.197355 0.116104 0.138892 
0.0391469 0.0497032 0.0475212 0.0820457 0.199126 0.129403 0.0486393 0.134007 0.111572 0.158835 
0.0457973 0.0160119 0.0386457 0.102635 0.324181 0.0467387 0.0555176 0.164588 0.0884342 0.117451 
0.0483826 0.0401244 0.106236 0.093478 0.110352 0.11344 0.218143 0.076933 0.0866889 0.106222 
0.0498234 0.0270013 0.149056 0.13837 0.0553751 0.0609058 0.018995 0.209736 0.154512 0.136225 
0.0348051 0.11368 0.212314 0.183626 0.0320955 0.115644 0.147079 0.0298142 0.0874536 0.0434887 
0.0993301 0.0570561 0.0710477 0.122473 0.0942079 0.223314 0.0308169 0.0626082 0.142513 0.0966339 
0.182184 0.0199381 0.0880004 0.108215 0.0993395 0.158164 0.0641541 0.0655111 0.100324 0.114169 
0.058969 0.0639468 0.128942 0.0905494 0.0920297 0.111607 0.110174 0.168618 0.085904 0.0892608 
0.0380841 0.0208299 0.116453 0.0880849 0.126194 0.304338 0.0418895 0.0477909 0.102394 0.113941 
0.0721667 0.0669437 0.139087 0.0911593 0.0631869 0.172116 0.186244 0.036152 0.108051 0.0648934 
0.0731147 0.0597465 0.0940989 0.219111 0.0671003 0.159538 0.0330847 0.090995 0.102861 0.100351 
0.0383279 0.058993 0.0728564 0.152238 0.0781786 0.0718864 0.0218434 0.300903 0.0743059 0.130467 
0.0408059 0.0755768 0.327199 0.177307 0.0152472 0.0913502 0.143735 0.0276132 0.068495 0.0326702 
0.174898 0.0558158 0.158069 0.140566 0.0599112 0.0878021 0.0469947 0.0779996 0.104394 0.09355 
0.0438411 0.0865038 0.0961454 0.13018 0.0734181 0.187409 0.0296492 0.0919155 0.150333 0.110604 
0.0388584 0.0814494 0.144253 0.120245 0.107462 0.122236 0.0370316 0.0682346 0.188063 0.0921677 
0.0725265 0.0441298 0.0474301 0.0887043 0.0977209 0.33761 0.0296609 0.0525716 0.157916 0.0717304 
0.0461339 0.0555635 0.0485872 0.111178 0.186876 0.130886 0.0447721 0.126529 0.0940984 0.155376 
0.0367832 0.167743 0.106221 0.121646 0.0676464 0.0993215 0.0808163 0.111122 0.0970783 0.111621 
0.0319442 0.191215 0.102893 0.124222 0.0733816 0.0960183 0.0862413 0.0896718 0.10178 0.102633 
0.0723032 0.0300602 0.0745229 0.0831473 0.223903 0.0897428 0.0610922 0.0993395 0.118102 0.147787 
0.2677 0.0668292 0.13546 0.0767618 0.0426689 0.176437 0.0817144 0.0241195 0.0951724 0.033137 
0.0508372 0.0579994 0.0885039 0.226351 0.0766093 0.070033 0.0600746 0.229644 0.0606648 0.0792823 
0.0509672 0.0678294 0.0552238 0.235025 0.0740335 0.198695 0.0370231 0.0787681 0.085882 0.116553 
0.0525814 0.0617843 0.0901487 0.118056 0.0704886 0.10187 0.0464783 0.222152 0.0830166 0.153424 
0.0453296 0.0641728 0.142939 0.0542426 0.0602276 0.0987718 0.340601 0.0673954 0.0775649 0.0487553 
0.048452 0.189487 0.108488 0.122972 0.0622669 0.101646 0.0787487 0.0991012 0.102789 0.0860488 
0.10887 0.0383144 0.0610721 0.119564 0.0903728 0.17218 0.142923 0.0927967 0.0794776 0.0944287 
0.0353535 0.103283 0.206271 0.0910366 0.0782909 0.105797 0.0827225 0.0926371 0.108788 0.0958195 
0.0570369 0.171003 0.132785 0.097176 0.0692148 0.117901 0.0655115 0.100066 0.102792 0.0865145 
0.0182713 0.0719242 0.0369873 0.103267 0.170739 0.162945 0.0410389 0.155514 0.0968562 0.142457 
0.123356 0.0131749 0.371901 0.12183 0.0416732 0.0667278 0.0497508 0.0991117 0.0501794 0.0622958 
0.0989266 0.0271653 0.142185 0.0995525 0.0795141 0.207328 0.0403944 0.072411 0.137656 0.0948675 
0.0531774 0.0515112 0.133052 0.0701817 0.089133 0.134642 0.216247 0.0778866 0.0862007 0.0879674 
0.0309253 0.16561 0.11035 0.116962 0.0794499 0.0851063 0.0717234 0.120612 0.0960587 0.123203 
0.0851934 0.0389212 0.0642192 0.0782529 0.135612 0.0889831 0.0681027 0.136722 0.115236 0.188757 
0.0800801 0.085316 0.0404161 0.119035 0.0820071 0.214283 0.068438 0.0562356 0.120483 0.133706 
0.0468814 0.0963623 0.386249 0.107063 0.0388478 0.0590396 0.0877386 0.0420394 0.0763822 0.059397 
0.0664232 0.0839694 0.100477 0.120722 0.0838876 0.246126 0.0608721 0.0377476 0.105631 0.0941437 
0.0643349 0.0287051 0.068923 0.0735898 0.22304 0.129459 0.0785939 0.0867063 0.12619 0.120458 
0.0607433 0.0447265 0.0793538 0.0664018 0.265464 0.0412393 0.111563 0.0859453 0.0718232 0.172739 
0.157507 0.01212 0.321178 0.101952 0.0465607 0.100916 0.0503856 0.0496367 0.100637 0.0591061 
0.0455047 0.114585 0.0925155 0.121739 0.0750583 0.199976 0.0350133 0.0530313 0.154045 0.108533 
0.0624857 0.0482244 0.125276 0.243774 0.0558637 0.192486 0.0453314 0.0645447 0.0731692 0.0888449 
0.0701303 0.0648204 0.0538866 0.054362 0.155157 0.142732 0.0474077 0.127817 0.130306 0.153382 
0.0487189 0.0886151 0.224685 0.133805 0.0678502 0.108165 0.0659896 0.10619 0.0960782 0.0599033 
0.0311771 0.0178916 0.0408415 0.0991986 0.318128 0.0632741 0.0388546 0.125695 0.0609196 0.20402 
0.115833 0.0354856 0.0423889 0.0956509 0.0837985 0.278826 0.081625 0.0595019 0.0992882 0.107601 
0.257239 0.0265721 0.0812153 0.143517 0.0394211 0.150853 0.0126145 0.0810055 0.088393 0.11917 
0.0895734 0.0861851 0.117317 0.261105 0.0296004 0.173524 0.0496126 0.042229 0.0976004 0.053253 
0.0266236 0.214731 0.089736 0.123844 0.0775796 0.107621 0.0643332 0.0930507 0.115092 0.0873877 
0.0372313 0.0237275 0.041015 0.123271 0.0493878 0.11164 0.017972 0.368152 0.105282 0.122321 
0.0391548 0.099788 0.0845529 0.0987501 0.0761414 0.109638 0.0422322 0.179786 0.100011 0.169946 
0.0296908 0.0261363 0.0229636 0.238631 0.0521944 0.288859 0.00672005 0.147415 0.0891627 0.098227 
0.038039 0.0130013 0.0277945 0.0804666 0.0583639 0.127528 0.0108199 0.419347 0.104492 0.120148 
0.0443815 0.113865 0.0548452 0.0935392 0.145694 0.0928834 0.0581973 0.112989 0.110833 0.172772 
0.0392057 0.0294363 0.0381661 0.0742428 0.102677 0.158191 0.0287348 0.284908 0.0915041 0.152935 
0.0266029 0.201868 0.100664 0.123484 0.0596037 0.107644 0.0939631 0.0970423 0.106793 0.0823358 
