0.0557944 0.0252618 0.0789139 0.188902 0.0738605 0.0688556 0.0310347 0.281372 0.0680974 0.127907 
0.0590494 0.127884 0.230204 0.125178 0.0119788 0.163374 0.123555 0.00848087 0.122933 0.0273634 
0.0393003 0.191023 0.118145 0.0870936 0.0798986 0.101626 0.108354 0.0989274 0.0937462 0.0818857 
0.27615 0.0326328 0.0855084 0.0906459 0.0709001 0.129007 0.0738985 0.110143 0.066348 0.0647663 
0.0693567 0.043621 0.106129 0.0907286 0.216565 0.0793031 0.0692716 0.109833 0.0923935 0.122799 
0.0321702 0.205646 0.107531 0.106393 0.0661329 0.0837346 0.0898693 0.115976 0.101792 0.0907551 
0.0379337 0.0491181 0.0367564 0.102041 0.225536 0.142341 0.0547515 0.10756 0.118627 0.125336 
0.03174 0.0672357 0.0586319 0.0887779 0.150574 0.11214 0.0842713 0.125879 0.0894227 0.191327 
0.0834358 0.0501824 0.0844687 0.0509849 0.17628 0.161029 0.192597 0.048999 0.0704721 0.0815518 
0.0536911 0.0226549 0.0271863 0.0600511 0.195489 0.0732255 0.044161 0.186347 0.0902042 0.24699 
0.243238 0.0259414 0.123281 0.111899 0.0508586 0.159535 0.0830202 0.0481847 0.105557 0.0484844 
0.0794385 0.0775483 0.0953898 0.112935 0.110398 0.0902197 0.130668 0.112908 0.11565 0.074845 
0.0582599 0.0368376 0.0498914 0.10782 0.12713 0.120861 0.046063 0.165971 0.0930828 0.194084 
0.241356 0.0216683 0.0727736 0.0977599 0.0960356 0.134439 0.0323383 0.115333 0.096483 0.0918139 
0.0219326 0.250128 0.101912 0.126963 0.0646461 0.0880369 0.0912734 0.0741912 0.0946003 0.086316 
0.092152 0.0748223 0.0658074 0.154084 0.0773747 0.236314 0.066148 0.0381933 0.144367 0.0507374 
0.0582685 0.0398179 0.0771849 0.0956761 0.14109 0.0880825 0.0538548 0.164473 0.111437 0.170115 
0.0743365 0.0263 0.0844074 0.201916 0.068015 0.058075 0.0235115 0.320438 0.0563644 0.0866359 
0.0377305 0.0797371 0.148439 0.14266 0.093811 0.110184 0.141724 0.0550274 0.110106 0.0805817 
0.0692395 0.0539853 0.0687787 0.0817522 0.219398 0.100974 0.0722272 0.123164 0.079554 0.130927 
0.0530398 0.0278179 0.0250221 0.129924 0.138854 0.103888 0.030359 0.195273 0.0983281 0.197494 
0.0604319 0.0644322 0.123602 0.0775078 0.0953051 0.136148 0.245399 0.0271991 0.100258 0.0697169 
0.0330939 0.129792 0.104442 0.0745179 0.171363 0.0574951 0.168097 0.103037 0.0832995 0.0748632 
0.0783236 0.0460141 0.0739659 0.0983043 0.126803 0.242571 0.122947 0.04489 0.0868201 0.0793618 
0.0595447 0.0680535 0.0986138 0.10793 0.155962 0.0875425 0.0837824 0.138296 0.082156 0.118119 
0.368198 0.00692905 0.0426919 0.039044 0.114977 0.170848 0.106373 0.0667499 0.0417512 0.0424382 
0.0589172 0.0564422 0.0839516 0.109176 0.0756416 0.148761 0.0261615 0.235815 0.0873643 0.11777 
0.0596018 0.0548891 0.0951666 0.0843663 0.217006 0.101773 0.0679834 0.11102 0.0857661 0.122428 
0.29522 0.0154705 0.106977 0.153394 0.0437569 0.146819 0.0323953 0.0609904 0.0775172 0.0674597 
0.0404222 0.216202 0.0840453 0.0876284 0.0541498 0.14449 0.119342 0.0705936 0.120174 0.0629527 
0.0359783 0.0668325 0.0535355 0.204502 0.0673284 0.157449 0.0449892 0.159031 0.0903183 0.120035 
0.0506081 0.21418 0.0912756 0.0963908 0.0796693 0.113268 0.0841302 0.0961386 0.08797 0.0863692 
0.0421881 0.0609679 0.0752077 0.245458 0.0864236 0.193355 0.0535949 0.0495211 0.102593 0.0906912 
0.110818 0.0190596 0.0611842 0.0471488 0.267222 0.119622 0.164737 0.0707183 0.0673225 0.0721678 
0.0472582 0.0464425 0.06808 0.135716 0.0977358 0.0785851 0.0306039 0.257374 0.0904205 0.147784 
0.0646381 0.0980058 0.301732 0.115104 0.0422918 0.166418 0.0652439 0.0323025 0.0944036 0.0198597 
0.0478713 0.0362494 0.0635534 0.134289 0.0717167 0.110935 0.0248688 0.3162 0.0814412 0.112876 
0.0301526 0.22257 0.0840265 0.102927 0.0705135 0.138076 0.0861322 0.0908285 0.0975212 0.0772523 
0.106437 0.0787541 0.160147 0.154527 0.036652 0.176315 0.0845481 0.0568127 0.0930801 0.0527263 
0.0314017 0.220928 0.0940642 0.103347 0.0446629 0.138333 0.0863218 0.0770582 0.120001 0.0838817 
0.0512665 0.170703 0.0993759 0.0866592 0.0663851 0.0959734 0.10969 0.100078 0.106478 0.11339 
0.0483597 0.0407824 0.0718397 0.132053 0.125652 0.129006 0.0428845 0.18012 0.0782312 0.151071 
0.01919 0.0838849 0.0482339 0.0996926 0.220062 0.0795801 0.0451924 0.155784 0.118013 0.130368 
0.0701207 0.122675 0.214339 0.130899 0.0571585 0.128287 0.0651044 0.062068 0.0934248 0.055924 
0.0497405 0.0779706 0.100816 0.151766 0.0517391 0.15987 0.135214 0.0714015 0.103138 0.0983431 
0.0960125 0.0507274 0.0754743 0.145321 0.0726574 0.257188 0.0775344 0.0405545 0.111833 0.0726968 
0.0146013 0.181974 0.104429 0.160901 0.0760144 0.129176 0.0918674 0.069527 0.0887903 0.0827196 
0.0522178 0.0966947 0.184672 0.116445 0.0875041 0.0968299 0.137698 0.0462846 0.119739 0.061915 
0.0238235 0.0275599 0.0283971 0.113434 0.308225 0.157294 0.0306481 0.0835534 0.101008 0.126058 
0.0464646 0.052762 0.101488 0.0736414 0.278058 0.0488641 0.0964416 0.112279 0.0815315 0.108469 
0.103873 0.0507253 0.0976838 0.0831532 0.055519 0.143646 0.313025 0.0360527 0.0706014 0.04572 
0.0836606 0.0421148 0.0629667 0.353823 0.0895906 0.0810377 0.047371 0.115536 0.0714127 0.052487 
0.132249 0.051432 0.0543375 0.0813178 0.13186 0.223675 0.0634571 0.0763556 0.0971769 0.0881389 
0.0847064 0.0555053 0.0621053 0.1386 0.120148 0.183808 0.0696555 0.103291 0.104969 0.0772112 
0.0362489 0.0852671 0.170656 0.0444982 0.0826988 0.0404032 0.35836 0.0412736 0.104001 0.0365938 
0.273396 0.0243273 0.0924707 0.100027 0.0654109 0.194677 0.0610487 0.0384555 0.0930901 0.0570974 
0.0616864 0.0419959 0.098917 0.0967891 0.249683 0.107653 0.0755691 0.0746981 0.103171 0.0898379 
0.0300065 0.192679 0.115994 0.108323 0.0647457 0.0932839 0.0739082 0.118349 0.0995538 0.103157 
0.0671152 0.0463937 0.0522283 0.0798008 0.155717 0.114761 0.0569566 0.151741 0.0883029 0.186983 
0.112426 0.0934411 0.0829818 0.0801717 0.099274 0.179507 0.0534067 0.120039 0.0868462 0.0919063 
0.0302209 0.060333 0.0860445 0.183508 0.0674044 0.0914453 0.0180732 0.339492 0.0654862 0.0579928 
0.0951731 0.048342 0.0979607 0.0923471 0.0993944 0.152621 0.089567 0.0426384 0.182139 0.0998166 
0.0555358 0.0731952 0.0832152 0.105631 0.127415 0.118978 0.0857693 0.103576 0.10322 0.143464 
0.0795746 0.075051 0.154882 0.156986 0.0767207 0.110767 0.0793131 0.0561115 0.118032 0.0925626 
0.0574055 0.0289144 0.0945839 0.138731 0.121274 0.0530463 0.0337422 0.316295 0.0561292 0.0998781 
0.0673372 0.0723429 0.0653671 0.113326 0.166157 0.149762 0.0799736 0.0780029 0.100297 0.107435 
0.0552466 0.116288 0.143378 0.109694 0.0938706 0.0728417 0.0956077 0.14527 0.0954753 0.0723282 
0.0575803 0.0665408 0.0929777 0.0632965 0.235911 0.054238 0.0953367 0.12354 0.0753209 0.135259 
0.0412943 0.0501454 0.0650546 0.285214 0.0685209 0.181888 0.0390197 0.0710441 0.106448 0.0913709 
0.320938 0.0147146 0.0641771 0.0633122 0.0352085 0.265384 0.0969803 0.0723681 0.0334872 0.0334304 
0.0849622 0.0302982 0.0572392 0.194254 0.0737878 0.0588553 0.0300724 0.31043 0.0771587 0.0829426 
0.343155 0.0136283 0.0824594 0.089282 0.0395618 0.153683 0.117548 0.0393099 0.0861841 0.0351885 
0.0879193 0.0491012 0.32426 0.140554 0.0306775 0.143837 0.0907843 0.0211077 0.0826294 0.0291298 
0.0302649 0.0858377 0.058822 0.129363 0.0734982 0.0951734 0.0381613 0.219283 0.120761 0.148836 
0.0296018 0.187889 0.0870564 0.11798 0.0693001 0.133314 0.0871597 0.0839745 0.116193 0.0875313 
0.0236195 0.0827253 0.101022 0.124764 0.0935475 0.102292 0.0385473 0.235655 0.0888898 0.108937 
0.0682953 0.1075 0.112266 0.172661 0.0668677 0.199222 0.0617625 0.0433079 0.106605 0.0615123 
0.0316078 0.138485 0.127853 0.0587663 0.108765 0.123101 0.0712388 0.126801 0.102238 0.111144 
0.0295672 0.0982721 0.0429092 0.131676 0.119755 0.103407 0.0624477 0.136675 0.116052 0.159239 
0.0293157 0.0266932 0.0229194 0.0841739 0.0863707 0.0967714 0.0157882 0.409632 0.0920618 0.136274 
0.0503363 0.0485603 0.0760674 0.096929 0.126259 0.127431 0.0441233 0.210361 0.0551785 0.164754 
0.0875329 0.0474425 0.159622 0.0633948 0.105522 0.122219 0.232619 0.0556476 0.0711827 0.0548175 
0.0311746 0.0519367 0.460091 0.0975265 0.031829 0.0628334 0.0837861 0.0194619 0.130721 0.0306402 
0.0434741 0.0464534 0.0497608 0.11167 0.111856 0.105607 0.0326303 0.271949 0.0826485 0.143951 
0.0450153 0.0906927 0.0641353 0.0961149 0.119883 0.193993 0.0636744 0.0580475 0.155097 0.113347 
0.0370136 0.0279954 0.0278614 0.0726934 0.448756 0.0931986 0.0470757 0.071515 0.0797607 0.0941299 
0.0237452 0.0522898 0.0769665 0.127619 0.0809324 0.0602923 0.034962 0.31519 0.0801945 0.147808 
0.0606567 0.0406812 0.056405 0.283475 0.0855819 0.177076 0.0552179 0.0996774 0.0879133 0.0533155 
0.0448424 0.0420469 0.157197 0.0511475 0.119122 0.0631945 0.317799 0.0749617 0.0648046 0.0648849 
0.030685 0.189238 0.126026 0.0945837 0.0688765 0.113079 0.113568 0.0882552 0.101131 0.0745583 
0.0733619 0.0682207 0.0885224 0.282617 0.0421849 0.190525 0.022023 0.0754409 0.0938887 0.0632161 
0.0546426 0.0829899 0.128615 0.0557954 0.0990528 0.119893 0.277925 0.0362019 0.0777852 0.0670995 
0.0702744 0.0917149 0.0716164 0.0972507 0.131248 0.120606 0.0751858 0.104734 0.104101 0.133269 
0.0435691 0.0466293 0.0555805 0.261994 0.0465158 0.21581 0.0228926 0.115102 0.0939155 0.097991 
0.0168343 0.26861 0.102081 0.11204 0.0540915 0.100471 0.090221 0.0481287 0.132569 0.0749546 
0.0414876 0.0732936 0.0596799 0.0458496 0.232634 0.0452983 0.137577 0.105934 0.0776686 0.180578 
0.033776 0.152812 0.0961934 0.113819 0.0889582 0.123364 0.0800365 0.10551 0.101485 0.104045 
0.0257507 0.102057 0.119329 0.13925 0.0745863 0.0812164 0.0771715 0.178566 0.100522 0.101553 
0.10789 0.0711796 0.0960736 0.0483267 0.0938269 0.168694 0.269046 0.0283443 0.0694835 0.0471354 
0.0274917 0.0486642 0.0951685 0.0890752 0.174449 0.070223 0.0317224 0.158664 0.0900846 0.214457 
0.0565097 0.0714636 0.130692 0.0756972 0.0954588 0.0483992 0.283331 0.0888608 0.0726943 0.0768935 
0.266176 0.0262157 0.068982 0.0806678 0.0715233 0.156814 0.0489113 0.0880679 0.102235 0.0904066 
0.0326146 0.0448211 0.0132822 0.12565 0.104763 0.371525 0.0267804 0.0829292 0.120855 0.0767797 
0.0536048 0.0443316 0.0768341 0.124715 0.284323 0.0636107 0.0691489 0.121222 0.0521517 0.110058 
0.0497616 0.0581376 0.075135 0.0879916 0.162196 0.133798 0.0639325 0.125093 0.0865566 0.157398 
0.0525605 0.0573513 0.0794685 0.099117 0.142914 0.0986167 0.0542691 0.153906 0.0999102 0.161887 
0.0965536 0.0446115 0.300386 0.159306 0.0586637 0.0847013 0.0565201 0.0466288 0.103338 0.0492908 
0.0826413 0.159285 0.104048 0.0970494 0.0491841 0.15911 0.0939238 0.0669342 0.111755 0.0760693 
0.0294982 0.0457531 0.0246879 0.130673 0.178465 0.139905 0.0429583 0.124852 0.099769 0.183439 
0.0654473 0.0511961 0.0945183 0.0860542 0.208961 0.0681159 0.0792731 0.117739 0.0936298 0.135065 
0.0550932 0.0961693 0.098927 0.179875 0.0693653 0.174087 0.053914 0.0427046 0.15042 0.0794453 
0.0252377 0.147271 0.102856 0.141586 0.0703234 0.0668442 0.0588264 0.146319 0.112003 0.128733 
0.061222 0.0762906 0.0958617 0.194762 0.0598242 0.211334 0.0595276 0.0552402 0.108011 0.077927 
0.0286708 0.0644616 0.0859089 0.0898431 0.165463 0.0768949 0.0466754 0.159082 0.0769251 0.206075 
0.0298996 0.0832867 0.118356 0.115175 0.0907092 0.0697563 0.0669574 0.195461 0.0791778 0.151222 
0.0523603 0.0708332 0.0907086 0.0850879 0.175175 0.0906421 0.105305 0.106072 0.0991182 0.124698 
0.030177 0.0903566 0.0655187 0.106675 0.198662 0.085685 0.085733 0.10205 0.0999119 0.135231 
0.0421554 0.0755045 0.0822274 0.0670736 0.305971 0.0835893 0.0815701 0.0677583 0.0987452 0.0954051 
0.0509704 0.0616354 0.0890011 0.0919746 0.160214 0.10332 0.0595439 0.13268 0.0893917 0.161269 
0.0562781 0.035006 0.124362 0.0700831 0.115849 0.130148 0.0865144 0.127143 0.133824 0.120792 
0.0586912 0.0306822 0.0517524 0.183885 0.10063 0.281657 0.0348483 0.0500248 0.131162 0.076667 
0.0796983 0.0413322 0.104488 0.0487829 0.184849 0.0731751 0.146053 0.107861 0.0871043 0.126657 
0.0374648 0.0800443 0.0889433 0.143173 0.11345 0.0921754 0.0630174 0.192189 0.0785381 0.111006 
0.0436823 0.101436 0.116875 0.0626545 0.132211 0.075068 0.254121 0.0691782 0.0622467 0.0825273 
0.0211818 0.0373395 0.00701515 0.0784358 0.264443 0.0736265 0.0361658 0.21835 0.148314 0.115127 
0.023739 0.0813865 0.100801 0.11527 0.177743 0.071036 0.0884165 0.0957725 0.0879594 0.157876 
0.136124 0.0291904 0.155262 0.197454 0.068539 0.157213 0.0400939 0.0821267 0.0677103 0.0662872 
0.076346 0.0582864 0.0387116 0.0840129 0.101274 0.344629 0.0480164 0.0601832 0.108578 0.0799631 
0.02317 0.0496997 0.0537913 0.198467 0.0751645 0.220738 0.021641 0.0730199 0.199561 0.0847473 
0.0737672 0.0531298 0.0643963 0.116066 0.101093 0.2805 0.0580306 0.0521849 0.11874 0.0820931 
0.0494314 0.051315 0.0919071 0.0488245 0.124787 0.103536 0.364777 0.0451325 0.0557241 0.0645661 
0.0612856 0.048595 0.109119 0.0549767 0.111621 0.101049 0.378989 0.0332613 0.0545295 0.0465732 
0.0564365 0.0260948 0.0843207 0.154067 0.0626371 0.364863 0.106899 0.034739 0.0745917 0.0353508 
0.0498545 0.0420174 0.147626 0.127585 0.10057 0.0256607 0.0342217 0.288574 0.0905889 0.0933026 
0.0462886 0.0969497 0.0767435 0.166164 0.0611052 0.187404 0.0451446 0.0610019 0.166111 0.0930872 
0.0275933 0.237374 0.10977 0.110537 0.0494801 0.106916 0.0803636 0.0835945 0.112521 0.0818501 
0.232531 0.0319183 0.13304 0.0923696 0.073832 0.162849 0.094355 0.0452244 0.0787256 0.0551546 
0.0471713 0.199827 0.113135 0.110096 0.0415094 0.112491 0.0996036 0.0791091 0.131192 0.0658665 
0.0553556 0.0649472 0.0916481 0.0628679 0.0979629 0.0710189 0.343948 0.103431 0.0526439 0.0561767 
0.0631494 0.0412467 0.0780691 0.0552435 0.180295 0.0648651 0.102478 0.113781 0.137803 0.16307 
0.0918005 0.07069 0.129761 0.0684721 0.0857808 0.164306 0.198999 0.0350473 0.091968 0.0631755 
0.0517973 0.0471874 0.129764 0.154381 0.0735522 0.0721 0.0216092 0.29683 0.0597135 0.0930653 
0.0315615 0.0558416 0.194078 0.253783 0.0685767 0.0663024 0.0189454 0.13053 0.0963047 0.0840773 
0.026874 0.218461 0.106339 0.103016 0.0599313 0.0874913 0.107206 0.107497 0.0968731 0.0863101 
0.053069 0.0376451 0.0986056 0.101969 0.114709 0.0685916 0.0577833 0.21748 0.0782556 0.171891 
0.0429894 0.202133 0.0974766 0.090948 0.0714821 0.137722 0.101158 0.0839643 0.0945106 0.0776166 
0.0678464 0.0699857 0.0780841 0.110363 0.124055 0.129487 0.0588483 0.0664914 0.186319 0.10852 
0.0324059 0.0258599 0.469712 0.114009 0.0781396 0.112403 0.0612526 0.0154469 0.0615094 0.0292617 
0.288712 0.0302391 0.101892 0.0916654 0.0751765 0.14876 0.0904118 0.0446744 0.0755851 0.0528836 
0.0356844 0.10445 0.0867862 0.0830735 0.154367 0.0954176 0.103945 0.0772448 0.104482 0.154551 
0.0588972 0.0659685 0.0872775 0.0975628 0.148411 0.100143 0.0711175 0.102624 0.0931329 0.174865 
0.0374176 0.0415795 0.217422 0.0944186 0.111241 0.0968883 0.0255875 0.0656798 0.160304 0.149461 
0.105337 0.0295176 0.04051 0.08335 0.153257 0.250105 0.0331103 0.0620166 0.144767 0.0980285 
0.098288 0.0607242 0.0713586 0.141822 0.0701855 0.197027 0.0603196 0.044326 0.144362 0.111588 
0.0375416 0.196968 0.100713 0.102733 0.0850488 0.0844973 0.0829178 0.113834 0.0913 0.104448 
0.0546185 0.035213 0.0225024 0.054712 0.178332 0.334363 0.126179 0.0434146 0.0796856 0.0709799 
0.0597671 0.0231072 0.134421 0.0766756 0.158731 0.110433 0.221859 0.100449 0.0371088 0.0774472 
0.216588 0.0373969 0.117282 0.103039 0.0730045 0.139383 0.0991898 0.0597287 0.0674077 0.0869803 
0.149757 0.069364 0.192099 0.219613 0.0258361 0.0981984 0.0753957 0.0742863 0.0616423 0.0338084 
0.0391379 0.11818 0.0797976 0.105529 0.16019 0.0972749 0.0855503 0.125285 0.0710603 0.117994 
0.0192359 0.070916 0.093426 0.104788 0.239429 0.0838266 0.0800275 0.0797143 0.0978635 0.130773 
0.111017 0.0408986 0.103619 0.0775754 0.0859133 0.111984 0.304966 0.0885989 0.0391087 0.0363195 
0.0622308 0.0202417 0.0356831 0.127387 0.0415222 0.497865 0.0246863 0.0205817 0.118009 0.051794 
0.0367656 0.054198 0.0655119 0.0889383 0.336792 0.0676697 0.0368062 0.145202 0.0651386 0.102977 
0.03798 0.0707867 0.111398 0.0702242 0.121975 0.0685982 0.284204 0.0664864 0.0741362 0.0942107 
0.0589797 0.0366321 0.0636062 0.187307 0.0591279 0.24761 0.0828054 0.0635861 0.140089 0.0602556 
0.0676724 0.0438236 0.0883058 0.0759076 0.217555 0.0826006 0.0645634 0.129881 0.0921032 0.137587 
0.0658274 0.054731 0.0535004 0.133862 0.12415 0.224124 0.0952309 0.0817122 0.0976026 0.0692594 
0.0331897 0.253716 0.0894965 0.0989933 0.0502282 0.12766 0.0943553 0.0715508 0.103028 0.0777835 
0.065454 0.0458271 0.0589225 0.0969175 0.200971 0.12939 0.0578884 0.132733 0.0848608 0.127036 
0.0391537 0.0720685 0.0756135 0.0874193 0.170654 0.145503 0.0845306 0.101914 0.0926428 0.130501 
0.0390745 0.0704975 0.133231 0.139362 0.0531037 0.0503838 0.0264968 0.239459 0.102604 0.145788 
0.0611957 0.0596427 0.239745 0.209003 0.028146 0.178663 0.0456719 0.0094958 0.140874 0.0275629 
0.096684 0.0734001 0.0510313 0.196707 0.0635786 0.195853 0.0486418 0.0990017 0.0986179 0.0764847 
0.0448929 0.116627 0.278703 0.109144 0.0571658 0.0618999 0.0987005 0.0514338 0.113408 0.0680251 
0.0467656 0.121065 0.116161 0.121706 0.0818539 0.098873 0.0680961 0.12485 0.101362 0.119267 
0.0412296 0.180095 0.0901805 0.104946 0.0607381 0.107667 0.103864 0.103207 0.112741 0.0953315 
0.064471 0.0667999 0.11395 0.143398 0.106997 0.132982 0.0824611 0.0667488 0.126484 0.095708 
0.0300537 0.22179 0.0912452 0.112629 0.0656753 0.106072 0.0783229 0.111277 0.0950489 0.0878861 
0.0328669 0.0961244 0.115424 0.130179 0.0529543 0.210797 0.0622125 0.0438 0.202273 0.05337 
0.0263946 0.192892 0.0959835 0.119505 0.0714892 0.0932022 0.0643642 0.128732 0.0942274 0.113209 
0.0301662 0.103674 0.139535 0.150772 0.053459 0.128389 0.137548 0.0298338 0.166227 0.060397 
0.0664412 0.0928452 0.0785102 0.120149 0.0970669 0.232293 0.0541684 0.0609781 0.112862 0.0846864 
0.289768 0.0133687 0.0843491 0.105363 0.0473036 0.230775 0.101078 0.0347968 0.0701296 0.0230685 
0.0777422 0.0848493 0.111106 0.124285 0.0572542 0.139185 0.115612 0.0574586 0.15837 0.0741371 
0.0424311 0.0638725 0.0824875 0.0711213 0.170869 0.0595202 0.0833208 0.146533 0.0929232 0.186922 
0.0376517 0.0942779 0.251329 0.218977 0.00987182 0.126297 0.0789534 0.028023 0.11321 0.041409 
0.0816694 0.0340606 0.118964 0.176654 0.0560943 0.219948 0.044524 0.0478857 0.123344 0.0968563 
0.448659 0.0104053 0.0457355 0.101311 0.0475836 0.166037 0.0397227 0.0417171 0.0684197 0.0304096 
0.0596473 0.186894 0.097066 0.0952014 0.0773984 0.120677 0.110538 0.0794801 0.0941944 0.0789034 
0.0294578 0.192471 0.110576 0.110009 0.0645993 0.0792998 0.0664686 0.116134 0.132166 0.0988184 
0.0283369 0.162358 0.0941935 0.12017 0.0805859 0.159706 0.106437 0.0695924 0.0972658 0.0813549 
0.23743 0.0256523 0.0628145 0.108093 0.129359 0.181808 0.0710901 0.0672481 0.0600493 0.0564558 
0.0300669 0.0908308 0.089884 0.156765 0.144912 0.114185 0.0416605 0.11507 0.086841 0.129785 
0.205285 0.0271226 0.0785431 0.150937 0.0836939 0.194596 0.0354476 0.0645638 0.0804906 0.0793205 
0.0445935 0.0981772 0.104411 0.139374 0.0903527 0.169073 0.0721683 0.0702377 0.0997801 0.111832 
0.0261907 0.232579 0.111992 0.101633 0.0499978 0.12174 0.104543 0.0564176 0.119529 0.0753774 
0.050546 0.0692934 0.0766752 0.0638664 0.103434 0.110208 0.360184 0.0326198 0.0800708 0.0531017 
0.0345841 0.0559317 0.0648489 0.10731 0.186414 0.127381 0.0564367 0.121923 0.113573 0.131597 
0.0384583 0.060489 0.274088 0.198866 0.041277 0.0948288 0.0606345 0.0582588 0.113326 0.0597732 
0.0437689 0.0182668 0.151443 0.361625 0.0215009 0.253996 0.0339675 0.021429 0.0667006 0.027302 
0.0881416 0.0472701 0.159132 0.0473904 0.11332 0.0411689 0.320159 0.0724877 0.0668478 0.0440823 
0.0469848 0.176092 0.112331 0.121204 0.0719647 0.109583 0.0741393 0.101083 0.108444 0.0781744 
0.0373727 0.189661 0.0984705 0.0943448 0.0772938 0.126379 0.0792822 0.107988 0.0983944 0.0908137 
0.0379624 0.168086 0.119634 0.0906608 0.0752676 0.103058 0.109764 0.110968 0.0981786 0.0864192 
0.0649451 0.0787142 0.102823 0.224641 0.0546822 0.152848 0.0745122 0.0471603 0.118459 0.0812145 
0.0250068 0.0369665 0.0275734 0.0891193 0.152718 0.185337 0.0364597 0.114325 0.103276 0.229219 
0.0687881 0.0436735 0.0535829 0.110786 0.0680831 0.274824 0.0508891 0.138519 0.100184 0.0906703 
0.0572313 0.0565445 0.357337 0.0873109 0.039434 0.0699703 0.136397 0.0403743 0.0989226 0.0564772 
0.0254784 0.0545486 0.0189994 0.09397 0.164358 0.185618 0.0386244 0.148852 0.0712889 0.198262 
0.0795265 0.0555837 0.0595654 0.0634126 0.20642 0.150204 0.0730282 0.125476 0.0857433 0.10104 
0.0837164 0.0823842 0.0583232 0.124599 0.0825326 0.200092 0.0369703 0.138532 0.0973867 0.0954645 
0.0207008 0.0892526 0.0546633 0.0927284 0.19433 0.113163 0.057004 0.135658 0.0615259 0.180974 
0.037039 0.0701762 0.132216 0.178723 0.0770875 0.125272 0.0433668 0.091092 0.116032 0.128995 
0.0212577 0.0635083 0.0731557 0.127784 0.187806 0.117403 0.0339849 0.111064 0.0894372 0.174599 
0.176584 0.0195648 0.0864694 0.098412 0.0908509 0.134091 0.0528874 0.141111 0.0869198 0.11311 
0.0395502 0.0680942 0.120397 0.22921 0.0680615 0.119495 0.0432484 0.0983394 0.110759 0.102846 
0.0751713 0.0614693 0.0513766 0.0694555 0.0891658 0.289153 0.130475 0.0490701 0.117478 0.0671855 
0.0640421 0.0631405 0.0582596 0.133171 0.120591 0.159695 0.047743 0.141846 0.0974803 0.114031 
0.0850215 0.0455517 0.0399427 0.174401 0.0814304 0.366989 0.0255487 0.0550349 0.0814249 0.0446554 
0.0528051 0.0429196 0.0389334 0.0970065 0.0901341 0.163305 0.0221983 0.24547 0.0897838 0.157444 
0.10739 0.0447496 0.234847 0.175269 0.0717889 0.0915565 0.0635675 0.0523572 0.0892361 0.0692388 
0.0904737 0.007194 0.403305 0.0795501 0.0692918 0.0883063 0.086226 0.0473677 0.0671508 0.0611349 
0.0481976 0.0268613 0.0581397 0.114052 0.0859999 0.0836189 0.0298054 0.326568 0.0614926 0.165265 
0.0563349 0.141826 0.118645 0.0977996 0.0908825 0.121838 0.0897823 0.101812 0.105273 0.075807 
0.0686263 0.0715333 0.246873 0.135504 0.0357532 0.139357 0.0499471 0.0326388 0.171468 0.0482996 
0.0206133 0.0868326 0.0778542 0.186989 0.101099 0.189201 0.05113 0.0602007 0.16304 0.0630404 
0.0878598 0.073499 0.0866036 0.105607 0.153397 0.108719 0.0944662 0.0736088 0.10241 0.11383 
0.0447642 0.180577 0.121228 0.109534 0.0529877 0.100866 0.0847855 0.111002 0.108645 0.0856101 
0.0616157 0.0582352 0.0831554 0.152598 0.0847113 0.0905656 0.041086 0.202678 0.0879315 0.137423 
0.0796835 0.0712659 0.112793 0.188835 0.0275154 0.132638 0.0730724 0.147311 0.0876841 0.079201 
0.0798916 0.132602 0.0971796 0.1618 0.0474965 0.186902 0.0634781 0.0601675 0.10757 0.0629131 
0.0478624 0.0783652 0.114546 0.0870104 0.0654237 0.216336 0.1692 0.0197074 0.156108 0.0454406 
0.030977 0.038503 0.0629293 0.126485 0.102463 0.132062 0.0286318 0.178305 0.140295 0.159347 
0.0563985 0.0776522 0.081299 0.160223 0.0788424 0.097758 0.0394934 0.170536 0.0951381 0.14266 
0.064139 0.0363205 0.0817574 0.0740608 0.154913 0.0945401 0.0447414 0.211517 0.0705578 0.167453 
0.0259424 0.077256 0.242822 0.175515 0.056211 0.052191 0.143408 0.0548134 0.0861821 0.0856591 
0.0238584 0.15287 0.264059 0.0929464 0.0543559 0.0520419 0.153293 0.0430688 0.105493 0.0580146 
0.0421951 0.0471426 0.0535246 0.0597163 0.314176 0.057455 0.0743853 0.117357 0.0812394 0.152809 
0.0307849 0.254739 0.0773829 0.0997055 0.0702735 0.103683 0.0834343 0.0946324 0.0949571 0.0904073 
0.0671309 0.0568073 0.0804694 0.135371 0.0804173 0.245854 0.0987531 0.035164 0.123596 0.0764379 
0.0739564 0.0441663 0.107793 0.171508 0.103913 0.1735 0.0358127 0.0701905 0.12195 0.0972094 
0.123795 0.0493548 0.0639887 0.0621151 0.0856582 0.107374 0.07841 0.0562278 0.22522 0.147856 
0.0425157 0.0731447 0.113373 0.137726 0.132088 0.0562867 0.0789009 0.191304 0.0824231 0.0922377 
0.0468084 0.0789797 0.177386 0.13183 0.0588272 0.0935808 0.101878 0.102336 0.0846225 0.123751 
0.0915635 0.0785285 0.0626406 0.134902 0.103796 0.166025 0.134843 0.128348 0.0549329 0.044419 
0.291979 0.0265965 0.213012 0.0811417 0.031761 0.0953905 0.095969 0.0251601 0.101786 0.0372039 
0.0577743 0.0964404 0.135112 0.107603 0.114846 0.0745886 0.131999 0.0597938 0.109594 0.112249 
0.0419965 0.0373547 0.0607942 0.0445974 0.395259 0.0432888 0.0555673 0.122488 0.0800735 0.11858 
0.0369893 0.182001 0.215969 0.106028 0.037869 0.0908366 0.141106 0.0540231 0.10227 0.0329086 
0.0189024 0.0620547 0.0558453 0.104267 0.249112 0.118027 0.0409899 0.114333 0.0836409 0.152827 
0.0547714 0.145485 0.0955805 0.108027 0.0821654 0.174271 0.0821256 0.0838355 0.093698 0.0800398 
0.026528 0.0676936 0.0469987 0.0750483 0.183286 0.101411 0.0513575 0.143355 0.0807007 0.223622 
0.0726432 0.0495788 0.070799 0.150285 0.0818998 0.250245 0.06388 0.057978 0.0975277 0.105164 
0.0401729 0.0407566 0.0628993 0.184852 0.0605509 0.0911251 0.0203977 0.291547 0.080173 0.127525 
0.0310874 0.0831352 0.0938247 0.164722 0.0923213 0.085703 0.0354286 0.207284 0.0753046 0.13119 
0.0306773 0.149984 0.226653 0.140516 0.0333188 0.113362 0.0871534 0.0660724 0.107833 0.0444304 
0.0380581 0.184763 0.132523 0.109009 0.0328848 0.164108 0.111506 0.0427515 0.128949 0.0554469 
0.0367676 0.0253024 0.439847 0.104111 0.0378296 0.0414463 0.164149 0.0342648 0.0768642 0.0394183 
0.207293 0.0423563 0.0620816 0.107461 0.0841233 0.0866058 0.165647 0.109905 0.0808484 0.0536782 
0.0842263 0.0833204 0.0461306 0.110563 0.0959134 0.206848 0.0501619 0.033844 0.182077 0.106915 
0.0779481 0.0858849 0.0683753 0.139527 0.0567162 0.211575 0.0456319 0.106254 0.130311 0.0777772 
0.0317216 0.0404546 0.102031 0.168072 0.0532996 0.0637943 0.0221023 0.326956 0.0638595 0.127709 
0.0327663 0.0635271 0.0751772 0.146761 0.0827504 0.1099 0.0281535 0.235593 0.0832491 0.142123 
0.0284507 0.11631 0.0872983 0.126214 0.105695 0.128203 0.0736018 0.0783691 0.10801 0.147848 
0.0238449 0.284121 0.105064 0.112441 0.0487347 0.0968648 0.0758762 0.0682102 0.107231 0.0776119 
0.139419 0.0487005 0.0673747 0.108204 0.0683006 0.235233 0.108067 0.0353264 0.129458 0.0599169 
0.0174476 0.25983 0.0838618 0.118413 0.0700065 0.0824465 0.0786572 0.0966063 0.0964976 0.0962333 
0.104377 0.0332203 0.0944408 0.133116 0.0932321 0.133786 0.0757903 0.0501508 0.174247 0.107639 
0.20033 0.0230983 0.0848113 0.162572 0.0602876 0.146469 0.0665669 0.164719 0.0364187 0.0547272 
0.0555828 0.0494856 0.106513 0.19618 0.0606302 0.206673 0.0205895 0.100972 0.110546 0.0928278 
0.183614 0.0261103 0.126569 0.125077 0.0766123 0.1371 0.0644595 0.0965666 0.078224 0.0856664 
0.030962 0.236021 0.0890504 0.107076 0.07083 0.111646 0.0680998 0.0964282 0.0979911 0.0918948 
0.0510716 0.0564908 0.0527618 0.0965746 0.140607 0.0950963 0.035656 0.149246 0.127466 0.19503 
0.0153693 0.0663246 0.102279 0.105258 0.177334 0.0786594 0.0276086 0.166539 0.100104 0.160525 
0.0390912 0.0383181 0.113175 0.071154 0.22344 0.0986013 0.0610565 0.12879 0.0746028 0.151771 
0.0263278 0.222027 0.115939 0.105348 0.0533578 0.095128 0.0850173 0.104239 0.110278 0.0823375 
0.0241631 0.0844308 0.0810291 0.0936405 0.117504 0.114999 0.0542789 0.110652 0.18341 0.135893 
0.0558718 0.0498141 0.244328 0.120457 0.0572631 0.0803483 0.104916 0.0597948 0.160161 0.0670443 
0.0321003 0.225738 0.0943572 0.11083 0.0785271 0.086833 0.0774907 0.106417 0.0904612 0.0972458 
0.0358426 0.169755 0.213353 0.154478 0.029145 0.0772795 0.137913 0.023687 0.124473 0.0340741 
0.0465771 0.0378564 0.0511824 0.087918 0.177163 0.0618815 0.0674302 0.119746 0.100794 0.249452 
0.0435315 0.100918 0.124824 0.127529 0.0742083 0.0905212 0.0620674 0.143875 0.0954296 0.137096 
0.073495 0.0873992 0.0408537 0.111176 0.0960747 0.236693 0.0367536 0.128981 0.0949981 0.0935761 
0.0550497 0.0335364 0.0883493 0.0891142 0.147145 0.0965834 0.050519 0.141677 0.0927535 0.205272 
0.0304244 0.0546224 0.366181 0.167173 0.045767 0.0566115 0.108187 0.0334643 0.0965965 0.0409732 
0.0445919 0.084507 0.128013 0.0799141 0.0716586 0.209125 0.224045 0.0218599 0.0920714 0.0442145 
0.0562543 0.0292701 0.0462314 0.1552 0.268165 0.0385079 0.0354978 0.170423 0.080143 0.120308 
0.0401915 0.185953 0.0982369 0.0958899 0.0475096 0.139812 0.0857666 0.0875797 0.12628 0.0927809 
0.0476754 0.0698621 0.0906423 0.128688 0.109676 0.196246 0.135518 0.0444352 0.100471 0.0767865 
0.0289667 0.0882159 0.0543197 0.105371 0.176693 0.19348 0.0683552 0.068689 0.108313 0.107596 
0.0732206 0.13906 0.1939 0.152935 0.0236349 0.197363 0.08535 0.0111771 0.101832 0.0215269 
0.03081 0.0363634 0.0907394 0.0846709 0.131081 0.072411 0.0408523 0.165963 0.0863591 0.26075 
0.020019 0.109261 0.2952 0.113355 0.0795678 0.0395133 0.11699 0.0522131 0.0885694 0.0853116 
0.216069 0.0258262 0.0836205 0.128259 0.0683742 0.204306 0.0360808 0.0685487 0.0859695 0.0829461 
0.0296577 0.0357636 0.0436944 0.113937 0.282493 0.106256 0.0498081 0.100144 0.0853758 0.15287 
0.337343 0.00711714 0.0974484 0.15318 0.0379895 0.211927 0.0438207 0.0420069 0.0399008 0.0292659 
0.259135 0.015473 0.074084 0.0876081 0.0497516 0.279324 0.0682022 0.0823944 0.0468091 0.0372189 
0.06934 0.0391905 0.310104 0.123651 0.0463258 0.128718 0.115499 0.0253129 0.101839 0.0400203 
0.0494985 0.107353 0.126272 0.179402 0.0306694 0.191753 0.0305891 0.059558 0.141064 0.0838405 
0.0506581 0.112453 0.0783958 0.0945551 0.136654 0.108605 0.120337 0.118706 0.0864097 0.0932258 
0.0324005 0.0715943 0.127745 0.12375 0.106614 0.0633007 0.0659214 0.238002 0.0652447 0.105428 
0.0255486 0.288414 0.0894945 0.0992965 0.0628012 0.102356 0.0767836 0.0711505 0.101214 0.0829404 
0.0488007 0.0743894 0.174694 0.0889425 0.110376 0.090152 0.0628639 0.122991 0.111217 0.115574 
0.0260634 0.0786393 0.0660962 0.0935036 0.173723 0.116657 0.0613088 0.125907 0.110913 0.14719 
0.271084 0.0210955 0.159115 0.0532514 0.024951 0.25982 0.0366863 0.0199092 0.133302 0.0207864 
0.0370425 0.11165 0.260174 0.169328 0.0209056 0.0866439 0.107031 0.0369658 0.122159 0.0481003 
0.0300643 0.078252 0.10095 0.13331 0.111392 0.0800072 0.0549977 0.153049 0.0901667 0.167812 
0.0363622 0.0528867 0.049393 0.0779318 0.284491 0.0984555 0.0659619 0.0974432 0.123622 0.113452 
0.066553 0.101789 0.115751 0.192208 0.0636822 0.15345 0.0957823 0.0491205 0.0961098 0.0655546 
0.0698456 0.0821167 0.134898 0.160459 0.075997 0.177269 0.0599686 0.0544832 0.11422 0.0707427 
0.400665 0.00725264 0.102439 0.0863408 0.0312375 0.105824 0.106098 0.0407564 0.0791363 0.0402503 
0.334203 0.021706 0.0868599 0.0595622 0.0790333 0.129799 0.100159 0.0471625 0.0694664 0.0720488 
0.106379 0.032182 0.0746269 0.177438 0.111835 0.172052 0.0971581 0.0518304 0.113946 0.0625524 
0.0276185 0.260358 0.0912434 0.115303 0.0622399 0.109607 0.0855379 0.0777469 0.0951568 0.0751892 
0.0604442 0.0409432 0.0811703 0.0676403 0.14398 0.0758874 0.0514972 0.141571 0.147269 0.189597 
0.0640034 0.0816279 0.0434999 0.05919 0.12963 0.155261 0.297589 0.0353728 0.0691363 0.0646901 
0.0422359 0.117058 0.0177008 0.0721666 0.157017 0.22262 0.103569 0.069202 0.139901 0.0585301 
0.155447 0.0398071 0.221079 0.148189 0.0647318 0.091351 0.100657 0.0350733 0.10631 0.0373543 
0.0768378 0.0349318 0.0676217 0.131075 0.0952895 0.277503 0.101881 0.0185446 0.151197 0.0451179 
0.0224717 0.144493 0.0703747 0.110061 0.0613314 0.136377 0.0406386 0.175791 0.118046 0.120415 
0.0347298 0.0957578 0.0894394 0.176778 0.0587445 0.0940272 0.044458 0.18341 0.0993967 0.123259 
0.0306059 0.0691399 0.0571397 0.103707 0.126931 0.132414 0.0423092 0.165996 0.0694252 0.202332 
0.0488934 0.111077 0.100519 0.187427 0.0594099 0.165798 0.0521404 0.0554658 0.142659 0.0766111 
0.114265 0.0665642 0.0982306 0.111322 0.0785979 0.119737 0.0752339 0.130953 0.0863917 0.118704 
0.0570048 0.0617157 0.0836697 0.0680992 0.167204 0.0945923 0.108259 0.0919216 0.122263 0.145271 
0.0384377 0.150516 0.240344 0.101496 0.0328746 0.117449 0.101712 0.0137127 0.154203 0.0492535 
0.29751 0.0173463 0.0752196 0.0819422 0.0854475 0.158245 0.101012 0.0515592 0.0792412 0.0524768 
0.0345665 0.086196 0.0943293 0.0885321 0.0887355 0.106718 0.0459759 0.205148 0.123109 0.12669 
0.0228404 0.245129 0.0895215 0.120787 0.0645603 0.090634 0.0812477 0.105311 0.0929834 0.0869867 
0.0266644 0.217256 0.0885996 0.116483 0.0722719 0.109323 0.0803267 0.101245 0.0963451 0.0914856 
0.037849 0.144848 0.220682 0.135888 0.0469048 0.082737 0.106786 0.0309201 0.145574 0.0478112 
0.0214295 0.241899 0.0880738 0.112407 0.0736763 0.0847346 0.0821358 0.117438 0.0854733 0.0927329 
0.0450571 0.0678022 0.0694876 0.158697 0.093718 0.27229 0.0408533 0.0443197 0.157483 0.0502923 
0.0847884 0.0793967 0.114645 0.246185 0.0539843 0.169524 0.0292827 0.0718543 0.090666 0.0596734 
0.0532336 0.108218 0.188797 0.163826 0.055161 0.136909 0.0847149 0.0541501 0.10098 0.0540109 
0.0213058 0.0430324 0.0804748 0.109982 0.214075 0.0762036 0.0404342 0.130996 0.100888 0.182608 
0.039286 0.0342547 0.053808 0.231537 0.0636575 0.0799698 0.0269479 0.303011 0.0695016 0.0980263 
0.0709042 0.0120273 0.128262 0.104376 0.0940922 0.240802 0.0283913 0.0250253 0.180687 0.115432 
0.0555069 0.104255 0.121561 0.0643804 0.098485 0.109554 0.297209 0.0261894 0.0753832 0.0474757 
0.0615286 0.0923063 0.102508 0.15515 0.0379816 0.176277 0.12316 0.114372 0.0719755 0.0647408 
0.0536453 0.0791577 0.0959473 0.109381 0.153719 0.116225 0.116076 0.0905218 0.0837691 0.101558 
0.028218 0.206168 0.0867994 0.122306 0.060169 0.119371 0.0682491 0.0998151 0.108858 0.100046 
0.10209 0.0631196 0.0758601 0.228048 0.0629834 0.232416 0.0530389 0.0642028 0.0773513 0.0408901 
0.0714078 0.107811 0.0626344 0.104865 0.0805939 0.250543 0.102307 0.0332106 0.129665 0.0569627 
0.0253396 0.239947 0.0881174 0.120546 0.0632415 0.0966639 0.0651794 0.0988702 0.0943719 0.107723 
0.247272 0.0196308 0.0990046 0.12335 0.045977 0.151948 0.0579659 0.0568596 0.0955589 0.102433 
0.0423925 0.063038 0.0227976 0.0872689 0.08808 0.380648 0.0416053 0.0657304 0.126394 0.0820456 
0.0396554 0.196954 0.124066 0.0912648 0.0513049 0.113166 0.10419 0.0932996 0.111422 0.0746785 
0.0213668 0.0771265 0.100574 0.226604 0.087224 0.0928527 0.0230042 0.151492 0.108974 0.110781 
0.0210724 0.204861 0.0809743 0.139761 0.0858875 0.10534 0.0952327 0.0914944 0.0804671 0.0949098 
0.0741744 0.0278835 0.082799 0.124498 0.0804238 0.342567 0.0520665 0.0290666 0.104983 0.0815381 
0.226319 0.0380452 0.0873918 0.164336 0.045003 0.169344 0.0703764 0.0682779 0.0953156 0.0355916 
0.0520031 0.0510257 0.114889 0.0705766 0.154647 0.052679 0.233401 0.0570544 0.121563 0.0921605 
0.0439088 0.15293 0.110043 0.133434 0.106801 0.0924832 0.0847577 0.0760005 0.117408 0.082234 
0.0795858 0.0908596 0.075472 0.102661 0.0788851 0.141081 0.0967556 0.0475864 0.172952 0.114161 
0.0565272 0.0402278 0.0227265 0.164834 0.0792034 0.357925 0.0325686 0.0706302 0.0960511 0.0793063 
0.0508749 0.150875 0.106462 0.111338 0.0810367 0.112361 0.0726586 0.125044 0.0872528 0.102098 
0.0302678 0.0767666 0.0447232 0.112108 0.10751 0.148285 0.0402574 0.221898 0.0869148 0.13127 
0.0396897 0.0721649 0.0531549 0.0940806 0.205337 0.116384 0.0549308 0.113878 0.0928401 0.157541 
0.0481395 0.0449645 0.0597978 0.100271 0.295937 0.0432658 0.0511759 0.185267 0.101228 0.0699534 
0.0402704 0.0647068 0.120812 0.0746732 0.0908818 0.0803475 0.302411 0.0770592 0.0710373 0.0778006 
0.0501488 0.0329554 0.153155 0.16516 0.0745554 0.0613481 0.0155486 0.188394 0.129041 0.129694 
0.017773 0.15767 0.200366 0.138774 0.0282055 0.113649 0.170643 0.0407852 0.0922037 0.0399313 
0.0947879 0.0498984 0.0652638 0.11723 0.102379 0.241701 0.0392229 0.0489636 0.126231 0.114322 
0.240477 0.0271181 0.0920317 0.105636 0.071262 0.193593 0.0595482 0.0548005 0.0837884 0.0717442 
0.0617302 0.11093 0.128714 0.100845 0.0715421 0.0786602 0.172961 0.10712 0.0877112 0.0797873 
0.039996 0.015949 0.107821 0.104662 0.122731 0.268169 0.0437798 0.056431 0.144536 0.0959256 
0.0683489 0.071413 0.147604 0.0754888 0.0834967 0.139387 0.215091 0.0254958 0.108951 0.0647245 
0.0934352 0.0712344 0.0735282 0.2177 0.0518838 0.183204 0.0379783 0.0812793 0.118132 0.0716242 
0.0290033 0.060583 0.0970012 0.159008 0.0732619 0.0687806 0.0205172 0.306715 0.0613566 0.123774 
0.0497761 0.0714858 0.260551 0.140917 0.0137432 0.109808 0.201156 0.0428151 0.069354 0.0403927 
0.206961 0.0417957 0.117378 0.142363 0.0699159 0.092305 0.0692793 0.074413 0.109044 0.0765448 
0.0499567 0.100049 0.10243 0.140484 0.0636926 0.163333 0.0327619 0.0717623 0.173626 0.101904 
0.0388129 0.0640265 0.137323 0.134238 0.125141 0.123531 0.0511394 0.0590655 0.167584 0.0991394 
0.0596371 0.0405934 0.0416519 0.073113 0.0702271 0.408717 0.045427 0.0406416 0.140441 0.0795506 
0.0384765 0.0730657 0.0520284 0.105023 0.202918 0.120554 0.0661629 0.116508 0.0797919 0.145471 
0.0299949 0.186937 0.096742 0.111653 0.0691433 0.106784 0.0800451 0.111778 0.1063 0.100623 
0.0207746 0.201868 0.100823 0.122084 0.076126 0.0999558 0.0766958 0.0971373 0.10442 0.100116 
0.0743928 0.0356766 0.0984496 0.0754063 0.252365 0.0961913 0.0561196 0.0922279 0.0890788 0.130092 
0.271818 0.0313844 0.0890231 0.0617347 0.0591696 0.285049 0.0893659 0.0168956 0.0740729 0.0214866 
0.0415145 0.073288 0.081512 0.184507 0.102888 0.0523767 0.0583624 0.253481 0.0759554 0.0761145 
0.0600058 0.0656707 0.0453241 0.211755 0.0893968 0.203208 0.0632002 0.0857238 0.0871281 0.0885873 
0.0588605 0.0511424 0.0800243 0.147639 0.0812568 0.0932981 0.0293404 0.229168 0.0758539 0.153417 
0.0434859 0.0676426 0.132704 0.0375586 0.0761864 0.0812772 0.403024 0.0688744 0.0550891 0.0341572 
0.035757 0.196245 0.0959152 0.114723 0.0603616 0.110819 0.0866 0.107363 0.105181 0.0870362 
0.121274 0.0552326 0.07067 0.111572 0.0822946 0.165067 0.147537 0.0827609 0.0879062 0.0756859 
0.0243703 0.119426 0.22783 0.104449 0.0774286 0.0773588 0.0659665 0.0825138 0.131874 0.0887832 
0.0484808 0.184682 0.117067 0.105788 0.0587021 0.119984 0.0735449 0.0936026 0.107877 0.0902724 
0.0158065 0.0829226 0.0396569 0.119224 0.147686 0.148856 0.0540735 0.156966 0.0977637 0.137045 
0.122906 0.0104943 0.356717 0.094065 0.0679959 0.0841801 0.0778049 0.0845672 0.045933 0.0553362 
0.118572 0.0336107 0.130228 0.105971 0.0670284 0.202895 0.0568402 0.0604482 0.15139 0.0730161 
0.0531546 0.0764426 0.132137 0.0626836 0.0979219 0.0969625 0.266446 0.0461268 0.0792776 0.088847 
0.0293365 0.187852 0.0999886 0.101593 0.0712224 0.0958032 0.076143 0.12419 0.101258 0.112614 
0.101523 0.0410299 0.0644682 0.088936 0.117203 0.110196 0.0412473 0.142551 0.110657 0.182187 
0.0644782 0.0660983 0.0356099 0.13114 0.0741573 0.266454 0.0884494 0.0574201 0.111818 0.104374 
0.0466481 0.0834261 0.330958 0.102667 0.0506646 0.0574739 0.136756 0.0523084 0.0887935 0.0503052 
0.0892594 0.0522532 0.0783339 0.122545 0.0827724 0.263499 0.0990189 0.0440888 0.109504 0.0587255 
0.0709696 0.0377167 0.0773942 0.0813264 0.240803 0.130976 0.0680565 0.0986801 0.080841 0.113236 
0.053991 0.0535765 0.0716461 0.068116 0.307795 0.0343381 0.109975 0.0921613 0.0492987 0.159102 
0.143667 0.020761 0.29526 0.101719 0.0520898 0.117619 0.0559871 0.0503133 0.116556 0.046027 
0.0458358 0.143531 0.094241 0.140194 0.0503105 0.188134 0.0378879 0.0799581 0.144168 0.0757392 
0.0765656 0.0302758 0.10323 0.297297 0.0801031 0.209392 0.0452739 0.0539103 0.059631 0.044321 
0.0710665 0.0777766 0.0681743 0.0628644 0.126766 0.138601 0.0707435 0.120994 0.114269 0.148745 
0.0533339 0.0853522 0.187475 0.135218 0.0699736 0.117355 0.0805419 0.128345 0.0730021 0.0694032 
0.0337747 0.02349 0.0627416 0.0720641 0.377682 0.0515166 0.0247202 0.151098 0.0668768 0.136036 
0.11418 0.046822 0.0400045 0.108037 0.0767753 0.257504 0.136288 0.0549029 0.0989798 0.0665072 
0.224086 0.0216657 0.0967143 0.143712 0.0688203 0.162892 0.0191923 0.0793484 0.0927915 0.0907777 
0.060644 0.118434 0.135823 0.218363 0.0234362 0.163441 0.0664613 0.0527365 0.118931 0.0417298 
0.0246148 0.236013 0.0994773 0.108262 0.0764374 0.125706 0.0667571 0.0869681 0.0962436 0.0795206 
0.0307581 0.0288523 0.059624 0.142977 0.0567317 0.0939541 0.0157334 0.364286 0.081791 0.125293 
0.0358544 0.115338 0.0972877 0.112928 0.0766654 0.0962531 0.0581467 0.164672 0.0957952 0.147059 
0.0258495 0.0250305 0.0264176 0.265667 0.0484763 0.307086 0.00847122 0.129987 0.085407 0.0776079 
0.0398552 0.0191511 0.0387573 0.119623 0.0610437 0.129173 0.00948054 0.392016 0.0793385 0.111562 
0.042742 0.121289 0.0748127 0.105109 0.128129 0.0877607 0.0570424 0.120756 0.0854033 0.176956 
0.0441743 0.0512259 0.0365353 0.0874761 0.0840978 0.160596 0.0321243 0.270116 0.0811466 0.152508 
