0.0890745 0.0266831 0.0853636 0.133199 0.0602578 0.109932 0.0261463 0.262337 0.0950026 0.112003 
0.158403 0.0749851 0.215247 0.118089 0.0118188 0.159505 0.122621 0.00684918 0.0964405 0.0360408 
0.0553601 0.152898 0.130291 0.100691 0.0904503 0.104681 0.0730587 0.10568 0.10587 0.0810195 
0.351849 0.0207543 0.075528 0.0669977 0.041036 0.0817229 0.0609903 0.120246 0.0887155 0.0921608 
0.0910802 0.0403635 0.097183 0.0679209 0.180426 0.0836934 0.0831613 0.120473 0.0960156 0.139683 
0.0465701 0.200834 0.121055 0.107284 0.0782074 0.0802412 0.0506259 0.115367 0.103696 0.0961201 
0.0531985 0.0383316 0.0412579 0.0763809 0.228942 0.147443 0.048863 0.126593 0.109888 0.129102 
0.0379423 0.107396 0.058449 0.0982755 0.115141 0.122478 0.0543713 0.0758329 0.103674 0.22644 
0.118974 0.0407853 0.0995064 0.0273611 0.160413 0.0973363 0.229004 0.0421443 0.102282 0.0821951 
0.0504878 0.0243623 0.0440275 0.0642541 0.183522 0.0720875 0.0313827 0.21203 0.104592 0.213254 
0.292948 0.0241079 0.121932 0.102597 0.0582396 0.110047 0.0604728 0.0425801 0.112782 0.0742937 
0.0903318 0.0889859 0.108183 0.109905 0.111093 0.0601541 0.120993 0.0453065 0.14937 0.115678 
0.0687566 0.0406794 0.057718 0.0881565 0.124286 0.0982455 0.0417113 0.190985 0.101231 0.188231 
0.281686 0.0242025 0.0858924 0.0626775 0.0706796 0.0881188 0.0379895 0.0988654 0.114591 0.135297 
0.0372944 0.216119 0.112028 0.122499 0.0568603 0.0942825 0.0680139 0.0803822 0.115775 0.096746 
0.101234 0.0563844 0.0616219 0.162955 0.0660283 0.237952 0.0418562 0.050847 0.152157 0.0689643 
0.0679186 0.0348834 0.0724587 0.0784086 0.12949 0.0782981 0.0562853 0.193576 0.104034 0.184649 
0.0827774 0.0157767 0.0777247 0.155103 0.0479262 0.079259 0.0229794 0.3777 0.0634173 0.0773361 
0.0706758 0.0440897 0.0925381 0.154083 0.0681044 0.184177 0.0797694 0.0478314 0.180371 0.0783602 
0.0627053 0.0662104 0.0737471 0.0783157 0.204146 0.107834 0.0721358 0.103069 0.100271 0.131566 
0.086452 0.041208 0.0411362 0.107816 0.132313 0.107291 0.023541 0.186979 0.0929257 0.180338 
0.0837721 0.0643939 0.113729 0.0823993 0.0654119 0.170749 0.167293 0.0406111 0.118012 0.093629 
0.0447508 0.0779817 0.0964826 0.0734598 0.189441 0.0609559 0.13455 0.136574 0.0906794 0.0951255 
0.130785 0.043903 0.0857181 0.0836211 0.12735 0.216062 0.0953243 0.0432929 0.0907913 0.0831525 
0.0634731 0.0684042 0.0809864 0.0923757 0.185672 0.0862741 0.0529418 0.15105 0.0799955 0.138827 
0.489617 0.00319234 0.0673345 0.0242288 0.0576957 0.0858275 0.0957782 0.0327642 0.0919737 0.051588 
0.0598056 0.0374247 0.0744364 0.0825197 0.0587798 0.107242 0.0238594 0.305524 0.0872632 0.163146 
0.0774101 0.0417151 0.0720936 0.0702011 0.210081 0.10685 0.06352 0.119738 0.0961618 0.142229 
0.425236 0.0181573 0.0883071 0.0736409 0.0257492 0.0831649 0.0240972 0.0951385 0.0823125 0.0841966 
0.0427526 0.205844 0.0910716 0.110974 0.055742 0.134195 0.0993566 0.0647953 0.112487 0.0827822 
0.0557836 0.0463718 0.0529428 0.224183 0.0565217 0.172566 0.0290776 0.161017 0.0828147 0.118722 
0.0418374 0.163969 0.0807274 0.135994 0.0709216 0.113522 0.0737074 0.0966296 0.111097 0.111596 
0.0585245 0.0629242 0.0702464 0.187621 0.0660562 0.227661 0.0554136 0.0499915 0.115614 0.105948 
0.161871 0.0294502 0.0926419 0.0359993 0.138521 0.109187 0.168712 0.0496659 0.136434 0.077518 
0.0654506 0.0358639 0.0998284 0.138998 0.0746345 0.0936714 0.0216046 0.276004 0.0972444 0.0967 
0.0871711 0.068046 0.276019 0.124892 0.0304896 0.165393 0.058572 0.0239329 0.126587 0.0388977 
0.0705559 0.0287908 0.0902731 0.129399 0.0494855 0.101661 0.032632 0.240245 0.11328 0.143678 
0.0330077 0.195735 0.0855417 0.11334 0.0594977 0.113336 0.0841078 0.0962479 0.119054 0.100132 
0.124513 0.093644 0.170136 0.147457 0.0246044 0.142997 0.0610831 0.0345957 0.122609 0.0783608 
0.0467826 0.193734 0.094753 0.113856 0.054418 0.107981 0.0794178 0.0595989 0.149137 0.100322 
0.0541955 0.175165 0.109531 0.108368 0.0686235 0.10383 0.0873374 0.0927637 0.104673 0.0955126 
0.0624981 0.0597149 0.0880464 0.109355 0.0794915 0.0963603 0.0443626 0.215986 0.0951129 0.149073 
0.0283022 0.06596 0.0551515 0.0845488 0.224352 0.0864224 0.0352653 0.137062 0.12016 0.162776 
0.113676 0.0742759 0.197994 0.110921 0.0738944 0.086528 0.0998589 0.0379991 0.108669 0.0961841 
0.0594272 0.0875043 0.113721 0.14562 0.0743976 0.140718 0.0976214 0.0741122 0.112295 0.094583 
0.129696 0.0562547 0.0746431 0.110769 0.0693227 0.21381 0.0852328 0.0452682 0.106318 0.108685 
0.0272091 0.203602 0.0963137 0.151935 0.0707906 0.124149 0.0577591 0.0661219 0.0927413 0.109379 
0.0739761 0.133238 0.208437 0.100527 0.0468702 0.0684808 0.15738 0.0407403 0.0840737 0.0862767 
0.0360135 0.0250427 0.0335783 0.0778984 0.268318 0.105075 0.0301869 0.0896155 0.124692 0.20958 
0.0674852 0.035497 0.0736947 0.0704019 0.284098 0.0496363 0.0702366 0.123274 0.0863551 0.139321 
0.14749 0.0430401 0.0976904 0.0960612 0.0537678 0.161638 0.202957 0.0418652 0.0895458 0.0659446 
0.0959872 0.0512764 0.0930971 0.282375 0.0572681 0.147586 0.0438034 0.0733533 0.0910518 0.0642011 
0.143122 0.0798657 0.061197 0.0746207 0.158187 0.160712 0.0594006 0.0876851 0.0849677 0.0902421 
0.104433 0.0594871 0.0854432 0.113835 0.124622 0.173657 0.0682156 0.0630094 0.0961676 0.11113 
0.0845513 0.0496019 0.193499 0.0696621 0.0757069 0.0358579 0.202986 0.0316697 0.197988 0.058477 
0.322689 0.0214499 0.0839585 0.0609568 0.0552607 0.150213 0.0499384 0.0527417 0.110814 0.0919777 
0.0670794 0.0245352 0.0668563 0.0741595 0.297209 0.102311 0.0635035 0.0870223 0.104395 0.112929 
0.0615044 0.169719 0.118946 0.114763 0.0735887 0.0870051 0.0583314 0.110093 0.108975 0.0970728 
0.0626021 0.0332568 0.0477332 0.0650964 0.151221 0.0840783 0.0435532 0.216896 0.100137 0.195426 
0.152212 0.0708011 0.0686092 0.0839461 0.0981276 0.150182 0.0586572 0.128615 0.111331 0.0775201 
0.0283705 0.0235862 0.076744 0.171524 0.0379916 0.0844743 0.0181398 0.431226 0.0590376 0.0689062 
0.107298 0.0275701 0.154364 0.0627356 0.0831919 0.097297 0.0585814 0.0325862 0.240194 0.136182 
0.054115 0.0524074 0.103048 0.0781423 0.115839 0.139766 0.082141 0.118854 0.103822 0.151865 
0.0786232 0.0733455 0.202985 0.14481 0.0637866 0.0962433 0.0616451 0.037273 0.123644 0.117644 
0.0586123 0.0172597 0.0739155 0.178661 0.0928768 0.0746484 0.0174749 0.343121 0.050273 0.093158 
0.0628771 0.0779948 0.0762173 0.100234 0.162316 0.140973 0.0754547 0.062746 0.10618 0.135007 
0.070196 0.0796131 0.126292 0.128715 0.135416 0.0825198 0.0800452 0.119388 0.0879275 0.0898871 
0.0960888 0.0467002 0.0720187 0.0464567 0.265267 0.0616598 0.089011 0.109761 0.0814438 0.131593 
0.105619 0.050852 0.0891829 0.187266 0.0734915 0.15781 0.0303077 0.0750238 0.117432 0.113015 
0.342019 0.0220774 0.0965429 0.0741239 0.0205667 0.150708 0.0774077 0.05084 0.115209 0.0505063 
0.0968268 0.0117623 0.0930886 0.127415 0.0598153 0.0571195 0.0228561 0.410636 0.0537574 0.0667224 
0.410915 0.0125774 0.0911706 0.0632116 0.031783 0.105121 0.0703071 0.0230307 0.146849 0.0450351 
0.153335 0.0360445 0.300687 0.133123 0.0390611 0.113494 0.060226 0.0341285 0.0985022 0.0313977 
0.0410795 0.0821872 0.0690731 0.134401 0.0563054 0.0960127 0.0227227 0.174251 0.134389 0.189578 
0.0426789 0.191507 0.0964669 0.104209 0.0581017 0.119463 0.0734275 0.0845866 0.128001 0.101559 
0.0301379 0.0529474 0.0888757 0.104576 0.0936781 0.0819019 0.0345714 0.28192 0.111081 0.120311 
0.0905709 0.102392 0.109295 0.151382 0.0686658 0.178583 0.0483324 0.0422781 0.118843 0.0896578 
0.0810145 0.0930987 0.128959 0.0935666 0.0755351 0.114559 0.0608018 0.117912 0.109342 0.125211 
0.0401962 0.0873635 0.0648957 0.114726 0.118945 0.120336 0.0479219 0.119549 0.136552 0.149515 
0.0312563 0.0106131 0.0375769 0.0760902 0.0612078 0.063455 0.00771259 0.50377 0.0888813 0.119437 
0.0543393 0.0569445 0.0522912 0.0807882 0.0966244 0.136657 0.0283934 0.245393 0.0902034 0.158365 
0.129931 0.0412696 0.132483 0.0613343 0.0868855 0.15773 0.145339 0.0710535 0.0955038 0.0784705 
0.0738563 0.050043 0.383524 0.111949 0.0248379 0.0811377 0.0668134 0.0165946 0.14102 0.0502245 
0.0501864 0.0432745 0.0545545 0.100028 0.078088 0.103278 0.0248083 0.321443 0.078076 0.146263 
0.0886288 0.0848726 0.0848471 0.0681332 0.118701 0.13922 0.059371 0.0458158 0.19457 0.115839 
0.0488217 0.0230657 0.0269898 0.0568336 0.390948 0.0881813 0.0571046 0.0656676 0.104645 0.137742 
0.0395524 0.0631438 0.0925884 0.0950597 0.0594685 0.0819485 0.0229059 0.330043 0.104189 0.1111 
0.101028 0.0409245 0.0547017 0.178496 0.0801585 0.194829 0.0677383 0.114783 0.0873046 0.0800365 
0.066904 0.0608143 0.135579 0.0724277 0.115544 0.0783141 0.233626 0.0515494 0.0932354 0.0920066 
0.0432975 0.213175 0.13946 0.103352 0.0804619 0.0902604 0.0674318 0.0661953 0.122494 0.0738727 
0.103247 0.0717457 0.0899005 0.22732 0.0472025 0.167666 0.0205338 0.0737572 0.0911554 0.107471 
0.0521807 0.07859 0.124712 0.0840455 0.0782743 0.132759 0.204355 0.0513951 0.109632 0.0840559 
0.0764467 0.0824039 0.0873898 0.116743 0.122303 0.120579 0.0749202 0.106145 0.0881051 0.124965 
0.0836043 0.0550229 0.0686754 0.19353 0.0393844 0.176579 0.0219309 0.120674 0.101148 0.139451 
0.0215893 0.236901 0.0884466 0.0998986 0.0772768 0.119354 0.064433 0.0589891 0.143914 0.0891971 
0.0634978 0.0437279 0.0575236 0.0246396 0.274916 0.0468383 0.0949731 0.115285 0.115839 0.162759 
0.0404273 0.173824 0.0766607 0.11893 0.071177 0.122537 0.0598691 0.111262 0.111431 0.113882 
0.0533279 0.0732245 0.0993398 0.105135 0.0770154 0.0987726 0.0419362 0.219486 0.129011 0.102751 
0.11623 0.0607617 0.130252 0.0534039 0.0544517 0.151573 0.235539 0.0320846 0.110029 0.0556751 
0.0333586 0.0376057 0.0662846 0.0690076 0.143654 0.0584859 0.0281639 0.189745 0.117169 0.256526 
0.078426 0.101839 0.119464 0.102082 0.0850298 0.0792719 0.142386 0.0512027 0.120418 0.11988 
0.30915 0.0292241 0.0904502 0.0718349 0.0556081 0.095791 0.0560402 0.0486091 0.130005 0.113286 
0.0507954 0.0216702 0.0309047 0.117716 0.103424 0.319735 0.026397 0.0912653 0.137506 0.100586 
0.0733702 0.0313045 0.0988608 0.0761055 0.279997 0.0761469 0.0748306 0.0916023 0.075335 0.122447 
0.053125 0.0622805 0.0807003 0.0889645 0.127338 0.127486 0.0598354 0.115442 0.0951753 0.189653 
0.059029 0.0552717 0.083591 0.0735726 0.131249 0.0990245 0.0476082 0.159212 0.120895 0.170546 
0.154463 0.0187913 0.240049 0.134685 0.0585607 0.0870935 0.0730474 0.0458751 0.125587 0.061848 
0.115417 0.16097 0.0992033 0.100745 0.0526637 0.103523 0.0824352 0.05594 0.13468 0.0944233 
0.0446921 0.0496267 0.0333873 0.0816373 0.156278 0.140509 0.0427514 0.115462 0.104745 0.230911 
0.0783397 0.0430687 0.0770173 0.0536265 0.192376 0.0788668 0.0924582 0.145334 0.0992705 0.139642 
0.10029 0.107701 0.121583 0.121266 0.0526222 0.126476 0.0507619 0.0306417 0.172792 0.115866 
0.0326843 0.173068 0.105101 0.119234 0.066741 0.0703115 0.0339574 0.176263 0.101769 0.120873 
0.109439 0.0711402 0.0901292 0.161026 0.0588767 0.183073 0.0640969 0.0623012 0.102739 0.0971794 
0.0299328 0.0753864 0.0649822 0.0804181 0.134726 0.072185 0.0319663 0.174791 0.128485 0.207126 
0.0373058 0.0810897 0.128737 0.0857422 0.0882157 0.0767785 0.0472519 0.249793 0.0914235 0.113662 
0.0626869 0.0805741 0.0754947 0.0672639 0.161415 0.0912018 0.103682 0.108151 0.107037 0.142493 
0.0372225 0.071662 0.0735655 0.0920702 0.183798 0.10657 0.0531518 0.108518 0.106331 0.167112 
0.0541233 0.0329015 0.0618256 0.0656509 0.310928 0.0727233 0.0888996 0.0672585 0.100103 0.145586 
0.0930129 0.0489393 0.0839445 0.0693721 0.147611 0.0948248 0.0691755 0.126077 0.111739 0.155303 
0.0799626 0.0385094 0.162915 0.0548655 0.0898337 0.120517 0.0661904 0.127811 0.137689 0.121706 
0.0875389 0.0267641 0.0717091 0.134779 0.0867065 0.243785 0.0545275 0.042408 0.146772 0.10501 
0.0824622 0.0356715 0.106016 0.0435683 0.177749 0.0719225 0.0998136 0.115464 0.140913 0.126419 
0.0425265 0.0595708 0.0801753 0.12834 0.0982684 0.125175 0.0442309 0.242753 0.0751925 0.103767 
0.0667494 0.0748228 0.102301 0.0919455 0.101323 0.114397 0.165148 0.0680159 0.100569 0.114727 
0.032225 0.028768 0.0216994 0.097054 0.200309 0.086862 0.0459141 0.203558 0.130724 0.152887 
0.0290316 0.115267 0.0943228 0.0764629 0.164832 0.0608246 0.0532531 0.0930722 0.113302 0.199632 
0.238067 0.0171367 0.126406 0.190181 0.0359547 0.107851 0.0273985 0.0812756 0.0788844 0.0968445 
0.132319 0.0692011 0.0691728 0.0567995 0.104915 0.21272 0.0534883 0.061508 0.132739 0.107137 
0.0417028 0.035298 0.0822378 0.101864 0.0683478 0.182079 0.0264425 0.061376 0.237216 0.163436 
0.111495 0.0494364 0.0812105 0.0867958 0.110519 0.217615 0.0510155 0.0624971 0.125321 0.104095 
0.0523599 0.0356393 0.103367 0.0603068 0.11772 0.131144 0.210263 0.0642181 0.139962 0.08502 
0.0853671 0.0361804 0.12112 0.0434387 0.072656 0.143263 0.274719 0.0310545 0.118405 0.0737964 
0.0827537 0.0393299 0.117497 0.133522 0.0368984 0.301771 0.0755675 0.0169232 0.126814 0.0689234 
0.0653112 0.033095 0.146149 0.10382 0.084976 0.0522362 0.0327077 0.290028 0.105115 0.086563 
0.0732925 0.0919894 0.1128 0.101216 0.0561647 0.150263 0.0461644 0.047625 0.199781 0.120703 
0.0401714 0.211632 0.106041 0.129368 0.0539524 0.0927835 0.0686425 0.0645752 0.136918 0.0959153 
0.268081 0.0243887 0.107551 0.0771035 0.0555228 0.149158 0.0453836 0.0562494 0.118825 0.0977364 
0.0477256 0.208613 0.143003 0.102422 0.054909 0.0924291 0.0636379 0.0645168 0.134851 0.0878924 
0.0707663 0.0613165 0.108722 0.0976285 0.111516 0.0584323 0.198166 0.0830825 0.0864217 0.123948 
0.0699675 0.0341038 0.0850899 0.040723 0.221313 0.0658005 0.0817259 0.132079 0.13174 0.137457 
0.119164 0.0756654 0.10668 0.0660721 0.0777813 0.172944 0.163544 0.0532114 0.0976277 0.06731 
0.0586267 0.0377879 0.0875908 0.166761 0.0491153 0.114073 0.0177504 0.327235 0.0504517 0.0906088 
0.0540879 0.0441887 0.151036 0.230658 0.0658477 0.105917 0.0239438 0.15362 0.0905335 0.0801677 
0.0449533 0.203685 0.122669 0.0984555 0.0635066 0.08875 0.0717557 0.0942302 0.118122 0.0938726 
0.0600945 0.0377857 0.110773 0.0870237 0.101645 0.0711932 0.049148 0.242306 0.087375 0.152656 
0.0437731 0.190473 0.0818248 0.128231 0.0629305 0.127685 0.0936736 0.0745299 0.109805 0.0870743 
0.0687741 0.058364 0.107506 0.0759736 0.11265 0.125463 0.0432567 0.0860915 0.187254 0.134667 
0.0666838 0.0308774 0.449302 0.139546 0.0371409 0.0997579 0.0497808 0.013161 0.0829833 0.0307669 
0.340074 0.0312481 0.0866076 0.065212 0.0473907 0.122427 0.0627017 0.0566922 0.102892 0.0847539 
0.0643328 0.100741 0.11421 0.0987555 0.115624 0.086397 0.084271 0.0627607 0.108599 0.164309 
0.0534125 0.0482169 0.0844788 0.100036 0.15928 0.0939697 0.0576385 0.0958037 0.113641 0.193523 
0.0898022 0.0219879 0.0944116 0.126355 0.102463 0.114494 0.024676 0.0841244 0.166293 0.175393 
0.187413 0.053922 0.0665661 0.0593854 0.107574 0.194606 0.0517329 0.0776129 0.128763 0.0724234 
0.0982275 0.0688565 0.116657 0.118678 0.0558611 0.171738 0.0499056 0.0573175 0.138599 0.124159 
0.0460164 0.169307 0.0876536 0.112655 0.0875785 0.103489 0.088144 0.0935514 0.0946038 0.117001 
0.0897339 0.0517009 0.0647752 0.0480683 0.156621 0.204208 0.111252 0.0367757 0.121404 0.115461 
0.0927252 0.039371 0.128929 0.0759282 0.111836 0.0900923 0.24066 0.0697805 0.07255 0.0781273 
0.237208 0.031552 0.113632 0.0692847 0.0587031 0.119536 0.0700677 0.0831066 0.105805 0.111105 
0.136557 0.0695891 0.141653 0.223131 0.0262868 0.113304 0.0468565 0.132889 0.0735016 0.0362317 
0.0546951 0.101407 0.0769953 0.0896112 0.140468 0.0826834 0.103181 0.126331 0.0838269 0.140802 
0.0280542 0.0699547 0.0923072 0.0872735 0.269362 0.100523 0.0432666 0.080614 0.115799 0.112846 
0.148167 0.041355 0.0983996 0.0727741 0.0703477 0.132173 0.259552 0.0467751 0.0725133 0.0579428 
0.117105 0.0332504 0.0712635 0.101949 0.0529109 0.319765 0.0296089 0.0329749 0.153547 0.0876256 
0.0365935 0.0154632 0.0480405 0.0870046 0.285478 0.0844999 0.0438737 0.17508 0.0840958 0.139871 
0.0497722 0.0494241 0.128138 0.0772906 0.116321 0.0746724 0.168927 0.124678 0.0915541 0.119223 
0.0838327 0.0383539 0.0693643 0.148878 0.0604914 0.237873 0.0685047 0.0394658 0.134283 0.118953 
0.0860711 0.0435147 0.108701 0.0641185 0.16519 0.0806789 0.0689919 0.126138 0.103927 0.152668 
0.107387 0.0781772 0.083148 0.0992184 0.0817526 0.204221 0.0859464 0.083324 0.0858906 0.0909355 
0.0396818 0.199942 0.0915411 0.114493 0.0539074 0.12175 0.0888372 0.0788364 0.117242 0.0937687 
0.0563312 0.0519325 0.0562911 0.079635 0.223944 0.113093 0.0556846 0.105125 0.0901188 0.167845 
0.0536349 0.0793086 0.0755342 0.0971075 0.189114 0.116158 0.0549344 0.0904462 0.108429 0.135333 
0.0449178 0.0706587 0.10957 0.144695 0.0336406 0.0582655 0.0136303 0.302357 0.0799018 0.142363 
0.211051 0.0693499 0.221688 0.106551 0.0171174 0.140675 0.0367116 0.00611488 0.152771 0.0379698 
0.142454 0.0574043 0.0796008 0.148854 0.0570278 0.166026 0.0573461 0.0838264 0.109455 0.098006 
0.0546896 0.114462 0.262947 0.105579 0.0603166 0.0744941 0.0717523 0.0627899 0.113289 0.079679 
0.0523862 0.112649 0.0996385 0.106963 0.094845 0.114415 0.0497119 0.15275 0.0970514 0.11959 
0.0615268 0.16641 0.114116 0.106464 0.0616461 0.0953702 0.086123 0.0959052 0.109494 0.102945 
0.0837062 0.0658888 0.127206 0.10306 0.0971225 0.126808 0.0655961 0.0657999 0.152497 0.112316 
0.0391089 0.201658 0.102674 0.119749 0.0636601 0.0955981 0.0725344 0.0928286 0.109766 0.102422 
0.0694628 0.0938095 0.124326 0.0868843 0.0537123 0.166327 0.0404904 0.044204 0.220586 0.100197 
0.0389285 0.198986 0.10574 0.125958 0.0624858 0.0946346 0.0629317 0.107425 0.101177 0.101733 
0.0538306 0.130773 0.107925 0.115948 0.0498434 0.139413 0.0603731 0.0357926 0.205874 0.100227 
0.113625 0.0718429 0.0987489 0.0944187 0.0844761 0.175808 0.0693955 0.0581811 0.125752 0.107751 
0.358073 0.00889336 0.0993259 0.0975855 0.0342557 0.149415 0.0537711 0.0256194 0.131578 0.0414838 
0.101836 0.0950086 0.0770749 0.11365 0.0712825 0.143321 0.0706797 0.0537282 0.170107 0.103312 
0.0549063 0.0411041 0.0660232 0.0572239 0.202555 0.057555 0.101802 0.118537 0.11264 0.187654 
0.0731375 0.103003 0.268943 0.208044 0.0139624 0.103081 0.0383128 0.016845 0.138112 0.0365587 
0.0885667 0.0442628 0.118994 0.141386 0.0530604 0.218853 0.0366259 0.0379635 0.14899 0.111299 
0.536551 0.0115832 0.0498936 0.0613184 0.0155994 0.100171 0.0254342 0.0382233 0.121389 0.0398376 
0.054476 0.171072 0.0933969 0.133281 0.0613946 0.11589 0.0769196 0.080974 0.119565 0.093031 
0.0462842 0.205199 0.113313 0.0975172 0.0662007 0.0782266 0.0449638 0.0956438 0.145661 0.106991 
0.0402709 0.175001 0.0850586 0.118485 0.0768809 0.143733 0.0688301 0.076405 0.107915 0.10742 
0.311881 0.0143548 0.0984042 0.0894163 0.0819466 0.118393 0.0821047 0.0510971 0.0811417 0.0712613 
0.0335638 0.0442982 0.0809047 0.131265 0.13939 0.145373 0.0483476 0.127291 0.117889 0.131678 
0.265675 0.021351 0.100447 0.0928731 0.0439076 0.138616 0.0254488 0.103852 0.0892402 0.118589 
0.0545054 0.0984509 0.104653 0.128885 0.0755145 0.165902 0.0927277 0.0567946 0.121798 0.100769 
0.0410542 0.22817 0.0954299 0.109198 0.0526883 0.111355 0.0899964 0.0533054 0.135465 0.0833372 
0.0921028 0.0415354 0.0908882 0.0508766 0.0653616 0.131071 0.301817 0.0275921 0.128248 0.0705083 
0.0495086 0.0555493 0.0891867 0.101157 0.160975 0.137298 0.045521 0.116495 0.107136 0.137174 
0.0542954 0.0838673 0.284145 0.156906 0.0267164 0.0822125 0.029343 0.0530817 0.134994 0.0944379 
0.113148 0.0199809 0.169804 0.286336 0.0183879 0.192655 0.0207838 0.0211158 0.104671 0.0531175 
0.122715 0.0462524 0.120997 0.0661488 0.0890969 0.0470601 0.267212 0.048599 0.108231 0.083687 
0.0621777 0.17458 0.121301 0.105651 0.0936461 0.0821425 0.0594451 0.0903329 0.126696 0.0840273 
0.0516913 0.173804 0.087808 0.121425 0.0656848 0.107289 0.0971854 0.0863423 0.103008 0.105763 
0.0627268 0.156927 0.122808 0.104041 0.082883 0.0963573 0.0653628 0.118753 0.104865 0.0852758 
0.0854859 0.0862026 0.0832378 0.172505 0.0692289 0.163716 0.0651807 0.0624753 0.0968416 0.115127 
0.0282171 0.0366309 0.0441879 0.064597 0.133181 0.186567 0.0361199 0.0947139 0.144246 0.231539 
0.0970272 0.0486604 0.0551462 0.115617 0.0751158 0.199591 0.0560703 0.11346 0.1255 0.113813 
0.0743321 0.0546893 0.371017 0.0758724 0.042327 0.0874946 0.092192 0.0292988 0.108499 0.0642781 
0.0261233 0.0845594 0.0214442 0.088019 0.134478 0.14994 0.0390612 0.113587 0.102765 0.240023 
0.0797297 0.0308887 0.0616335 0.0891489 0.16454 0.139321 0.0851558 0.144939 0.095803 0.10884 
0.132455 0.045903 0.0516682 0.116004 0.100674 0.136325 0.0459437 0.185993 0.0790563 0.105979 
0.0234138 0.0784659 0.0378712 0.0961579 0.11638 0.150802 0.0461478 0.142736 0.0872842 0.220741 
0.0658889 0.0940412 0.11995 0.15316 0.089973 0.10054 0.0357914 0.107086 0.106592 0.126978 
0.0354423 0.0563052 0.0683683 0.106361 0.139376 0.120689 0.0259344 0.122274 0.122858 0.202391 
0.251814 0.0155881 0.102478 0.0797799 0.0633237 0.112266 0.04256 0.101834 0.110066 0.12029 
0.0612528 0.0566853 0.094584 0.220969 0.0866748 0.115117 0.0264194 0.126817 0.0760166 0.135465 
0.136276 0.0775562 0.0876547 0.0552579 0.0942347 0.169122 0.146564 0.0347336 0.125034 0.0735671 
0.108884 0.0462222 0.0648277 0.100868 0.0913984 0.215115 0.0263716 0.160993 0.108655 0.0766652 
0.158 0.0557731 0.0682586 0.152422 0.0665342 0.210842 0.0301961 0.0558342 0.0969336 0.105205 
0.0621965 0.023967 0.0378305 0.0837493 0.0700416 0.134714 0.0246768 0.315778 0.0868052 0.160241 
0.144969 0.0360969 0.236315 0.139652 0.0591234 0.087602 0.0630492 0.0722929 0.0885806 0.0723186 
0.11949 0.0085836 0.405518 0.0654873 0.039426 0.0851377 0.0379742 0.0339686 0.110493 0.0939218 
0.0630501 0.0312983 0.0830652 0.105143 0.0551393 0.0758417 0.0209025 0.353574 0.0732895 0.138697 
0.0694461 0.131006 0.121114 0.103157 0.114354 0.0928477 0.0871479 0.1006 0.0965908 0.0837351 
0.126622 0.0630185 0.24745 0.151112 0.0518365 0.109546 0.038601 0.048642 0.115017 0.0481566 
0.0379022 0.097846 0.0944853 0.118036 0.0733608 0.155948 0.0250322 0.0820854 0.193624 0.12168 
0.0986781 0.0690872 0.0889056 0.0928518 0.153853 0.100127 0.0833444 0.0902346 0.102917 0.120001 
0.0578763 0.17959 0.127106 0.112215 0.060224 0.0916202 0.0729382 0.096749 0.109555 0.0921272 
0.0710167 0.0737554 0.0882507 0.113379 0.0751228 0.0884924 0.0476356 0.205651 0.097388 0.139308 
0.109627 0.0739714 0.110678 0.154551 0.0319491 0.125262 0.0643996 0.135567 0.094127 0.0998682 
0.103857 0.106648 0.11981 0.1557 0.0669752 0.136653 0.0520558 0.0535745 0.125341 0.0793857 
0.0584291 0.0739404 0.127888 0.0759496 0.067964 0.173577 0.116715 0.0190854 0.195184 0.0912676 
0.0593172 0.0298058 0.0745337 0.0997062 0.0685524 0.120767 0.019372 0.204977 0.15107 0.171899 
0.0701966 0.0652147 0.0848433 0.125414 0.080626 0.10382 0.0407625 0.203327 0.0943277 0.131469 
0.0694358 0.0399627 0.0835322 0.0649373 0.112226 0.102107 0.0463021 0.239698 0.0999818 0.141818 
0.0589835 0.0949082 0.234909 0.217153 0.0433397 0.0754674 0.0870782 0.0644713 0.0648662 0.058823 
0.0447726 0.160135 0.253757 0.101392 0.0485927 0.0592591 0.111733 0.0366885 0.11605 0.0676198 
0.061067 0.0447462 0.0457403 0.0518747 0.311216 0.0610454 0.0848799 0.105075 0.0911213 0.143234 
0.0428944 0.199507 0.0901098 0.113096 0.0631222 0.110175 0.08103 0.0890772 0.106452 0.104536 
0.0805197 0.0766859 0.0833504 0.110114 0.0626903 0.209648 0.0627447 0.0434082 0.150945 0.119894 
0.099459 0.0353249 0.101479 0.137426 0.0927905 0.142904 0.0366138 0.0904732 0.126632 0.136897 
0.115495 0.0248775 0.0752001 0.0369381 0.0644166 0.0932962 0.061457 0.0698338 0.265478 0.193008 
0.0439883 0.0448337 0.0781535 0.109232 0.146195 0.0989625 0.0696595 0.225267 0.0845599 0.0991479 
0.0590816 0.104815 0.171241 0.113306 0.0748726 0.0803717 0.085952 0.118096 0.0891147 0.103148 
0.107524 0.0833469 0.0797236 0.140632 0.0827976 0.154663 0.123863 0.0493742 0.0903803 0.0876939 
0.428161 0.0116357 0.133653 0.0730112 0.0219996 0.0697736 0.0556272 0.0189141 0.146634 0.0405902 
0.0669389 0.0640442 0.131172 0.111581 0.0864152 0.111348 0.152562 0.0490645 0.112495 0.114379 
0.0622808 0.0178926 0.0528342 0.0290601 0.339316 0.0595002 0.0636599 0.107838 0.126166 0.141452 
0.0518002 0.160878 0.230031 0.128102 0.0424513 0.0890238 0.0982615 0.038192 0.109707 0.0515537 
0.0340597 0.0518178 0.0530318 0.0812304 0.252897 0.109189 0.029704 0.0862309 0.099498 0.202341 
0.0588678 0.130177 0.0885452 0.102989 0.0824637 0.138256 0.0932864 0.0814071 0.120935 0.103073 
0.0344994 0.0713589 0.0365137 0.0637973 0.161988 0.0824129 0.0422188 0.16318 0.105622 0.238409 
0.107235 0.0631807 0.0935072 0.114841 0.0693985 0.215659 0.079749 0.0482365 0.101136 0.107057 
0.0688239 0.0367081 0.0930203 0.139896 0.0610879 0.0923905 0.0270234 0.267496 0.0905112 0.123043 
0.0436657 0.0662667 0.0981805 0.138213 0.0799161 0.0962131 0.0293348 0.230719 0.0835582 0.133933 
0.062402 0.179596 0.194161 0.134041 0.034412 0.10054 0.0532156 0.041321 0.131337 0.0689746 
0.0817553 0.162921 0.129356 0.103502 0.0412598 0.128999 0.0905954 0.0350145 0.153586 0.0730113 
0.11701 0.0355259 0.363335 0.0890225 0.0396861 0.0542991 0.142917 0.0231216 0.0913041 0.0437786 
0.363888 0.0405733 0.0807004 0.0830919 0.0584194 0.0709045 0.107102 0.0444679 0.0954242 0.0554282 
0.122278 0.0512215 0.0864845 0.0576392 0.0843273 0.141024 0.0641165 0.0586533 0.214596 0.11966 
0.0938968 0.116785 0.104586 0.120188 0.0337975 0.190739 0.0353349 0.101943 0.124465 0.0782645 
0.0529461 0.0449537 0.11028 0.110948 0.0460273 0.0920475 0.0159811 0.372397 0.0562003 0.0982189 
0.0363791 0.0560065 0.0681042 0.0983936 0.0690928 0.0917687 0.0270956 0.297248 0.110806 0.145106 
0.0354277 0.129184 0.0914055 0.0973485 0.102086 0.135297 0.0433967 0.0778133 0.123565 0.164476 
0.0280463 0.218778 0.110619 0.129809 0.0533348 0.0997928 0.0700053 0.068975 0.127032 0.093608 
0.176768 0.0432479 0.0706952 0.0827341 0.06046 0.164375 0.0560235 0.038078 0.190077 0.117541 
0.0255096 0.220814 0.0930133 0.105901 0.0754207 0.0871457 0.0685752 0.0963645 0.107908 0.119349 
0.0909153 0.0240011 0.116305 0.122866 0.0936217 0.107669 0.0668003 0.0369529 0.174817 0.166052 
0.274106 0.0233529 0.107575 0.141571 0.0423273 0.0999055 0.0667914 0.0788526 0.0835405 0.0819783 
0.0740858 0.0527068 0.0879011 0.198529 0.0507479 0.195475 0.0322319 0.0887374 0.120377 0.0992084 
0.248154 0.0263184 0.0976953 0.0875221 0.0564676 0.120118 0.0521399 0.105658 0.0976414 0.108285 
0.0390833 0.196262 0.0874634 0.120284 0.0618513 0.112786 0.079342 0.0909904 0.104754 0.107184 
0.0647685 0.0458988 0.0626812 0.0789713 0.131632 0.0744081 0.0388151 0.149362 0.133972 0.219491 
0.0205061 0.0433323 0.0766248 0.0881501 0.113999 0.0692029 0.0225846 0.201706 0.135037 0.228857 
0.0431942 0.0328453 0.074014 0.0645154 0.195048 0.0893668 0.0458083 0.152843 0.119915 0.18245 
0.042997 0.197931 0.130785 0.116089 0.0587696 0.0907129 0.0631605 0.0737272 0.13741 0.0884177 
0.0547342 0.0447361 0.0961376 0.0865794 0.0896665 0.0717969 0.0327589 0.107793 0.202054 0.213743 
0.0917253 0.0402936 0.247155 0.102285 0.0530741 0.112546 0.0677861 0.0581035 0.156058 0.070974 
0.0476412 0.19201 0.0901819 0.122867 0.0729003 0.100481 0.0825052 0.0851575 0.0926318 0.113623 
0.079236 0.207742 0.211301 0.1137 0.0257946 0.0796891 0.0678128 0.0130539 0.154704 0.0469671 
0.0607172 0.0303157 0.0553726 0.0731143 0.168423 0.0636345 0.0546115 0.145091 0.126075 0.222645 
0.0592768 0.110022 0.129094 0.0979209 0.0735743 0.0937974 0.0449566 0.1762 0.0984256 0.116732 
0.0846943 0.0644439 0.0520672 0.131189 0.106335 0.228502 0.0477579 0.125852 0.0820558 0.0771025 
0.0636258 0.0450181 0.0997749 0.0675907 0.120268 0.0900323 0.0604566 0.146463 0.104299 0.202471 
0.0625755 0.0602984 0.271344 0.221066 0.0325786 0.0759516 0.129336 0.0256829 0.081199 0.0399682 
0.0653737 0.0726195 0.16131 0.0836561 0.0701349 0.163454 0.184493 0.0248924 0.11305 0.0610169 
0.0757824 0.0201832 0.052073 0.135065 0.256852 0.0718974 0.0505329 0.0973868 0.0638544 0.176372 
0.0549724 0.189632 0.114728 0.116106 0.0565488 0.106457 0.0737018 0.0668317 0.136892 0.0841293 
0.0617941 0.0861499 0.0903981 0.100124 0.0997638 0.193091 0.0953794 0.0429735 0.130091 0.100234 
0.0304186 0.109822 0.0579573 0.081871 0.177006 0.137301 0.059323 0.072408 0.119287 0.154606 
0.17638 0.0962406 0.174279 0.145648 0.0147045 0.145103 0.064648 0.00863222 0.139439 0.0349266 
0.0379297 0.0480825 0.0680659 0.0480835 0.122534 0.103949 0.036874 0.198944 0.105429 0.230109 
0.0471299 0.124439 0.246218 0.0893825 0.0913299 0.0594286 0.0928286 0.0393367 0.116054 0.0938532 
0.27607 0.0325979 0.119019 0.0853208 0.0362793 0.131082 0.0324405 0.0794494 0.100685 0.107056 
0.046402 0.0590781 0.0573537 0.0987656 0.22744 0.0891326 0.0530679 0.0850175 0.0868102 0.196933 
0.499859 0.00833724 0.0979178 0.0905636 0.0246605 0.0995451 0.0318663 0.0233031 0.0788151 0.0451327 
0.299914 0.0206049 0.0877836 0.10144 0.0265443 0.148648 0.0680325 0.0781116 0.121157 0.0477649 
0.109034 0.0808242 0.251946 0.133608 0.0270603 0.114045 0.0867105 0.007648 0.135594 0.0535301 
0.0978478 0.109361 0.129455 0.125611 0.0403893 0.150671 0.029497 0.0499704 0.141802 0.125396 
0.067264 0.0912871 0.0922764 0.110156 0.111879 0.0891042 0.132631 0.0985334 0.0957837 0.111085 
0.0372846 0.0595641 0.121247 0.0983692 0.0887892 0.0786983 0.0517053 0.275089 0.0904995 0.0987547 
0.0293644 0.211197 0.0973161 0.120198 0.0689989 0.110485 0.0856553 0.0733304 0.115726 0.0877282 
0.0665225 0.0550105 0.169274 0.0991639 0.0805895 0.108105 0.0798089 0.107899 0.110876 0.122751 
0.0375206 0.0724742 0.0591583 0.074753 0.188839 0.119368 0.0412917 0.11766 0.129767 0.159169 
0.271307 0.0152497 0.136376 0.0763999 0.0213505 0.20023 0.0427816 0.0304164 0.176841 0.0290468 
0.0631739 0.130479 0.241321 0.156052 0.0235689 0.0922956 0.0839125 0.0264156 0.121248 0.0615328 
0.0371699 0.0719533 0.117472 0.0950196 0.104428 0.0897064 0.0482269 0.164379 0.121426 0.150219 
0.0418017 0.0486299 0.0678895 0.0531955 0.275345 0.0988562 0.048891 0.093491 0.140635 0.131266 
0.0716498 0.116915 0.115229 0.215276 0.0591962 0.13145 0.0765495 0.0439128 0.103737 0.0660847 
0.0880352 0.090384 0.0939333 0.160563 0.0885078 0.16033 0.0449182 0.0601614 0.115364 0.0978032 
0.580393 0.00430214 0.103734 0.0417511 0.0183301 0.045694 0.045722 0.0229754 0.0957813 0.0413172 
0.382232 0.0126212 0.0973458 0.0503054 0.0602419 0.0807047 0.0760823 0.0726625 0.0873287 0.0804757 
0.0866292 0.0495234 0.0857157 0.183505 0.120614 0.199573 0.0674455 0.0492964 0.0971952 0.060502 
0.0324813 0.207366 0.0928835 0.1281 0.0595638 0.121219 0.0744448 0.0770413 0.120948 0.0859524 
0.086316 0.0261084 0.0829298 0.0544024 0.12712 0.0601992 0.0558357 0.195355 0.124933 0.1868 
0.0917578 0.0826587 0.0661841 0.0409207 0.0813696 0.149654 0.239828 0.0325243 0.143644 0.0714595 
0.0505412 0.0839421 0.0319354 0.0531389 0.142124 0.271071 0.0753518 0.0733472 0.136389 0.0821602 
0.160373 0.0311187 0.181122 0.174453 0.0822052 0.0755086 0.0758973 0.0310174 0.12358 0.0647239 
0.109489 0.0430825 0.07962 0.109536 0.0855239 0.251759 0.0705174 0.0208316 0.146817 0.0828225 
0.0379713 0.144155 0.0754916 0.11498 0.0558633 0.11467 0.0402815 0.173687 0.121647 0.121253 
0.0403049 0.0777392 0.116935 0.130214 0.0671474 0.105435 0.0345238 0.182203 0.121874 0.123624 
0.0386701 0.0897446 0.0443553 0.0952878 0.111258 0.132341 0.0300482 0.146792 0.113617 0.197886 
0.105934 0.101804 0.108164 0.200149 0.0738558 0.132943 0.0328312 0.0687316 0.0940032 0.0815837 
0.128958 0.0541895 0.0869849 0.0957071 0.0870502 0.127592 0.0614382 0.127786 0.0981191 0.132176 
0.0653911 0.0540061 0.0943388 0.0588665 0.17614 0.0867021 0.095251 0.106443 0.113759 0.149103 
0.0877746 0.102874 0.231064 0.0891333 0.0142768 0.124784 0.17113 0.00769764 0.112666 0.0586002 
0.369964 0.00841107 0.0750776 0.0474078 0.0751614 0.112647 0.0771777 0.0510991 0.101328 0.0817263 
0.0480934 0.0838548 0.103827 0.0714101 0.07543 0.100102 0.0375912 0.220012 0.132204 0.127476 
0.0311925 0.206128 0.105619 0.118578 0.0696374 0.0922128 0.0666249 0.0845926 0.116002 0.109413 
0.0351364 0.190443 0.0982944 0.116348 0.0698776 0.101445 0.0815523 0.0817001 0.107322 0.117881 
0.0506939 0.160042 0.225072 0.164657 0.0490787 0.0720604 0.066733 0.0377748 0.122819 0.0510692 
0.0319805 0.212423 0.101023 0.111672 0.0673462 0.0898224 0.0678445 0.0996214 0.109865 0.108402 
0.0991222 0.0379759 0.0873516 0.102151 0.101765 0.278832 0.0385582 0.0494269 0.136817 0.0679997 
0.0977963 0.060292 0.0973842 0.217724 0.0720016 0.15626 0.0322515 0.0786206 0.0899405 0.0977288 
0.085958 0.0919123 0.132196 0.158903 0.0850341 0.143321 0.0432514 0.0578262 0.123175 0.0784222 
0.0454015 0.0660029 0.0912758 0.0871341 0.170567 0.0657877 0.0388115 0.130144 0.0860616 0.218814 
0.0614593 0.0216166 0.0655333 0.151611 0.0617032 0.0866391 0.0281117 0.32417 0.0750634 0.124093 
0.137974 0.0167881 0.10621 0.0943603 0.0591949 0.162784 0.0280444 0.028519 0.220489 0.145636 
0.0686933 0.0769643 0.156788 0.0660862 0.0654052 0.145503 0.201541 0.0295907 0.134149 0.0552794 
0.0681695 0.120155 0.112682 0.139777 0.0299267 0.154043 0.0949455 0.0936765 0.0943413 0.092284 
0.0534123 0.0634513 0.0893524 0.0919342 0.121279 0.0852866 0.135252 0.157098 0.080942 0.121993 
0.0368154 0.195859 0.105821 0.119924 0.0517955 0.103861 0.065794 0.0969974 0.122294 0.100837 
0.168087 0.0690103 0.0680707 0.206183 0.0370166 0.190054 0.0374633 0.0351489 0.115088 0.0738796 
0.0776904 0.104559 0.0849442 0.0930517 0.0668839 0.184713 0.0917056 0.027655 0.174646 0.0941516 
0.0309065 0.221243 0.0908683 0.123832 0.0596362 0.0837888 0.0532906 0.106011 0.112874 0.117551 
0.370768 0.0185229 0.0800429 0.0813644 0.0346223 0.109717 0.0417001 0.067531 0.0907161 0.105016 
0.0951402 0.0862523 0.055184 0.0683985 0.0869182 0.241424 0.0507439 0.0631452 0.143438 0.109356 
0.0543337 0.179952 0.133192 0.11157 0.0501957 0.103112 0.0828802 0.077868 0.139175 0.0677211 
0.0326611 0.059461 0.107272 0.194734 0.068406 0.0941806 0.0283777 0.17282 0.112751 0.129337 
0.0312431 0.208494 0.0812556 0.133732 0.0645501 0.117417 0.0619659 0.0853442 0.099149 0.116849 
0.102112 0.0358368 0.101386 0.0982958 0.0770116 0.22817 0.0507323 0.0406276 0.162037 0.103791 
0.241065 0.0313022 0.0897057 0.201408 0.024973 0.116058 0.0372913 0.0416833 0.171651 0.0448619 
0.067804 0.0311587 0.134511 0.0580125 0.11929 0.0505842 0.14243 0.0638502 0.144785 0.187575 
0.0526765 0.16537 0.142543 0.0933486 0.0865129 0.086973 0.0662365 0.0739916 0.132958 0.0993903 
0.102451 0.0754651 0.0807212 0.076109 0.0906256 0.102794 0.104619 0.0429589 0.191133 0.133124 
0.132588 0.0483916 0.0454992 0.10189 0.0849886 0.240546 0.0334624 0.0600399 0.117523 0.135071 
0.0601898 0.154491 0.0953772 0.12438 0.0683394 0.112141 0.07745 0.110873 0.100423 0.0963348 
0.0376577 0.0889717 0.0505632 0.10735 0.101134 0.116988 0.0363533 0.204705 0.12358 0.132697 
0.05366 0.0664269 0.0622422 0.0830234 0.183974 0.110928 0.0459762 0.104526 0.117037 0.172206 
0.0476292 0.026426 0.0757057 0.118391 0.309893 0.0536811 0.0834423 0.107906 0.0720956 0.104829 
0.0406312 0.065612 0.112117 0.0927788 0.135931 0.094396 0.193838 0.0436307 0.097244 0.123821 
0.0904969 0.022616 0.147684 0.131976 0.0680333 0.112571 0.0220119 0.19354 0.107671 0.1034 
0.0423486 0.163129 0.22305 0.194046 0.0172671 0.0693261 0.156837 0.0175442 0.0833522 0.0331006 
0.143224 0.0576463 0.0943432 0.0881366 0.0903734 0.175948 0.0531314 0.0503926 0.131579 0.115226 
0.258142 0.0244981 0.0768925 0.0806185 0.0708615 0.142056 0.0686984 0.0715011 0.104785 0.101946 
0.074057 0.0619123 0.134193 0.0999019 0.10953 0.0828395 0.116108 0.101954 0.105137 0.114367 
0.0515738 0.023372 0.108453 0.13132 0.111369 0.218022 0.0554789 0.0467309 0.143758 0.109921 
0.0797117 0.0641956 0.141304 0.084572 0.0754283 0.156322 0.166866 0.0339299 0.11339 0.0842797 
0.117481 0.0528221 0.0698843 0.18783 0.0651705 0.172397 0.0329937 0.0831468 0.10232 0.115955 
0.0310308 0.0429991 0.0704025 0.13077 0.0709149 0.10043 0.0213998 0.327549 0.0761993 0.128304 
0.0547105 0.100914 0.27837 0.156679 0.0158176 0.107874 0.118834 0.0183391 0.107618 0.0408425 
0.259566 0.0386169 0.122236 0.154924 0.0433062 0.0901463 0.0606558 0.0590825 0.101486 0.0699807 
0.0838928 0.0907346 0.125585 0.0852966 0.0694968 0.126667 0.0372283 0.0622642 0.189182 0.129653 
0.0703882 0.0595908 0.11149 0.0913057 0.110247 0.111138 0.0440119 0.070012 0.169048 0.16277 
0.0999957 0.0448065 0.0917075 0.0660682 0.0993639 0.252426 0.0670338 0.0466673 0.125084 0.106848 
0.0455045 0.0687588 0.0606728 0.101607 0.168915 0.126807 0.0562196 0.113349 0.0915018 0.166665 
0.0483024 0.192449 0.111854 0.114866 0.0609553 0.0962211 0.0720405 0.0984563 0.102492 0.102363 
0.0323027 0.202058 0.106937 0.110249 0.0678644 0.0959823 0.079226 0.0913557 0.106324 0.107701 
0.0893154 0.0407851 0.0643472 0.0663582 0.209357 0.107597 0.0540979 0.0979399 0.121236 0.148966 
0.30159 0.0213982 0.0780063 0.0562574 0.0254358 0.239287 0.0798869 0.0181691 0.152854 0.0271152 
0.0592474 0.0557294 0.0975173 0.194211 0.0630431 0.0742132 0.0412684 0.250956 0.0810947 0.0827195 
0.0767065 0.0723578 0.0580806 0.157791 0.0645092 0.188644 0.0540375 0.0645603 0.127897 0.135415 
0.0790582 0.0451947 0.0771197 0.12031 0.0764567 0.10061 0.0435264 0.226411 0.0941688 0.137145 
0.07331 0.0750484 0.12461 0.0713 0.0734138 0.117727 0.244353 0.0651663 0.085357 0.0697157 
0.0464477 0.188772 0.108347 0.11479 0.0588285 0.0978198 0.0828706 0.0943508 0.109847 0.0979263 
0.141748 0.041031 0.0645902 0.0915493 0.0859634 0.158611 0.119781 0.0861767 0.104304 0.106245 
0.0673244 0.0869951 0.197067 0.117446 0.0831352 0.107974 0.0820628 0.068795 0.0877257 0.101476 
0.0782912 0.165982 0.129165 0.105035 0.070078 0.0895398 0.0497645 0.0795374 0.133136 0.0994717 
0.0170977 0.0675219 0.0503127 0.0845842 0.124823 0.167713 0.0307085 0.158835 0.12099 0.177413 
0.181239 0.0118688 0.295034 0.0852504 0.0546356 0.0682725 0.070396 0.0652753 0.0838163 0.0842127 
0.151726 0.0284233 0.173473 0.0835216 0.0718611 0.159076 0.0574265 0.0638396 0.118246 0.0924067 
0.0699605 0.0529214 0.125439 0.0793837 0.0932349 0.115484 0.194732 0.0657516 0.0971308 0.105962 
0.0459372 0.200837 0.109289 0.113813 0.0624293 0.0869911 0.0666034 0.109451 0.0982205 0.106428 
0.150594 0.0291986 0.0639437 0.0699501 0.1323 0.0913482 0.0621719 0.143389 0.0927412 0.164363 
0.0990629 0.0788301 0.0657204 0.0916694 0.0557954 0.208358 0.0720825 0.0489339 0.150397 0.12915 
0.06721 0.0674155 0.327872 0.118297 0.0534398 0.0586627 0.112168 0.0350705 0.0966494 0.063215 
0.08101 0.0746541 0.109621 0.121666 0.0727249 0.212299 0.0592395 0.045228 0.123653 0.0999041 
0.0773881 0.0323666 0.0706034 0.06564 0.206791 0.132644 0.0713342 0.0907734 0.130629 0.121831 
0.0880158 0.0275494 0.0763076 0.0555584 0.280733 0.0525409 0.113428 0.102002 0.0769267 0.126938 
0.227384 0.0150543 0.276737 0.0701817 0.0461236 0.087521 0.0625375 0.0389842 0.105217 0.0702591 
0.0675535 0.101899 0.109775 0.106846 0.0682017 0.142599 0.0465218 0.0579213 0.169642 0.129041 
0.0815825 0.034953 0.0983887 0.232826 0.0678813 0.250974 0.0360068 0.0422945 0.099104 0.0559892 
0.101683 0.0790876 0.0987244 0.0569702 0.096805 0.110873 0.0626312 0.142229 0.130444 0.120553 
0.0712938 0.0872189 0.181395 0.136715 0.0525096 0.101671 0.056797 0.0964426 0.125511 0.090447 
0.0419654 0.0150939 0.0581831 0.105429 0.343938 0.0692411 0.0470344 0.0820187 0.0719162 0.16518 
0.151732 0.0341865 0.0496854 0.0949077 0.0686055 0.162419 0.0601999 0.0508996 0.158092 0.169272 
0.331271 0.0214526 0.0947199 0.0907165 0.0406281 0.0996812 0.0218117 0.0693387 0.105973 0.124407 
0.112755 0.086671 0.138433 0.190307 0.0314714 0.155814 0.0527049 0.0485978 0.123906 0.0593402 
0.0282412 0.159098 0.112403 0.113546 0.0697387 0.12198 0.095054 0.0731372 0.126918 0.0998839 
0.0430124 0.0283564 0.0688126 0.100522 0.0465739 0.0910044 0.0152816 0.38204 0.0904919 0.133904 
0.0461527 0.0909665 0.10938 0.115952 0.0748584 0.093266 0.0371963 0.183612 0.119146 0.129471 
0.0659402 0.0225524 0.0335737 0.167583 0.0313741 0.307777 0.010773 0.144986 0.107724 0.107717 
0.0708961 0.0091021 0.0358357 0.0962194 0.038102 0.0993447 0.00948455 0.444481 0.0911991 0.105336 
0.043722 0.116751 0.0729413 0.0807124 0.128645 0.0893931 0.0472455 0.12061 0.115131 0.184849 
0.0518867 0.0322023 0.0460445 0.0771932 0.0756501 0.135996 0.0325941 0.314373 0.099847 0.134213 
0.0334317 0.211908 0.104801 0.116033 0.0604339 0.0973423 0.0769741 0.0749905 0.133952 0.0901337 
