0.0638259 0.0317615 0.0878714 0.16314 0.0547893 0.0856437 0.0372358 0.257937 0.0908541 0.126942 
0.103927 0.0467314 0.172518 0.17055 0.0152858 0.273802 0.0932418 0.00977373 0.0869745 0.0271963 
0.0388881 0.148804 0.117886 0.108362 0.0801074 0.113901 0.0797051 0.117966 0.100373 0.0940068 
0.280692 0.0245131 0.0833446 0.118395 0.039228 0.119275 0.0579724 0.0894586 0.0945445 0.092577 
0.111733 0.0409542 0.0810026 0.0637105 0.191886 0.0821781 0.0790637 0.122084 0.0780562 0.149332 
0.0256236 0.182403 0.10341 0.123924 0.0733356 0.0952059 0.0608012 0.122686 0.107572 0.105039 
0.0504475 0.0488302 0.0463829 0.0814251 0.222888 0.136582 0.074584 0.106949 0.10062 0.131291 
0.0290375 0.11464 0.075554 0.0928946 0.123252 0.157252 0.0674559 0.0964654 0.108116 0.135333 
0.103313 0.0344735 0.040838 0.0401451 0.176393 0.118266 0.20881 0.046053 0.104388 0.127321 
0.0176284 0.0258714 0.0391299 0.052528 0.180106 0.0635159 0.0387782 0.203034 0.107254 0.272154 
0.310728 0.034149 0.0877161 0.112783 0.0459337 0.150119 0.0548445 0.0477074 0.0926987 0.0633206 
0.108088 0.0548985 0.101188 0.163346 0.0754208 0.117819 0.146641 0.0425599 0.11476 0.0752788 
0.0459204 0.0530576 0.0658847 0.0951761 0.143403 0.101791 0.0647447 0.145691 0.092506 0.191825 
0.315773 0.0244148 0.0713111 0.0825882 0.054059 0.134372 0.0411409 0.0834938 0.113423 0.0794239 
0.0208849 0.2314 0.108089 0.148126 0.0516931 0.0917784 0.0553487 0.0824677 0.11341 0.0968019 
0.0981023 0.0683454 0.0742592 0.159159 0.0697166 0.25566 0.0420902 0.0674568 0.114703 0.0505074 
0.084934 0.0358577 0.0647449 0.0703853 0.124655 0.111646 0.0676168 0.135846 0.0912319 0.213083 
0.0725053 0.020765 0.0713157 0.241081 0.0621333 0.0787149 0.032375 0.259883 0.0698775 0.0913499 
0.0506646 0.0447288 0.103391 0.240074 0.0745151 0.185713 0.059096 0.0723534 0.125502 0.0439623 
0.0474765 0.0534481 0.0716979 0.079262 0.234218 0.0983013 0.0733063 0.103327 0.0843145 0.154648 
0.0401316 0.0606521 0.0413658 0.122777 0.127871 0.115801 0.0253112 0.150872 0.105 0.210218 
0.0729674 0.0596446 0.082614 0.143708 0.0775537 0.169749 0.159203 0.0519514 0.0975252 0.085083 
0.0431981 0.0954101 0.0830391 0.0958251 0.144036 0.0627134 0.178712 0.121829 0.0609199 0.114318 
0.0798501 0.0500417 0.0601169 0.0968591 0.0991382 0.282465 0.109509 0.0391679 0.101779 0.0810729 
0.0625301 0.0722417 0.0722095 0.0829596 0.17973 0.103031 0.0905821 0.120023 0.0762721 0.140422 
0.423908 0.0051456 0.0539218 0.0406866 0.0496922 0.129935 0.10346 0.0569863 0.0752282 0.0610367 
0.0621027 0.0419128 0.0627787 0.118217 0.0831667 0.120922 0.0278642 0.236606 0.0691094 0.17732 
0.064817 0.0361392 0.0759338 0.0675961 0.237894 0.0960061 0.0788632 0.0891202 0.0740795 0.179551 
0.314686 0.0202207 0.0685366 0.12747 0.0330753 0.122149 0.0299148 0.0783127 0.0932631 0.112372 
0.0301522 0.162154 0.0866855 0.130813 0.0766903 0.145928 0.0943098 0.0741245 0.101155 0.0979874 
0.0451198 0.0520968 0.0544915 0.260909 0.0329539 0.177155 0.0288724 0.126822 0.100871 0.120709 
0.0377814 0.166789 0.0948178 0.11847 0.0945554 0.0904883 0.0720625 0.105418 0.0905532 0.129064 
0.0451029 0.0613244 0.0690863 0.224127 0.0947945 0.196551 0.0438955 0.062426 0.108468 0.0942242 
0.217135 0.0197023 0.0628659 0.04039 0.121103 0.164378 0.182467 0.0438288 0.0843978 0.063732 
0.0427912 0.0595309 0.101617 0.130745 0.0560118 0.0767814 0.0308783 0.230378 0.100232 0.171034 
0.0725084 0.077888 0.254899 0.120343 0.0230166 0.14988 0.0696887 0.0413925 0.137188 0.0531954 
0.0590924 0.0374467 0.106461 0.214801 0.0415336 0.0840591 0.0302157 0.190547 0.111904 0.123939 
0.0260731 0.200011 0.0890335 0.115948 0.0652188 0.110218 0.0699715 0.0999957 0.101018 0.122512 
0.109113 0.108049 0.183592 0.184774 0.014513 0.126648 0.0541402 0.0286268 0.128262 0.0622826 
0.0268771 0.216564 0.0965295 0.139553 0.0497114 0.102595 0.0680408 0.0640161 0.137472 0.098641 
0.0467899 0.172065 0.129403 0.11747 0.0631317 0.0855943 0.0802429 0.109684 0.0929241 0.102696 
0.0493956 0.04934 0.0745017 0.135891 0.0901535 0.12454 0.0481593 0.216852 0.0781169 0.133051 
0.0217652 0.0795706 0.052197 0.0851759 0.226714 0.0837903 0.0578728 0.124294 0.0957825 0.172838 
0.0722713 0.0937831 0.135938 0.112431 0.0733855 0.105397 0.0607326 0.0678965 0.172934 0.105232 
0.0338101 0.0708371 0.112652 0.185683 0.0726891 0.155145 0.0960813 0.0696316 0.104864 0.0986069 
0.105206 0.0620487 0.0521528 0.158745 0.0726485 0.201274 0.0595586 0.0516283 0.104686 0.132052 
0.0174593 0.15269 0.0961774 0.15023 0.0867361 0.130085 0.0637821 0.0774362 0.10858 0.116824 
0.0833599 0.129257 0.18267 0.11278 0.0569106 0.0777399 0.160109 0.0481801 0.0651135 0.0838802 
0.0275227 0.029753 0.0276545 0.085429 0.285609 0.117071 0.042629 0.0799558 0.092064 0.212312 
0.0564817 0.0373559 0.0844518 0.0533916 0.276821 0.0632743 0.0866653 0.133136 0.0842047 0.124218 
0.104569 0.0448474 0.0757819 0.128881 0.0580009 0.176956 0.211314 0.048696 0.0815665 0.0693868 
0.0846325 0.0646761 0.0643073 0.306489 0.0666143 0.146527 0.0455305 0.0777575 0.0932374 0.0502286 
0.0932937 0.0754739 0.0642429 0.109317 0.142903 0.168065 0.0598177 0.0672633 0.0991356 0.120487 
0.0954797 0.0828176 0.0673263 0.114154 0.114944 0.198605 0.085034 0.0605964 0.110729 0.0703137 
0.0585953 0.0336249 0.229234 0.0714309 0.0626694 0.0591206 0.306817 0.0383682 0.0995428 0.0405972 
0.263527 0.0301687 0.058268 0.0985284 0.0471732 0.160491 0.0612461 0.0502332 0.119215 0.111149 
0.0649321 0.0274998 0.0720469 0.0697866 0.291559 0.0826592 0.0783997 0.0935958 0.0865091 0.133012 
0.0418281 0.16901 0.0915117 0.118469 0.0731177 0.0985136 0.0557845 0.134279 0.102964 0.114523 
0.0497205 0.0342622 0.048616 0.0727676 0.173962 0.082796 0.0675305 0.14265 0.0819031 0.245792 
0.103946 0.0959315 0.0818192 0.101751 0.0995888 0.141169 0.0693893 0.114735 0.117526 0.0741439 
0.0306977 0.049559 0.058822 0.25891 0.0591063 0.0586158 0.0232411 0.3445 0.0493932 0.0671549 
0.0908302 0.0462758 0.164014 0.0654356 0.0461159 0.118461 0.0734705 0.0530943 0.196987 0.145316 
0.0497167 0.0658237 0.0932133 0.0819655 0.138298 0.14759 0.0823566 0.0766304 0.10775 0.156656 
0.0329181 0.096043 0.163541 0.165762 0.0553841 0.0991676 0.0500262 0.0569557 0.152638 0.127563 
0.0232574 0.0271777 0.0911187 0.145343 0.0764019 0.0559906 0.0241226 0.320307 0.107555 0.128726 
0.0516805 0.0897507 0.06526 0.0953967 0.173059 0.122142 0.0768538 0.0859685 0.098111 0.141777 
0.07268 0.0614335 0.120458 0.171454 0.0811367 0.0851087 0.11224 0.11774 0.089214 0.0885359 
0.0918866 0.0393531 0.0633914 0.0427783 0.241363 0.0558303 0.0784376 0.122814 0.0773704 0.186775 
0.0379838 0.0621793 0.0566235 0.262361 0.0781397 0.156185 0.0337726 0.0760775 0.11702 0.119657 
0.389961 0.0149286 0.0960736 0.0642618 0.0166151 0.152713 0.0729945 0.0751027 0.0739061 0.0434437 
0.0803722 0.0239855 0.0888447 0.182364 0.0483089 0.0431334 0.026138 0.329404 0.0813747 0.0960743 
0.451745 0.0147899 0.0544108 0.0918732 0.020746 0.148658 0.0622096 0.0294969 0.0817455 0.044325 
0.109743 0.0396132 0.24006 0.213763 0.0312954 0.124287 0.0443649 0.0339823 0.123443 0.0394492 
0.0204427 0.0992298 0.0525906 0.141986 0.0321103 0.0989935 0.0198982 0.167668 0.137451 0.22963 
0.0263894 0.193545 0.100849 0.116886 0.0618283 0.118703 0.066482 0.084091 0.11637 0.114856 
0.020862 0.0902513 0.0714231 0.122889 0.100732 0.0792431 0.0418126 0.250102 0.0918375 0.130848 
0.0748747 0.130002 0.0917356 0.191333 0.0635856 0.13541 0.0304774 0.06776 0.0999372 0.114884 
0.0729922 0.0528416 0.0992738 0.0999707 0.0909484 0.161941 0.0866706 0.13324 0.0845346 0.117587 
0.0213355 0.0851272 0.0576818 0.125112 0.115637 0.136772 0.051154 0.11087 0.121656 0.174653 
0.0195654 0.0162847 0.0395205 0.0867494 0.0319553 0.064592 0.0138097 0.420575 0.119156 0.187792 
0.0403555 0.0554517 0.0459428 0.102789 0.131007 0.12438 0.044723 0.223669 0.0740006 0.157681 
0.0735729 0.0396575 0.0815533 0.0964673 0.0910941 0.159007 0.161114 0.0986848 0.087845 0.111004 
0.0502856 0.0814272 0.336272 0.150325 0.0275752 0.0839494 0.0539186 0.0305955 0.128321 0.0573307 
0.0482763 0.0505842 0.0522673 0.103176 0.0962893 0.0993516 0.0401213 0.272616 0.071445 0.165873 
0.0677749 0.0733892 0.062267 0.0770286 0.098949 0.217042 0.0780534 0.0545161 0.187274 0.0837055 
0.0353404 0.0318703 0.0301707 0.078227 0.318274 0.0874901 0.0682402 0.0890334 0.0799442 0.18141 
0.0186257 0.0678326 0.0855969 0.125347 0.0553318 0.0896188 0.0310991 0.30207 0.0963447 0.128133 
0.0543283 0.0362445 0.029207 0.219899 0.131355 0.190006 0.0562994 0.149378 0.0675034 0.0657793 
0.0643625 0.0311532 0.11522 0.110555 0.102851 0.0992604 0.263983 0.0569411 0.0691756 0.0864974 
0.0263979 0.210576 0.113162 0.115846 0.0772621 0.102976 0.0801061 0.0728179 0.12269 0.0781659 
0.102769 0.083183 0.0514112 0.216478 0.0396902 0.151376 0.0162155 0.117482 0.0903656 0.131029 
0.0302756 0.0646065 0.123146 0.07622 0.0758992 0.0919923 0.267544 0.0574572 0.0974894 0.115369 
0.0395837 0.109958 0.0812394 0.102578 0.151279 0.113784 0.0713438 0.0903591 0.109996 0.129879 
0.0548656 0.0665176 0.0530975 0.237605 0.040927 0.153217 0.0182795 0.112585 0.112626 0.150279 
0.0122805 0.195368 0.105682 0.134906 0.0827997 0.101173 0.0818442 0.0626457 0.132793 0.0905086 
0.0432621 0.0414422 0.0430534 0.0397935 0.241949 0.0532185 0.111078 0.109173 0.0875443 0.229487 
0.0330813 0.158355 0.0861458 0.115148 0.0923305 0.126532 0.0728755 0.0966825 0.0954224 0.123427 
0.0272891 0.0760768 0.0923513 0.111937 0.0757232 0.119993 0.0668524 0.219375 0.107654 0.102747 
0.113456 0.0649651 0.118925 0.100046 0.0524451 0.156536 0.242857 0.0299039 0.0780853 0.0427797 
0.0247596 0.0435084 0.0486628 0.0786076 0.135352 0.0679921 0.0449751 0.191851 0.0843869 0.279904 
0.0736161 0.0629819 0.152264 0.119526 0.065061 0.085468 0.191365 0.0688016 0.0955185 0.0853977 
0.321163 0.0272396 0.085589 0.0897622 0.054742 0.142449 0.0658266 0.0520911 0.0947544 0.0663838 
0.0496386 0.0172496 0.0211006 0.133089 0.0613853 0.328166 0.0236182 0.118321 0.121961 0.125471 
0.0693535 0.033466 0.0808498 0.0767198 0.274263 0.08301 0.0853897 0.116133 0.0698702 0.110945 
0.0651289 0.0540342 0.0739114 0.0964587 0.11658 0.151262 0.0723431 0.115338 0.0953189 0.159625 
0.0513984 0.0481648 0.0773801 0.0902539 0.131441 0.111266 0.0782598 0.122686 0.0923537 0.196796 
0.105289 0.0421637 0.226735 0.164752 0.0283317 0.107726 0.0603374 0.0562039 0.140431 0.0680297 
0.0829368 0.158817 0.117099 0.111139 0.0450556 0.130169 0.0877659 0.0531046 0.144247 0.0696661 
0.0363394 0.0507144 0.0333088 0.102388 0.14624 0.171893 0.0458349 0.116721 0.0958742 0.200686 
0.0609545 0.0554089 0.0775219 0.0570678 0.181323 0.0772705 0.0913408 0.162474 0.0814272 0.155211 
0.0589727 0.127072 0.110486 0.150175 0.0433578 0.165578 0.0426007 0.0372793 0.169556 0.0949212 
0.0197183 0.140722 0.0965304 0.127139 0.0566462 0.0957759 0.0460159 0.180281 0.106843 0.130328 
0.0608558 0.0848403 0.0750452 0.195514 0.0661034 0.174489 0.0479532 0.0669711 0.116034 0.112193 
0.0276113 0.0547852 0.0713747 0.0837761 0.145499 0.0779318 0.0588222 0.154612 0.100597 0.224991 
0.0263777 0.100586 0.117099 0.100821 0.10158 0.0748651 0.0818356 0.15125 0.110126 0.13546 
0.0475494 0.0779576 0.0810662 0.0926985 0.152896 0.105877 0.112558 0.0796937 0.110388 0.139316 
0.0259235 0.0784378 0.0845907 0.101781 0.191152 0.0765258 0.0748538 0.116534 0.0977708 0.15243 
0.0541839 0.0355745 0.0622995 0.0604459 0.316173 0.0622173 0.0753433 0.0705144 0.106021 0.157227 
0.0703359 0.0611138 0.0709501 0.0852903 0.163464 0.0960898 0.0760543 0.11126 0.0973676 0.168074 
0.0962287 0.0286624 0.120694 0.0722702 0.0640152 0.135531 0.0748877 0.137922 0.134513 0.135276 
0.0522716 0.0272518 0.053335 0.177733 0.0670331 0.278834 0.0694013 0.0403878 0.128994 0.104758 
0.0664935 0.0372617 0.120344 0.0497456 0.140274 0.0891913 0.11311 0.10073 0.130644 0.152206 
0.0348948 0.0855207 0.0847187 0.128077 0.110575 0.0979959 0.0664404 0.19629 0.0844536 0.111033 
0.0521822 0.0692982 0.110656 0.101029 0.089153 0.101631 0.187784 0.0680058 0.0908558 0.129405 
0.0341199 0.0253663 0.0226877 0.0998037 0.266518 0.04048 0.0309658 0.204832 0.101261 0.173966 
0.0326073 0.108256 0.10389 0.0905356 0.132129 0.103919 0.0627027 0.106064 0.107579 0.152316 
0.230329 0.0223069 0.151817 0.172174 0.0415139 0.109706 0.0309478 0.0800158 0.0823095 0.0788802 
0.0788167 0.0669126 0.0526597 0.0635463 0.108716 0.284052 0.0549017 0.0526453 0.136188 0.101562 
0.0243843 0.0576346 0.0641144 0.123459 0.0512407 0.211696 0.0385065 0.0608243 0.233571 0.134569 
0.0654498 0.0555002 0.080934 0.117317 0.0886509 0.22313 0.0420947 0.0570947 0.126782 0.143047 
0.0386742 0.0391348 0.0663081 0.0795501 0.114963 0.142175 0.268883 0.0679254 0.0826397 0.0997461 
0.0726474 0.0311599 0.0734539 0.0718081 0.0967835 0.181869 0.29333 0.0421309 0.0805644 0.0562529 
0.0742662 0.0472672 0.0691276 0.18181 0.0317797 0.338526 0.0644418 0.0257272 0.108856 0.058198 
0.0437371 0.0568468 0.140676 0.125365 0.0994264 0.0486724 0.0464968 0.216033 0.106958 0.115788 
0.0443572 0.114758 0.0776661 0.123811 0.0586144 0.168857 0.058913 0.0480427 0.173682 0.131299 
0.0228296 0.231903 0.110375 0.150239 0.0486202 0.0878202 0.0586744 0.0720999 0.130394 0.0870442 
0.255895 0.0363534 0.091391 0.11673 0.0513438 0.146519 0.0674583 0.0518154 0.106662 0.0758316 
0.032526 0.219695 0.118392 0.132114 0.0395223 0.118044 0.0620383 0.0606193 0.129803 0.087245 
0.0543253 0.0366368 0.1269 0.104599 0.0905272 0.102157 0.245344 0.0783178 0.0800575 0.081135 
0.0477877 0.0491656 0.0837001 0.0591222 0.177209 0.0758131 0.100259 0.121192 0.118414 0.167337 
0.0753355 0.0784112 0.087 0.0928366 0.087746 0.158138 0.178507 0.0549755 0.0990924 0.0879577 
0.047 0.0436958 0.071664 0.154087 0.0409695 0.0404817 0.0218209 0.435173 0.0647814 0.0803267 
0.0381475 0.070838 0.120391 0.205639 0.0982476 0.0881031 0.0239291 0.136697 0.123863 0.0941436 
0.0304374 0.183106 0.125002 0.138302 0.0525104 0.0966038 0.0702818 0.0990156 0.10844 0.0963014 
0.0296994 0.0442999 0.0830015 0.0764273 0.0879176 0.0737734 0.0465937 0.219783 0.130065 0.208439 
0.0376064 0.175636 0.0794693 0.124789 0.0672382 0.129512 0.0781885 0.0962239 0.111989 0.0993473 
0.082156 0.0667411 0.0859603 0.0902021 0.0807366 0.135224 0.0669039 0.0736945 0.172147 0.146234 
0.0471972 0.0543329 0.331406 0.177753 0.0339965 0.0763095 0.105118 0.0310497 0.0684741 0.0743629 
0.276624 0.0426803 0.067513 0.11539 0.0563897 0.132127 0.0734261 0.0507227 0.10412 0.0810069 
0.0510389 0.0847878 0.0792565 0.102182 0.103586 0.133814 0.0737399 0.0611099 0.122596 0.18789 
0.0599863 0.0507249 0.0700248 0.0935343 0.137494 0.119978 0.0796229 0.0983711 0.0849182 0.205346 
0.100304 0.0388423 0.126856 0.133985 0.084901 0.140703 0.0273478 0.115696 0.121372 0.109992 
0.117441 0.0620508 0.0581226 0.0772797 0.117992 0.23642 0.055968 0.0644326 0.119954 0.0903395 
0.11021 0.0774267 0.0762295 0.140351 0.0504151 0.177087 0.0369005 0.0719403 0.1343 0.12514 
0.0341811 0.18364 0.0839622 0.123557 0.0815056 0.0790446 0.0791838 0.122965 0.0811716 0.13079 
0.0419922 0.0731288 0.0512097 0.0574547 0.150597 0.283819 0.085185 0.0347369 0.121374 0.100502 
0.079655 0.02635 0.104197 0.0773077 0.154181 0.138592 0.166888 0.103396 0.0548254 0.0946073 
0.200224 0.0363498 0.0864678 0.108865 0.0570862 0.133533 0.0860204 0.077344 0.101707 0.112403 
0.0875638 0.0764899 0.119001 0.298966 0.0386438 0.101384 0.0540034 0.116999 0.0602011 0.0467483 
0.0407023 0.103194 0.0764005 0.0855814 0.155394 0.105713 0.0994385 0.109133 0.0825554 0.141888 
0.0193328 0.0795441 0.0749506 0.0861332 0.280727 0.0831725 0.0632919 0.0947754 0.110089 0.107983 
0.131293 0.036097 0.095186 0.112835 0.0666406 0.179508 0.222992 0.0473019 0.0572851 0.0508608 
0.0797641 0.0484905 0.0385452 0.13155 0.0537663 0.346505 0.0220672 0.0308199 0.14721 0.101281 
0.0310079 0.0229034 0.0437598 0.0703713 0.350862 0.0432395 0.0501025 0.135573 0.0707565 0.181424 
0.049148 0.0584744 0.113518 0.0946406 0.172013 0.0940557 0.160084 0.0630712 0.0746737 0.120321 
0.100234 0.0405308 0.0420513 0.171109 0.0578752 0.31041 0.0588468 0.0403733 0.116188 0.0623822 
0.0656947 0.0465008 0.0755341 0.0506744 0.184904 0.070349 0.0682105 0.145688 0.101516 0.190928 
0.0694491 0.0830047 0.0873044 0.0862498 0.0945873 0.185086 0.0606391 0.130848 0.101358 0.101474 
0.0302054 0.209623 0.109603 0.12152 0.0536448 0.097785 0.0748034 0.0819442 0.114915 0.105956 
0.0490905 0.0462174 0.0492999 0.0691509 0.248261 0.108864 0.059566 0.114209 0.0726352 0.182706 
0.0352169 0.0787004 0.0693293 0.0976183 0.212122 0.12517 0.0843245 0.0782561 0.0871736 0.132089 
0.0196911 0.0909777 0.111075 0.14911 0.0196741 0.044956 0.0184955 0.264147 0.098883 0.182991 
0.141237 0.147864 0.156775 0.161389 0.0161916 0.18343 0.0247325 0.0101771 0.123442 0.0347632 
0.133838 0.0612942 0.0682413 0.183485 0.0682496 0.174726 0.0364037 0.093052 0.104011 0.076699 
0.055981 0.106759 0.19624 0.120673 0.0799421 0.0921991 0.0707009 0.0561046 0.131781 0.0896187 
0.0554343 0.106506 0.0930339 0.125474 0.0779965 0.115526 0.0721523 0.14435 0.0928379 0.11669 
0.0417117 0.178211 0.127932 0.12084 0.055821 0.094836 0.0723438 0.092861 0.108834 0.10661 
0.048081 0.0541382 0.0766448 0.123037 0.108694 0.136881 0.0683509 0.104245 0.136167 0.143761 
0.0303378 0.217743 0.109111 0.147927 0.0529675 0.0875819 0.0617997 0.0966393 0.094092 0.1018 
0.0382165 0.144098 0.113302 0.116719 0.0356244 0.192126 0.047438 0.0363104 0.201851 0.0743133 
0.0336144 0.179321 0.0886166 0.15806 0.059631 0.095331 0.0628561 0.116787 0.0927117 0.113072 
0.0301443 0.093425 0.100613 0.162776 0.0498595 0.154216 0.0884689 0.0353121 0.21303 0.072155 
0.0691156 0.0887024 0.0720918 0.115146 0.0994111 0.178147 0.074638 0.077004 0.120624 0.10512 
0.41014 0.00993575 0.070456 0.102214 0.0232424 0.158982 0.0573961 0.0488259 0.0736753 0.0451325 
0.077291 0.0855439 0.0801588 0.18114 0.0712004 0.138967 0.0734566 0.0531748 0.145823 0.0932442 
0.0448375 0.0438567 0.0613148 0.0615345 0.176596 0.0665898 0.0755448 0.12009 0.0849927 0.264644 
0.0412769 0.115957 0.189661 0.328963 0.00948658 0.0980568 0.0429361 0.0190004 0.119741 0.0349217 
0.101092 0.0665026 0.0835211 0.15638 0.0603836 0.21789 0.0297828 0.0509558 0.100571 0.132921 
0.547898 0.0157327 0.0376391 0.0535361 0.0152547 0.153597 0.0156085 0.058549 0.0655889 0.0365961 
0.049147 0.155736 0.101115 0.137645 0.0811005 0.116022 0.0727981 0.0789556 0.102122 0.105359 
0.0269185 0.224668 0.0984007 0.114092 0.0685818 0.0745787 0.05835 0.0956368 0.127751 0.111022 
0.0302627 0.153348 0.0989199 0.126159 0.0850855 0.143217 0.0770168 0.0761853 0.105266 0.104539 
0.224765 0.0315164 0.116443 0.0943995 0.0437191 0.164655 0.0748973 0.0492964 0.098088 0.10222 
0.0187925 0.0621751 0.0689889 0.129577 0.188611 0.0937751 0.0712798 0.11774 0.0868547 0.162206 
0.27322 0.0259454 0.0701742 0.110881 0.0447183 0.152578 0.0252756 0.0781042 0.10149 0.117613 
0.0408158 0.106375 0.101974 0.146199 0.0874471 0.170465 0.0946119 0.058133 0.119481 0.0744985 
0.022246 0.213912 0.110564 0.131453 0.0472798 0.111897 0.0673596 0.0654988 0.143407 0.0863825 
0.0547154 0.0507366 0.0936182 0.0971938 0.0840124 0.157914 0.25063 0.0267898 0.116639 0.0677508 
0.0372696 0.0495145 0.0687061 0.0866378 0.210842 0.121446 0.0580945 0.120686 0.0964932 0.150311 
0.0400577 0.0767617 0.23274 0.203661 0.0213605 0.0806347 0.0325213 0.0558407 0.149595 0.106828 
0.049714 0.0199806 0.11247 0.405235 0.013415 0.187662 0.020786 0.0237237 0.0998603 0.0671535 
0.140617 0.0276413 0.11651 0.0916541 0.0747704 0.0496441 0.275713 0.0839778 0.0736679 0.0658043 
0.042498 0.183486 0.11548 0.110205 0.0742946 0.0981156 0.0754758 0.0838962 0.119533 0.0970158 
0.0410878 0.177734 0.0807872 0.133515 0.0650721 0.10189 0.0815085 0.108123 0.0968048 0.113477 
0.0393114 0.151506 0.113704 0.11597 0.0827306 0.106926 0.0815246 0.116326 0.0985415 0.0934599 
0.0647446 0.0943665 0.0668271 0.191289 0.0821248 0.133416 0.0466844 0.11627 0.0902356 0.114042 
0.0186268 0.0407675 0.0235764 0.0815511 0.137539 0.182097 0.0408743 0.123414 0.117867 0.233688 
0.116175 0.0495458 0.0484376 0.141464 0.067937 0.272018 0.050641 0.0871733 0.0973937 0.0692149 
0.0638065 0.105192 0.282646 0.111887 0.0540307 0.0861828 0.0949618 0.0449923 0.102998 0.053303 
0.0170145 0.0588308 0.019664 0.0816431 0.129727 0.196033 0.0330203 0.169867 0.0947823 0.199419 
0.0810477 0.0266435 0.0547576 0.0879273 0.164151 0.122413 0.121165 0.113766 0.0826443 0.145485 
0.0832531 0.0649112 0.0586168 0.135554 0.073156 0.151146 0.0505639 0.144116 0.113269 0.125414 
0.0216154 0.0623551 0.0379539 0.109724 0.123804 0.148624 0.0576252 0.174166 0.0841439 0.179989 
0.0467912 0.121346 0.103887 0.159389 0.0773076 0.110686 0.0409897 0.0986015 0.112272 0.128731 
0.0200431 0.0685339 0.0471281 0.116499 0.169441 0.102256 0.0441223 0.123755 0.0970138 0.211207 
0.238056 0.0191731 0.0817824 0.105737 0.062177 0.136725 0.0483279 0.0742036 0.0837098 0.150108 
0.0449366 0.0747601 0.0861059 0.242079 0.0429009 0.126559 0.026942 0.104545 0.0956518 0.155519 
0.082305 0.0904095 0.0639324 0.074683 0.0970981 0.228135 0.141345 0.0242557 0.12919 0.0686467 
0.076402 0.0664509 0.0689728 0.11977 0.0625373 0.186685 0.0442226 0.187939 0.106336 0.0806848 
0.100602 0.0699948 0.0467476 0.189149 0.0425315 0.206888 0.0210009 0.0519948 0.11163 0.159462 
0.0628166 0.0245977 0.0354783 0.0861199 0.0867509 0.138565 0.0420977 0.253413 0.0723685 0.197792 
0.113193 0.0502675 0.14464 0.215079 0.0671697 0.104405 0.075393 0.0590393 0.0892384 0.0815759 
0.0669101 0.0194772 0.378356 0.121197 0.036688 0.111364 0.0396002 0.0420544 0.0855213 0.0988325 
0.0308191 0.0306969 0.0631936 0.103299 0.0510694 0.0784323 0.0329546 0.309907 0.0939216 0.205707 
0.0584789 0.135294 0.111518 0.103999 0.0843664 0.109279 0.0981067 0.107355 0.0915997 0.100004 
0.082293 0.113223 0.208697 0.182687 0.050823 0.0955289 0.0519745 0.0716819 0.0979097 0.0451827 
0.0253009 0.0995884 0.0789918 0.155978 0.0831368 0.179015 0.0353172 0.0996002 0.148506 0.0945651 
0.059238 0.0982387 0.0993661 0.0735525 0.1524 0.0960205 0.0879956 0.101198 0.0998493 0.132141 
0.0381462 0.184535 0.106152 0.118402 0.0557697 0.106225 0.0705525 0.10661 0.108381 0.105227 
0.0560275 0.0693132 0.0749734 0.13386 0.0781099 0.121839 0.0556428 0.175505 0.0925563 0.142173 
0.0685029 0.0642881 0.0928944 0.215589 0.0328934 0.133067 0.0510324 0.146629 0.0925617 0.102542 
0.0663102 0.157033 0.100955 0.189987 0.0502735 0.126459 0.0340632 0.0574428 0.113 0.104476 
0.0398667 0.0712447 0.105533 0.118652 0.0643142 0.206188 0.108821 0.021315 0.190722 0.0733437 
0.0250378 0.0423863 0.065557 0.127797 0.0656042 0.128131 0.0266042 0.196463 0.142568 0.179851 
0.0606216 0.0759753 0.0746935 0.135015 0.0861457 0.113041 0.0619246 0.148971 0.0863233 0.157289 
0.092502 0.0260729 0.068418 0.0848455 0.0909139 0.114884 0.0691285 0.183615 0.0819711 0.187648 
0.0349036 0.0883652 0.177521 0.26526 0.0631729 0.076038 0.0856067 0.0630771 0.0574702 0.0885851 
0.04606 0.216709 0.17867 0.123165 0.0513336 0.0644234 0.126311 0.0424944 0.0910919 0.0597413 
0.0446298 0.0351614 0.0455777 0.0518265 0.286133 0.0719822 0.0837632 0.0915328 0.0872743 0.202119 
0.0295286 0.218692 0.0906888 0.13679 0.0608313 0.08958 0.0681042 0.101426 0.0949862 0.109373 
0.0698619 0.0698464 0.0697227 0.157721 0.0632746 0.221387 0.0733801 0.0461234 0.133926 0.0947576 
0.107596 0.0407212 0.0808693 0.125316 0.0919641 0.172368 0.0557287 0.104515 0.10039 0.120531 
0.0647908 0.0342617 0.0904743 0.0481084 0.0572883 0.106002 0.0577256 0.0869798 0.251861 0.202508 
0.0323965 0.0667445 0.0896387 0.107814 0.139648 0.0825098 0.0888288 0.173699 0.0787679 0.139953 
0.0561616 0.0865243 0.148863 0.139524 0.0634297 0.100533 0.0824411 0.100916 0.0930614 0.128546 
0.0734255 0.0873315 0.0791379 0.216229 0.072727 0.161381 0.115246 0.0540312 0.0879266 0.0525645 
0.412158 0.0113558 0.160845 0.0746266 0.016068 0.0933097 0.0651155 0.0291524 0.111264 0.0261046 
0.0383951 0.110175 0.118784 0.106684 0.0810085 0.0910355 0.0981247 0.0663441 0.120891 0.168559 
0.0742487 0.0237827 0.0466131 0.043938 0.258219 0.0601953 0.109005 0.119231 0.0759376 0.18883 
0.0440413 0.126613 0.14985 0.187988 0.0384954 0.10033 0.138413 0.0486519 0.107751 0.0578657 
0.0222044 0.0674026 0.0375271 0.0889808 0.242308 0.121104 0.0391498 0.109542 0.0798897 0.191891 
0.0463982 0.154957 0.0954932 0.102683 0.0779847 0.111398 0.0919376 0.0952496 0.113226 0.110673 
0.0259143 0.0569531 0.0382406 0.0842302 0.173738 0.0958447 0.057038 0.119708 0.0948119 0.253521 
0.0939429 0.0653278 0.0492356 0.126992 0.0796619 0.236448 0.0551115 0.0559301 0.100547 0.136803 
0.068601 0.0403562 0.0808763 0.184034 0.0563358 0.0789924 0.0311007 0.228948 0.0930672 0.137689 
0.0409489 0.0926369 0.0758221 0.163606 0.0831069 0.0948395 0.0517258 0.173636 0.0828926 0.140785 
0.0374745 0.186847 0.180022 0.162811 0.0287832 0.0918861 0.0614718 0.0342154 0.135963 0.0805257 
0.038544 0.129242 0.134803 0.171721 0.0371291 0.150648 0.0824624 0.033044 0.147873 0.0745332 
0.0899321 0.0225853 0.249872 0.190696 0.0480336 0.0589156 0.172033 0.026641 0.0871647 0.0541265 
0.262685 0.0338959 0.0806706 0.110338 0.0443699 0.140925 0.140119 0.0494702 0.0914381 0.0460872 
0.103387 0.0536522 0.0738668 0.0594294 0.0650861 0.160469 0.0436686 0.0749838 0.194388 0.17107 
0.0590391 0.145635 0.0948081 0.137118 0.0254169 0.184201 0.0243035 0.108327 0.121211 0.099941 
0.0296349 0.0632737 0.0902554 0.118526 0.051504 0.0616265 0.0246582 0.384637 0.0633157 0.112569 
0.0299869 0.0686839 0.064564 0.158506 0.0644016 0.115217 0.0444545 0.220485 0.0900265 0.143675 
0.0314221 0.135038 0.0814307 0.122979 0.117983 0.135986 0.0398699 0.0997491 0.0895624 0.14598 
0.0206241 0.232085 0.11004 0.145559 0.0548413 0.0902364 0.0586905 0.0746495 0.112195 0.10108 
0.139829 0.0575271 0.0514486 0.149192 0.0506534 0.217762 0.0533966 0.0309175 0.153233 0.0960403 
0.0142744 0.249009 0.0911499 0.128093 0.0755239 0.0721632 0.0584885 0.0869764 0.101114 0.123208 
0.0857886 0.0289447 0.0900575 0.128184 0.102746 0.161622 0.0809101 0.0605104 0.143363 0.117873 
0.261053 0.0187338 0.0752385 0.140993 0.0364752 0.112499 0.0560937 0.153788 0.0740342 0.0710921 
0.0622897 0.0964687 0.0774713 0.205271 0.0471862 0.198087 0.0183765 0.0671937 0.12328 0.104376 
0.289005 0.0170831 0.0652674 0.147796 0.0413723 0.148622 0.0407297 0.0854785 0.0724499 0.0921954 
0.0322422 0.196621 0.0799172 0.142426 0.0605631 0.0999719 0.0699761 0.110548 0.0910891 0.116645 
0.0509056 0.0470625 0.0574835 0.0836008 0.104392 0.0866531 0.0575347 0.157439 0.128529 0.2264 
0.020049 0.0447221 0.0624377 0.108143 0.115622 0.0767457 0.0418639 0.223194 0.109557 0.197665 
0.0419788 0.0435836 0.0737734 0.0796655 0.207995 0.0932986 0.0853945 0.117883 0.0776034 0.178825 
0.0256155 0.2151 0.119416 0.157275 0.0403233 0.0934817 0.0620347 0.0790758 0.125165 0.082514 
0.0278958 0.054394 0.0678121 0.103728 0.100708 0.107408 0.0457434 0.092351 0.195859 0.204102 
0.072208 0.0450411 0.252697 0.128712 0.0420922 0.105704 0.0786999 0.0492742 0.141428 0.084144 
0.0383719 0.190468 0.0879193 0.142578 0.0634476 0.0796037 0.0678996 0.128982 0.0838901 0.116841 
0.0590973 0.172203 0.13964 0.201134 0.0235716 0.0993154 0.106001 0.0154067 0.139507 0.0441235 
0.0342388 0.0382404 0.0605054 0.0812778 0.148776 0.0652626 0.0649365 0.110404 0.104132 0.292226 
0.0482114 0.117214 0.0932539 0.130557 0.0688776 0.101254 0.0677078 0.145916 0.1018 0.125209 
0.0706503 0.0764851 0.0417166 0.108378 0.102247 0.197878 0.0475654 0.13094 0.118773 0.105367 
0.0817413 0.0416805 0.0584344 0.0790054 0.099291 0.143432 0.0503488 0.152067 0.0918675 0.202131 
0.0399488 0.0464451 0.261732 0.289604 0.0445654 0.0875965 0.0728989 0.0283373 0.0716126 0.0572595 
0.0355654 0.0779068 0.107797 0.103807 0.0758971 0.163575 0.215807 0.0288997 0.118444 0.0723009 
0.0564764 0.0401659 0.05292 0.0912147 0.294961 0.0391991 0.0184921 0.20021 0.0854297 0.120931 
0.0340638 0.174258 0.0929564 0.143124 0.0557495 0.113517 0.0639982 0.0797796 0.14217 0.100383 
0.0673653 0.0828412 0.0899663 0.133768 0.103947 0.215244 0.0656406 0.0482137 0.124127 0.0688867 
0.0264714 0.101472 0.0582881 0.0854004 0.182816 0.138569 0.0565741 0.0962171 0.111359 0.142833 
0.108447 0.196168 0.132396 0.184229 0.0128072 0.149228 0.0559403 0.0105348 0.114934 0.0353153 
0.0347884 0.0484455 0.0531665 0.0703199 0.124398 0.106645 0.0480585 0.190312 0.100047 0.22382 
0.0328823 0.110871 0.21575 0.11658 0.0929733 0.0625872 0.0854516 0.0476396 0.102411 0.132853 
0.239852 0.0353335 0.0715463 0.109228 0.0545535 0.159325 0.0401832 0.0829443 0.110284 0.0967492 
0.0508862 0.063514 0.0432944 0.0818326 0.228705 0.13825 0.0442924 0.0988519 0.0785419 0.171831 
0.422237 0.0115356 0.0819869 0.144995 0.0123171 0.126946 0.0299897 0.0389883 0.0619786 0.0690257 
0.317767 0.0213486 0.0882107 0.108801 0.0272166 0.166345 0.0622626 0.0959982 0.0665797 0.0454704 
0.0901415 0.08516 0.21532 0.164616 0.0299636 0.156202 0.0852119 0.0116958 0.0989393 0.06275 
0.0630005 0.131708 0.0918981 0.150359 0.0500153 0.150398 0.0261343 0.0576721 0.147521 0.131294 
0.0385059 0.0816004 0.0759882 0.115624 0.108739 0.145131 0.101434 0.114593 0.102534 0.115851 
0.0293557 0.0664713 0.0887127 0.131035 0.131169 0.0828549 0.0849963 0.180653 0.0982339 0.106518 
0.0198214 0.229373 0.102102 0.123293 0.0642318 0.0853509 0.0768352 0.0946159 0.102061 0.102316 
0.061103 0.0567273 0.219112 0.0979977 0.0695678 0.102608 0.0698902 0.0839691 0.121814 0.117211 
0.0275531 0.0819661 0.0471215 0.0862603 0.21679 0.119927 0.0533872 0.12853 0.0935285 0.144936 
0.400521 0.0159539 0.131817 0.0398189 0.0155319 0.166668 0.0567074 0.0488853 0.103098 0.0209973 
0.056192 0.116133 0.173643 0.230792 0.019691 0.104267 0.0800169 0.0304566 0.119245 0.0695626 
0.0326374 0.0838969 0.0842087 0.109141 0.0981076 0.096989 0.0719518 0.128301 0.122349 0.172417 
0.034127 0.0549116 0.0658225 0.0620493 0.238161 0.0945888 0.0734874 0.110903 0.128914 0.137036 
0.0522535 0.0998665 0.156032 0.266803 0.0403726 0.133755 0.0416705 0.047306 0.0812057 0.0807344 
0.0749487 0.0925351 0.0784193 0.190396 0.0766052 0.148647 0.0464694 0.0852632 0.108823 0.0978932 
0.47875 0.00603965 0.0701291 0.0922027 0.0243027 0.0926315 0.0783042 0.0298446 0.0871628 0.0406332 
0.311251 0.0169599 0.0690682 0.080901 0.0590754 0.131879 0.101883 0.050828 0.0945999 0.0835538 
0.0677792 0.0652168 0.0771818 0.1825 0.138903 0.185436 0.0612835 0.0821002 0.0857301 0.0538693 
0.0242288 0.222981 0.0964251 0.139508 0.0636576 0.0998521 0.069764 0.0744611 0.102298 0.106823 
0.0705901 0.0270612 0.0538311 0.0673004 0.119786 0.0653488 0.0699112 0.135721 0.134763 0.255686 
0.0617109 0.0824584 0.0708609 0.062208 0.0883929 0.162163 0.262612 0.0260314 0.113773 0.0697897 
0.0469619 0.0711813 0.0422921 0.0723078 0.131753 0.208625 0.0653481 0.121845 0.152199 0.0874873 
0.123002 0.0506556 0.119732 0.228133 0.127336 0.079087 0.0638066 0.0556928 0.0896483 0.0629063 
0.105251 0.0429466 0.0708565 0.122132 0.0848038 0.300547 0.0687286 0.0281563 0.127754 0.0488241 
0.027647 0.149327 0.0658536 0.144037 0.0634608 0.127353 0.0465011 0.150301 0.0986187 0.1269 
0.0321988 0.0768367 0.087189 0.141809 0.0502905 0.127407 0.0538158 0.183829 0.105295 0.141329 
0.0190313 0.0783158 0.0361252 0.110637 0.13308 0.110014 0.0346078 0.156799 0.106259 0.21513 
0.0570037 0.1036 0.100177 0.242041 0.047833 0.133155 0.0327209 0.0699532 0.119282 0.0942355 
0.135076 0.0687271 0.0957906 0.121498 0.0497035 0.158381 0.0671332 0.10384 0.0950182 0.104833 
0.0410209 0.0517743 0.103749 0.0607414 0.147964 0.0954988 0.0801785 0.101135 0.127085 0.190853 
0.0652362 0.148942 0.200774 0.137654 0.0143516 0.145307 0.0728593 0.0137475 0.140461 0.0606682 
0.393918 0.0133808 0.0575142 0.0618917 0.0542631 0.127387 0.0658104 0.0415926 0.0854761 0.0987669 
0.0302694 0.0848574 0.0773768 0.0910852 0.0814561 0.114706 0.0525062 0.184145 0.133316 0.150282 
0.0194951 0.236446 0.107879 0.141407 0.0603615 0.0791548 0.0618762 0.0904073 0.100208 0.102765 
0.0298049 0.22271 0.0995311 0.141852 0.0628717 0.0846089 0.0661169 0.0947238 0.0880701 0.109711 
0.0456411 0.158716 0.184639 0.191368 0.0592317 0.0908789 0.0807467 0.0364331 0.0924824 0.0598629 
0.0231433 0.228317 0.094213 0.135392 0.0613036 0.0849132 0.0648877 0.105824 0.0907639 0.111242 
0.0936434 0.0497824 0.0618755 0.102598 0.109846 0.241201 0.0455205 0.0757603 0.145779 0.0739937 
0.0702745 0.0769143 0.0636014 0.244111 0.0547797 0.145273 0.0234198 0.12066 0.102849 0.0981176 
0.0674738 0.116077 0.131788 0.194952 0.0675302 0.128089 0.0579227 0.0584233 0.103791 0.0739526 
0.0413403 0.0703638 0.0735797 0.0729142 0.179118 0.0980108 0.0399197 0.146649 0.0911602 0.186945 
0.0551643 0.0251226 0.0744716 0.193269 0.0570688 0.0689411 0.0333546 0.272423 0.0773142 0.142871 
0.144691 0.0278729 0.0868538 0.115472 0.0614338 0.262555 0.017251 0.0440785 0.144484 0.0953091 
0.0662981 0.0778568 0.152322 0.0930465 0.067745 0.158309 0.223665 0.01939 0.0856343 0.0557326 
0.0478266 0.0938346 0.111264 0.198292 0.0326773 0.14101 0.0746499 0.107821 0.10025 0.0923757 
0.0413088 0.0762857 0.102804 0.107781 0.132998 0.0825704 0.145136 0.106895 0.070228 0.133993 
0.0292524 0.204838 0.0942705 0.142771 0.0545709 0.105306 0.0615989 0.092168 0.106876 0.108349 
0.1144 0.0932337 0.0535431 0.285253 0.0338904 0.180277 0.0222976 0.0379727 0.111875 0.0672574 
0.0679327 0.0970421 0.0982152 0.118886 0.0639215 0.209098 0.0867875 0.0351703 0.154114 0.0688316 
0.0158263 0.253828 0.0974473 0.117197 0.0683195 0.0768795 0.0499715 0.103803 0.101135 0.115592 
0.224807 0.029454 0.0739444 0.121882 0.0423463 0.149997 0.0454772 0.0575021 0.128754 0.125836 
0.0553466 0.0907047 0.0261675 0.0774323 0.100335 0.313871 0.0573837 0.0483735 0.133948 0.0964375 
0.0381129 0.182319 0.107651 0.135454 0.0480582 0.119572 0.0789372 0.0835395 0.128755 0.0776022 
0.024951 0.0648353 0.101524 0.176027 0.0749506 0.0978136 0.0459919 0.177997 0.0963667 0.139543 
0.0215154 0.186748 0.0887367 0.138787 0.0708649 0.0979875 0.0537714 0.102724 0.0962249 0.14264 
0.0827315 0.0505293 0.0757944 0.123976 0.0723328 0.279944 0.0568473 0.0369473 0.137105 0.0837923 
0.255739 0.0478007 0.0712165 0.211517 0.0285225 0.14834 0.0388578 0.0527437 0.117904 0.0273604 
0.0712744 0.0330986 0.0909081 0.101725 0.0903376 0.0842637 0.176096 0.0618052 0.142653 0.147839 
0.0576088 0.185545 0.124149 0.0924478 0.0737759 0.0897486 0.0896238 0.0748326 0.116432 0.0958367 
0.0709772 0.102708 0.0853237 0.0897071 0.0564277 0.139858 0.0886935 0.0353228 0.193794 0.137188 
0.0708782 0.046086 0.0231512 0.113308 0.068407 0.309912 0.0211635 0.0765641 0.109483 0.161047 
0.0656911 0.132208 0.0807963 0.150922 0.0683805 0.107376 0.0733806 0.11941 0.0854945 0.116342 
0.030776 0.0800114 0.0375762 0.124526 0.151511 0.0917119 0.0344511 0.213142 0.104549 0.131745 
0.0366195 0.0588192 0.0452772 0.0855213 0.202226 0.119467 0.0821123 0.111272 0.0992379 0.159448 
0.0377225 0.0400055 0.084166 0.103795 0.445108 0.0342275 0.0330984 0.113937 0.054893 0.0530469 
0.034211 0.0376129 0.0838202 0.112762 0.0955079 0.137322 0.229938 0.0613094 0.114881 0.0926365 
0.0763268 0.042411 0.146271 0.163007 0.0710845 0.0710518 0.0180098 0.209649 0.107408 0.094781 
0.0312965 0.0922328 0.185008 0.280982 0.0164468 0.118263 0.116632 0.0241139 0.0915564 0.0434689 
0.112138 0.0598254 0.0785777 0.0952277 0.0810344 0.24858 0.0510148 0.0368576 0.129304 0.10744 
0.210208 0.0311982 0.0692982 0.104353 0.0637894 0.155356 0.0677671 0.0629616 0.105842 0.129225 
0.0404617 0.0738736 0.120712 0.101522 0.0791717 0.0965607 0.150537 0.12886 0.121465 0.0868359 
0.0681045 0.045272 0.0807604 0.107325 0.0978421 0.281013 0.0484262 0.0798243 0.124665 0.0667675 
0.0544289 0.0836704 0.115595 0.104979 0.0803516 0.139022 0.160164 0.0585593 0.109163 0.0940675 
0.101968 0.058516 0.0500529 0.199628 0.0659907 0.152582 0.020807 0.116204 0.0989094 0.135343 
0.0263371 0.0593205 0.0748838 0.159816 0.0734975 0.0733743 0.0360794 0.284856 0.0649453 0.146891 
0.0338488 0.133509 0.241365 0.278279 0.0163704 0.0835297 0.0781046 0.0345697 0.070998 0.0294271 
0.255663 0.0355372 0.13618 0.151773 0.0543024 0.0863943 0.0619462 0.0676168 0.0960782 0.0545095 
0.0626398 0.0946961 0.101752 0.101028 0.0485759 0.17785 0.0448477 0.0673793 0.190878 0.110354 
0.0556368 0.0824168 0.129505 0.0991004 0.0899176 0.112306 0.0467476 0.0834823 0.158371 0.142516 
0.0882049 0.0652256 0.0478266 0.0695946 0.0920637 0.285808 0.0590477 0.0444687 0.134525 0.113236 
0.023692 0.0745986 0.0586664 0.0939302 0.189976 0.1058 0.0605611 0.121205 0.0898429 0.181728 
0.0366259 0.168304 0.108385 0.134099 0.0559392 0.100879 0.0629803 0.110969 0.104586 0.117232 
0.0259675 0.205106 0.0998991 0.144156 0.0560751 0.0900747 0.0740292 0.0830973 0.104949 0.116646 
0.0692688 0.0386632 0.0791418 0.0901058 0.218113 0.0962579 0.0768547 0.0851072 0.0738782 0.172609 
0.45882 0.0175686 0.0782906 0.037874 0.0199671 0.209678 0.0515318 0.0249193 0.0819205 0.0194307 
0.0480456 0.0871733 0.0915223 0.238809 0.0809184 0.0563027 0.0538513 0.172805 0.0743594 0.096213 
0.0527789 0.0727916 0.0552928 0.266421 0.0501363 0.183377 0.0546552 0.0724864 0.0956869 0.0963741 
0.0634925 0.0621782 0.0911396 0.144819 0.0674638 0.109535 0.0535049 0.172517 0.0901769 0.145173 
0.0737439 0.0369152 0.115939 0.0909832 0.0796809 0.168631 0.24605 0.0738328 0.0595908 0.0546333 
0.0396776 0.201498 0.105128 0.134264 0.0553336 0.0970215 0.0681771 0.0921598 0.102222 0.104517 
0.122591 0.0494245 0.0593597 0.133376 0.0645249 0.183782 0.114235 0.0653154 0.106324 0.101068 
0.0428577 0.121982 0.179475 0.129901 0.0808176 0.0785409 0.0663228 0.08966 0.112602 0.0978402 
0.0593421 0.181088 0.118386 0.11352 0.0608342 0.113083 0.0719017 0.0753051 0.114906 0.0916338 
0.0182922 0.0939358 0.0465773 0.127184 0.122866 0.138015 0.0516381 0.142029 0.0959953 0.163467 
0.103917 0.0147089 0.287853 0.1213 0.0459603 0.0847541 0.0783283 0.0682215 0.111151 0.0838051 
0.144119 0.0300525 0.0935441 0.101741 0.0690709 0.185693 0.0740358 0.0794457 0.133763 0.0885353 
0.045479 0.0470965 0.122388 0.0659144 0.0865045 0.0916699 0.264056 0.0724369 0.0930093 0.111445 
0.0304827 0.176357 0.104374 0.132544 0.0642172 0.0935742 0.0623541 0.11515 0.0978008 0.123146 
0.119387 0.0498369 0.0644694 0.0956659 0.12891 0.0900572 0.0561463 0.109891 0.0957955 0.18984 
0.0828014 0.0607772 0.0357624 0.15259 0.0515362 0.270941 0.0608119 0.0489206 0.125823 0.110037 
0.0320663 0.0741376 0.196629 0.180841 0.0535972 0.08348 0.096335 0.067147 0.140497 0.0752706 
0.0865663 0.0747136 0.0698286 0.146002 0.0611839 0.27018 0.0571423 0.0413102 0.114375 0.0786979 
0.0541017 0.0422491 0.0596571 0.0704791 0.225129 0.13114 0.0780252 0.105994 0.0780713 0.155154 
0.0955779 0.0272113 0.0766101 0.0615165 0.264974 0.0402855 0.11001 0.0783184 0.0567186 0.188777 
0.151235 0.0220502 0.273583 0.108358 0.0203634 0.0943356 0.0588715 0.0469143 0.122117 0.102172 
0.0489166 0.138287 0.0835198 0.11905 0.0571213 0.167497 0.0650762 0.0612364 0.151067 0.10823 
0.0670347 0.0545093 0.116901 0.263335 0.0731175 0.16703 0.0362662 0.107326 0.0748615 0.0396186 
0.0683629 0.0591488 0.0790463 0.0583957 0.111543 0.159269 0.0915816 0.114319 0.124965 0.133368 
0.0534072 0.101128 0.14737 0.158912 0.036888 0.115495 0.0757066 0.110549 0.110934 0.0896104 
0.0395276 0.0377881 0.0777152 0.109081 0.284264 0.0760441 0.0400206 0.105622 0.0785034 0.151434 
0.15494 0.0195294 0.0342052 0.131147 0.0503607 0.286244 0.0859669 0.0391627 0.117285 0.0811594 
0.356057 0.0264753 0.0469159 0.133726 0.036722 0.12303 0.0140194 0.0537073 0.0697311 0.139616 
0.0953991 0.0931352 0.081695 0.31282 0.020327 0.155001 0.0341029 0.0474467 0.116171 0.0439028 
0.0194892 0.198835 0.0892872 0.123777 0.0771151 0.0972702 0.0825937 0.0922013 0.101463 0.117968 
0.0314549 0.0344024 0.0665609 0.131301 0.0660105 0.0793473 0.0197183 0.371721 0.080546 0.118938 
0.0318242 0.0915751 0.0743754 0.13956 0.0654504 0.127022 0.0505458 0.160668 0.110391 0.148587 
0.0469026 0.028332 0.0255557 0.259602 0.0344153 0.308579 0.0117265 0.10107 0.101621 0.0821954 
0.0680142 0.0123838 0.0365781 0.178727 0.0356637 0.104378 0.0164397 0.322878 0.0935283 0.131409 
0.0329501 0.134111 0.0713759 0.0958341 0.119037 0.10598 0.0659752 0.0930469 0.102077 0.179613 
0.0584412 0.0325368 0.0356845 0.121658 0.0699662 0.151638 0.0437034 0.248954 0.0762303 0.161188 
0.0247363 0.226799 0.102953 0.146894 0.050401 0.0933672 0.0780411 0.0750907 0.11564 0.0860779 
