0.0479693 0.0234681 0.107074 0.144128 0.0544815 0.108427 0.0284023 0.279017 0.0798056 0.127227 
0.0851478 0.0592513 0.234136 0.172101 0.0086343 0.203003 0.124692 0.00878829 0.0887407 0.0155072 
0.0363546 0.167522 0.126867 0.127639 0.0678797 0.104172 0.0937847 0.114254 0.0907652 0.0707611 
0.277004 0.018333 0.116467 0.100455 0.0354067 0.126289 0.063515 0.0971147 0.0861204 0.0792956 
0.0643397 0.0361231 0.092972 0.070999 0.197549 0.114127 0.0718684 0.0949963 0.104791 0.152235 
0.0255731 0.176409 0.120565 0.128468 0.0725935 0.102305 0.0673692 0.110718 0.103351 0.0926483 
0.0315261 0.0472111 0.054752 0.0762894 0.24019 0.133642 0.0732797 0.105127 0.10671 0.131273 
0.0189357 0.119786 0.111838 0.078567 0.0923587 0.149195 0.0669011 0.0916743 0.0862296 0.184514 
0.0745406 0.0509477 0.0492496 0.0487875 0.172693 0.120731 0.257786 0.0467683 0.101469 0.0770275 
0.0213379 0.0228533 0.0481883 0.0564913 0.20496 0.0951927 0.0355145 0.17177 0.105581 0.238111 
0.249146 0.0188406 0.118166 0.103514 0.0438745 0.155546 0.0544213 0.0439813 0.140051 0.0724577 
0.0893527 0.0424915 0.113367 0.161965 0.0837358 0.0928653 0.148695 0.0529991 0.145372 0.0691569 
0.033822 0.0402812 0.0833606 0.123312 0.134616 0.106741 0.0718706 0.132826 0.0819492 0.191222 
0.272022 0.0180418 0.102283 0.0889498 0.0499838 0.132754 0.042039 0.0848776 0.115419 0.0936304 
0.0237553 0.240706 0.0860905 0.154497 0.05136 0.0962637 0.0664083 0.0881976 0.10555 0.0871717 
0.0652252 0.04723 0.106624 0.133154 0.0628309 0.255547 0.0484189 0.0829718 0.154808 0.0431903 
0.0602826 0.029013 0.0842294 0.084562 0.124847 0.116045 0.0546766 0.145559 0.0977974 0.202988 
0.0608916 0.0140037 0.0926524 0.209309 0.0502608 0.0723302 0.0207766 0.307764 0.0708123 0.101199 
0.0310297 0.0543148 0.131622 0.227602 0.0963167 0.158662 0.0645927 0.0607305 0.139879 0.0352495 
0.0449792 0.0541824 0.0876327 0.0930721 0.222213 0.110958 0.0819553 0.0837842 0.0864186 0.134805 
0.0282582 0.0526488 0.0499263 0.132178 0.138325 0.0968913 0.0233068 0.180556 0.0861854 0.211724 
0.0511159 0.0542881 0.0972992 0.123222 0.100265 0.177062 0.166055 0.0551063 0.108557 0.06703 
0.0364872 0.0704759 0.107775 0.0971929 0.165494 0.0663299 0.174284 0.128121 0.0752148 0.0786254 
0.0728201 0.0426826 0.0764599 0.0863348 0.121777 0.267196 0.113277 0.0430627 0.103051 0.0733392 
0.0502216 0.0786696 0.0805625 0.0948426 0.173954 0.121577 0.0661874 0.116094 0.0837047 0.134187 
0.357017 0.00552068 0.0922375 0.0392624 0.0607501 0.150466 0.091988 0.0494965 0.101169 0.0520927 
0.048118 0.0519625 0.0681147 0.126785 0.0734206 0.120588 0.0310699 0.231215 0.078428 0.170299 
0.0367769 0.0359841 0.085537 0.0772602 0.23866 0.113156 0.0654142 0.0999108 0.0929598 0.154341 
0.283229 0.0160165 0.111419 0.134176 0.0319129 0.121179 0.0360318 0.0750967 0.0930983 0.0978417 
0.0353103 0.150787 0.112329 0.13278 0.076842 0.126152 0.108128 0.0628427 0.105924 0.0889052 
0.0279356 0.049162 0.0763999 0.223159 0.045517 0.170433 0.0350258 0.125627 0.104971 0.14177 
0.0310703 0.165472 0.11811 0.120295 0.0701615 0.121289 0.0763232 0.0871231 0.0930531 0.117103 
0.0452539 0.0772095 0.0962045 0.191766 0.0669559 0.214884 0.0508463 0.0583846 0.100856 0.0976394 
0.152752 0.0184038 0.0929054 0.0534217 0.132812 0.163278 0.18715 0.0487992 0.0953294 0.055149 
0.0228181 0.0381569 0.106346 0.148593 0.0510046 0.0771687 0.0284146 0.268736 0.105041 0.153722 
0.0529604 0.0916579 0.308494 0.126273 0.024653 0.110888 0.0492899 0.0414948 0.159553 0.0347358 
0.0384159 0.0349454 0.151668 0.205049 0.0401852 0.0769188 0.0288756 0.217047 0.0877641 0.119131 
0.0261239 0.178446 0.104058 0.129667 0.0644221 0.1068 0.0774677 0.0991565 0.10179 0.112069 
0.103519 0.0904234 0.208548 0.195349 0.0220611 0.11727 0.0612586 0.0328869 0.107055 0.0616294 
0.0308498 0.179609 0.111395 0.152689 0.0575586 0.108176 0.0732917 0.0603493 0.121088 0.104994 
0.0557556 0.16694 0.121731 0.0962282 0.0571074 0.120637 0.0830173 0.111343 0.0858417 0.101399 
0.0364885 0.0641622 0.0994948 0.114388 0.0790831 0.144456 0.0406134 0.224718 0.0713151 0.125281 
0.0158528 0.0615416 0.0674525 0.0733854 0.252554 0.0912809 0.0583655 0.148755 0.0917174 0.139095 
0.0695508 0.0772346 0.148944 0.13517 0.0648684 0.136112 0.0678402 0.0510018 0.149268 0.100011 
0.0349587 0.0733558 0.14757 0.165528 0.067361 0.146059 0.0850461 0.0692467 0.100278 0.110597 
0.082661 0.0499316 0.0798778 0.118794 0.0823593 0.21377 0.0731883 0.0629024 0.11913 0.117386 
0.0118659 0.145419 0.138352 0.148376 0.0835334 0.126365 0.069163 0.0657747 0.100646 0.110504 
0.0525065 0.129522 0.199239 0.105252 0.0545231 0.096481 0.189498 0.0415129 0.0781321 0.0533331 
0.0166069 0.0270416 0.0400328 0.0776834 0.332698 0.102151 0.0371139 0.0852561 0.109137 0.172279 
0.0440836 0.0335453 0.0974851 0.0680645 0.261682 0.0789362 0.0682357 0.147433 0.0886866 0.111848 
0.113429 0.0472568 0.0850723 0.120009 0.074472 0.162918 0.201898 0.0481681 0.0895528 0.0572244 
0.0731667 0.0595738 0.107967 0.31071 0.0733447 0.13105 0.034809 0.0790207 0.087489 0.0428693 
0.0752789 0.0674401 0.0919228 0.1057 0.15688 0.150651 0.0773645 0.0623532 0.102626 0.109783 
0.107946 0.0640815 0.0923527 0.0984245 0.111532 0.18985 0.0871376 0.0667702 0.096247 0.0856584 
0.0433342 0.106172 0.203492 0.071173 0.0490239 0.0460411 0.324674 0.0358028 0.091143 0.0291439 
0.275611 0.0292748 0.0920755 0.0962674 0.0495143 0.150549 0.0508131 0.047861 0.10357 0.104464 
0.046018 0.0231274 0.0880218 0.0736772 0.301898 0.106844 0.0705393 0.0922099 0.0978315 0.0998329 
0.0403415 0.170003 0.11071 0.127987 0.0672059 0.101291 0.0691769 0.123563 0.0942301 0.0954915 
0.041441 0.0271488 0.052236 0.0871284 0.168065 0.0911542 0.0589753 0.152828 0.0903341 0.230689 
0.0879677 0.0841239 0.0846086 0.112339 0.116705 0.155089 0.0648535 0.11404 0.110163 0.0701105 
0.0268249 0.0440847 0.0738482 0.228178 0.0546767 0.0600427 0.0126239 0.38394 0.0518616 0.0639199 
0.0743175 0.0315882 0.202962 0.0701632 0.0525262 0.127346 0.0645314 0.039545 0.207222 0.129798 
0.0346139 0.0563022 0.113304 0.0707786 0.136408 0.141503 0.0913707 0.0796692 0.11289 0.16316 
0.0477012 0.0785459 0.192399 0.142936 0.066971 0.104278 0.0511116 0.0669535 0.127012 0.122091 
0.0234628 0.012387 0.0750355 0.100907 0.108233 0.048702 0.021567 0.384992 0.0941631 0.130551 
0.046161 0.0761262 0.0942542 0.085861 0.189219 0.130117 0.0829215 0.0701015 0.0993982 0.125841 
0.0627008 0.0404099 0.141752 0.13227 0.100627 0.0946258 0.104709 0.155526 0.0880421 0.0793371 
0.0507578 0.0348537 0.0788953 0.0453937 0.350031 0.0557493 0.0721664 0.0817927 0.0803306 0.150029 
0.0294119 0.0688132 0.104102 0.220502 0.0646545 0.16562 0.0414822 0.0835292 0.0995766 0.122308 
0.409785 0.0344527 0.0785698 0.0587515 0.0159943 0.175739 0.0544626 0.0612791 0.0686034 0.0423625 
0.0512135 0.0165322 0.0851852 0.218322 0.061537 0.0393493 0.0171142 0.35552 0.0745122 0.0807141 
0.385623 0.0110638 0.111203 0.0772588 0.0229188 0.143428 0.0621883 0.0322729 0.108722 0.0453211 
0.10691 0.0291729 0.24018 0.20772 0.0393812 0.106238 0.050461 0.0389386 0.137355 0.0436442 
0.018707 0.0791362 0.0837055 0.134117 0.0472758 0.102271 0.0258499 0.164407 0.134332 0.210199 
0.0275126 0.176985 0.108705 0.11998 0.0696905 0.120994 0.0737994 0.0821981 0.11543 0.104706 
0.016474 0.073188 0.113429 0.141946 0.109466 0.086127 0.040971 0.21638 0.0833043 0.118716 
0.0661333 0.101936 0.10487 0.191984 0.0572877 0.167437 0.0376038 0.0616172 0.103773 0.107358 
0.0491167 0.0885729 0.124504 0.108212 0.0661149 0.149417 0.0775522 0.131247 0.100933 0.10433 
0.0279209 0.106553 0.0684977 0.13302 0.0992522 0.147251 0.0545802 0.103217 0.112917 0.146791 
0.0124903 0.0182907 0.0535085 0.109976 0.036191 0.0935259 0.012828 0.366524 0.139817 0.156847 
0.0340386 0.0565094 0.0746659 0.100035 0.106251 0.142016 0.0374837 0.197486 0.0954904 0.156024 
0.0542981 0.0397504 0.130323 0.106766 0.0841307 0.150283 0.169243 0.0948046 0.104385 0.0660165 
0.0309316 0.0543464 0.455163 0.120104 0.0308992 0.065107 0.0572936 0.0343229 0.111523 0.0403103 
0.0490311 0.0496867 0.0559937 0.0849906 0.0917714 0.111444 0.0323739 0.285537 0.0735619 0.16561 
0.0448027 0.0991661 0.06599 0.0751016 0.171061 0.172706 0.0739307 0.0727596 0.131388 0.0930938 
0.0194251 0.0407043 0.0497814 0.0917754 0.31812 0.0980024 0.0553471 0.065075 0.100249 0.161521 
0.01394 0.0797027 0.114556 0.115866 0.0540279 0.10079 0.0260377 0.29511 0.0933784 0.106591 
0.0471244 0.0370572 0.0658161 0.212678 0.0893838 0.220484 0.0684677 0.116899 0.0733097 0.0687803 
0.0435499 0.0190021 0.116574 0.106018 0.121897 0.10574 0.302874 0.0640527 0.0609911 0.0593007 
0.0224227 0.200811 0.125211 0.114924 0.0752002 0.1142 0.0862398 0.0842258 0.110029 0.0667374 
0.0723206 0.0750581 0.074114 0.229524 0.0362842 0.16064 0.0157308 0.0967103 0.113935 0.125683 
0.0298539 0.0548721 0.109635 0.108487 0.0997425 0.0969882 0.243901 0.0732272 0.106158 0.0771358 
0.049673 0.0872562 0.111376 0.0831269 0.152992 0.0941427 0.0786903 0.0924018 0.101435 0.148905 
0.0339454 0.0583736 0.0805898 0.247632 0.0326453 0.158954 0.0192083 0.112363 0.115387 0.140901 
0.00989142 0.213841 0.125578 0.108803 0.0879112 0.11188 0.0717746 0.0663494 0.103046 0.100926 
0.0191582 0.0351094 0.0500568 0.0388253 0.387159 0.0561526 0.0949897 0.10668 0.0848288 0.12704 
0.0209832 0.154892 0.113931 0.114437 0.0790403 0.138581 0.0656777 0.0906884 0.0998688 0.1219 
0.0215459 0.0728163 0.113559 0.121721 0.07679 0.139983 0.0631425 0.189636 0.0843603 0.116446 
0.0749032 0.081076 0.143482 0.089254 0.060882 0.162406 0.214325 0.0464699 0.0939782 0.0332232 
0.0248502 0.0377204 0.0675223 0.0871586 0.143035 0.0764256 0.0315971 0.169772 0.09996 0.261959 
0.0716218 0.0734852 0.124301 0.138417 0.0798844 0.0994002 0.195031 0.0690385 0.0744625 0.0743581 
0.266756 0.0231414 0.113981 0.0945241 0.0351933 0.169444 0.05451 0.054092 0.108413 0.0799456 
0.0309232 0.0319986 0.0388005 0.15248 0.0499336 0.302361 0.0330716 0.0804705 0.152509 0.127453 
0.062054 0.034188 0.093366 0.0625278 0.281335 0.0859275 0.0637204 0.124895 0.0721731 0.119814 
0.0614645 0.054445 0.0853237 0.104455 0.112589 0.155835 0.0801633 0.089238 0.0908547 0.165632 
0.0457181 0.0438628 0.0782985 0.0846678 0.122246 0.134199 0.0651951 0.1302 0.102005 0.193607 
0.076176 0.0201808 0.287917 0.147961 0.0390394 0.101305 0.0597952 0.0562675 0.13495 0.0764087 
0.0740911 0.158772 0.126296 0.127147 0.0526312 0.130322 0.0743264 0.0537671 0.126892 0.0757555 
0.0277901 0.0612892 0.0443729 0.0993514 0.142284 0.166176 0.0416036 0.108471 0.0913893 0.217273 
0.05771 0.0365686 0.0901581 0.0711269 0.212896 0.0739826 0.107604 0.165333 0.0731275 0.111493 
0.0409711 0.126284 0.150263 0.142743 0.0586272 0.136738 0.0383695 0.0366796 0.169082 0.100242 
0.0193355 0.172978 0.118036 0.121797 0.0519002 0.0888983 0.0477198 0.160922 0.0959366 0.122477 
0.0687177 0.0746828 0.110596 0.167005 0.0604992 0.170623 0.0521446 0.0669282 0.106897 0.121906 
0.0187882 0.0715439 0.0879857 0.0933399 0.145686 0.0869808 0.0615213 0.131898 0.0973756 0.204881 
0.018174 0.0678356 0.103662 0.09786 0.106664 0.0777553 0.0811673 0.201435 0.097234 0.148213 
0.0295535 0.0721813 0.0903375 0.0783754 0.181038 0.112095 0.109761 0.0940391 0.102731 0.129888 
0.0208825 0.0726088 0.0976201 0.0988663 0.187403 0.0945466 0.0803348 0.0912548 0.0986655 0.157818 
0.0408518 0.0378263 0.0580104 0.063865 0.411143 0.0596004 0.0731314 0.0537831 0.0842 0.117588 
0.0463958 0.0529756 0.083857 0.0912658 0.171984 0.108192 0.0698742 0.137159 0.0897072 0.14859 
0.0481087 0.0341017 0.177824 0.0802849 0.0766885 0.140143 0.0744362 0.11594 0.13947 0.113004 
0.045721 0.030979 0.0911234 0.147845 0.0839961 0.265735 0.0511797 0.0379441 0.120258 0.125219 
0.0463279 0.0285762 0.113433 0.0631563 0.165462 0.111224 0.100481 0.120037 0.141963 0.10934 
0.0322483 0.0753658 0.0945284 0.113948 0.089656 0.0970318 0.0545357 0.249604 0.0736116 0.119471 
0.0551008 0.0657522 0.141438 0.109215 0.0875341 0.0792048 0.180658 0.0885038 0.0813688 0.111225 
0.0222215 0.0341263 0.0313057 0.138172 0.201808 0.0506015 0.040738 0.233996 0.0975005 0.14953 
0.0275751 0.0784181 0.116973 0.109884 0.151382 0.0932372 0.0636926 0.101172 0.0898591 0.167807 
0.160517 0.0203703 0.215904 0.166701 0.045654 0.0982103 0.0375437 0.083097 0.0828819 0.0891207 
0.0900379 0.0747304 0.0754256 0.0669751 0.0997352 0.264888 0.053716 0.0542924 0.117025 0.103174 
0.0183229 0.0559679 0.109673 0.122288 0.0440674 0.223138 0.0288667 0.0606788 0.195411 0.141586 
0.0652587 0.0485683 0.0960205 0.112146 0.0915966 0.217667 0.0468169 0.068933 0.130531 0.122462 
0.0373257 0.0271304 0.0922948 0.0835347 0.149741 0.14974 0.236342 0.0814497 0.0806227 0.0618193 
0.0560917 0.0257044 0.120179 0.0785182 0.0974735 0.169341 0.290959 0.0395013 0.0868132 0.0354197 
0.0675161 0.0457643 0.127287 0.15775 0.0338367 0.292093 0.083952 0.0261886 0.118202 0.04741 
0.0443262 0.046295 0.199011 0.112481 0.114138 0.0467247 0.0415161 0.216062 0.0897312 0.0897139 
0.0391657 0.11194 0.129172 0.12562 0.063173 0.140496 0.0488752 0.0462361 0.156397 0.138925 
0.0243075 0.194991 0.108668 0.156349 0.0602849 0.0897716 0.0725991 0.0746396 0.118535 0.099854 
0.20947 0.0296624 0.117294 0.103416 0.0567217 0.149062 0.0744483 0.0573417 0.117078 0.0855062 
0.0367281 0.212035 0.153562 0.126387 0.0501249 0.0960885 0.068746 0.0551066 0.117294 0.0839279 
0.0471512 0.022954 0.12983 0.101891 0.0971769 0.0864787 0.308768 0.0640533 0.0848357 0.0568609 
0.0321741 0.0369483 0.125004 0.0659844 0.173011 0.0857354 0.100774 0.0989282 0.150563 0.130877 
0.0774097 0.084378 0.099508 0.0924193 0.104571 0.163336 0.146098 0.0724748 0.0911527 0.0686521 
0.0354825 0.0487968 0.112198 0.151478 0.0573251 0.0443094 0.0167582 0.385141 0.0663835 0.0821278 
0.0407498 0.0660114 0.155379 0.178777 0.0849958 0.0990154 0.0236365 0.138107 0.0951747 0.118153 
0.0279396 0.221946 0.128423 0.113049 0.0539933 0.101529 0.0704512 0.0970282 0.100954 0.0846865 
0.0294663 0.0473417 0.129961 0.0742102 0.113477 0.0818253 0.0514416 0.193682 0.103767 0.174828 
0.0520267 0.159889 0.107549 0.114824 0.0597484 0.128987 0.088588 0.0962324 0.103094 0.089062 
0.062595 0.0722535 0.124311 0.102898 0.075327 0.136281 0.0597367 0.0690508 0.162782 0.134765 
0.0405784 0.0421897 0.409472 0.158936 0.0381351 0.0705673 0.0711469 0.024517 0.0891605 0.0552972 
0.23394 0.0323794 0.115472 0.104004 0.0592907 0.144468 0.0863829 0.0532071 0.105919 0.0649364 
0.0521575 0.0894043 0.100392 0.077633 0.104665 0.139551 0.0737465 0.0640954 0.0921338 0.206221 
0.042999 0.0446465 0.0890626 0.0908192 0.136431 0.148376 0.0736913 0.0802676 0.102824 0.190883 
0.0457208 0.0258445 0.131681 0.153893 0.114669 0.138675 0.0308432 0.104865 0.119796 0.134013 
0.105608 0.0515136 0.0788759 0.0928993 0.115417 0.213593 0.0511129 0.0703416 0.130172 0.0904672 
0.0966396 0.0749312 0.096792 0.134808 0.0434564 0.177295 0.0578826 0.0575603 0.1199 0.140735 
0.0407531 0.166475 0.112637 0.109632 0.0808669 0.0945546 0.0832328 0.111788 0.0816863 0.118373 
0.0490368 0.0545645 0.0626304 0.0636893 0.168742 0.25232 0.0943049 0.0433051 0.128724 0.0826835 
0.0555571 0.0168416 0.125392 0.0938718 0.135406 0.147627 0.183499 0.102986 0.077768 0.0610525 
0.221717 0.0321631 0.10312 0.0901366 0.0623448 0.125807 0.0863654 0.0892124 0.0890962 0.100037 
0.105001 0.0813017 0.141125 0.281465 0.0374743 0.0997447 0.0389813 0.11564 0.0626315 0.0366355 
0.0307353 0.0797833 0.078028 0.112894 0.162376 0.104554 0.107478 0.112693 0.081538 0.129921 
0.0112819 0.0550414 0.0814575 0.0746129 0.334462 0.103924 0.0645812 0.0726774 0.0978162 0.104145 
0.106916 0.0243163 0.133219 0.124276 0.0601804 0.172963 0.22883 0.0574347 0.0609254 0.0309383 
0.0904086 0.042535 0.0576185 0.0931066 0.0552877 0.312528 0.0334594 0.0363509 0.176161 0.102544 
0.0267822 0.0269007 0.0593816 0.0804431 0.331664 0.0672104 0.0494425 0.103362 0.0897425 0.165071 
0.0276965 0.0363611 0.123914 0.0820183 0.160383 0.0962556 0.245117 0.0580248 0.0847835 0.0854462 
0.083105 0.0383247 0.0881244 0.144148 0.0602203 0.290621 0.078367 0.0390785 0.116397 0.0616135 
0.0604221 0.0423037 0.116861 0.056902 0.165869 0.0924897 0.0868943 0.128961 0.121044 0.128253 
0.0508454 0.0720905 0.0842032 0.106789 0.105894 0.244813 0.0574851 0.110345 0.0898571 0.0776782 
0.0360918 0.209666 0.101658 0.126451 0.0507147 0.107721 0.0970797 0.0896798 0.0975176 0.0834197 
0.0422375 0.0418243 0.0680117 0.091776 0.24147 0.129256 0.0680128 0.0908394 0.0761938 0.150379 
0.0377344 0.0727579 0.0922719 0.0896631 0.188023 0.158397 0.0694068 0.0805454 0.0912118 0.119988 
0.0240352 0.0553523 0.161843 0.148403 0.0277778 0.0483004 0.0192489 0.225221 0.11508 0.174738 
0.0897637 0.131726 0.225898 0.157973 0.0139505 0.178591 0.0320994 0.014494 0.123341 0.032164 
0.103303 0.0599447 0.0978956 0.186975 0.0413702 0.16387 0.0485251 0.101896 0.106881 0.0893383 
0.0483841 0.0887876 0.243175 0.110816 0.0577563 0.0950287 0.075904 0.0654013 0.120031 0.094716 
0.0435079 0.104048 0.109356 0.118949 0.0707169 0.12077 0.07767 0.149239 0.0803147 0.125428 
0.050875 0.182312 0.101973 0.112644 0.0598236 0.121585 0.0797468 0.0927449 0.0994368 0.0988588 
0.0369806 0.0549963 0.120113 0.126098 0.110521 0.137828 0.073485 0.0805896 0.126482 0.132907 
0.0265579 0.189694 0.109944 0.142506 0.0575921 0.0906784 0.0729231 0.10903 0.096989 0.104085 
0.0329895 0.0916706 0.151533 0.0995474 0.0582293 0.175596 0.0655871 0.0394325 0.198564 0.0868499 
0.0358916 0.179785 0.101947 0.130738 0.0632869 0.099242 0.0622412 0.117487 0.0921025 0.117278 
0.0208004 0.112206 0.128601 0.14216 0.0699187 0.144478 0.102655 0.0471849 0.152842 0.0791529 
0.0760997 0.0974147 0.0864244 0.097947 0.103185 0.191329 0.0616689 0.0596805 0.112938 0.113313 
0.419455 0.0131881 0.0826483 0.0768072 0.0224811 0.144701 0.053607 0.049083 0.0939555 0.0440744 
0.0534864 0.0854484 0.0938738 0.159357 0.0899377 0.131512 0.0853045 0.0609576 0.140244 0.0998785 
0.0408931 0.0328373 0.0803958 0.0793477 0.178346 0.0704125 0.0868291 0.110862 0.0991593 0.220917 
0.0313494 0.0911624 0.268069 0.249991 0.00890563 0.11539 0.0593864 0.023354 0.109719 0.0426734 
0.0750684 0.0381464 0.112993 0.164425 0.0499137 0.256338 0.0363985 0.0279832 0.118318 0.120416 
0.589775 0.0106659 0.0672906 0.0452399 0.0124612 0.140709 0.0169545 0.0325816 0.0533588 0.0309639 
0.0429755 0.162381 0.123664 0.126891 0.0691607 0.118481 0.0781675 0.0829558 0.0955744 0.0997496 
0.0246748 0.197787 0.111643 0.118657 0.0781303 0.0870116 0.0570196 0.0981867 0.120308 0.106583 
0.0244544 0.146297 0.123935 0.115531 0.104315 0.143369 0.0743781 0.0679796 0.0956526 0.104089 
0.239385 0.0208033 0.106825 0.109213 0.0501302 0.174322 0.051348 0.0582435 0.105805 0.0839253 
0.015176 0.0758616 0.0977019 0.120046 0.181994 0.117188 0.0482984 0.11526 0.105527 0.122947 
0.212253 0.015631 0.106794 0.10994 0.0491265 0.152847 0.0357473 0.0979574 0.0976469 0.122057 
0.0414623 0.0902494 0.108214 0.125046 0.0889212 0.145937 0.0906494 0.061343 0.124502 0.123677 
0.0269668 0.196775 0.123965 0.127592 0.0693898 0.101331 0.0793486 0.0650838 0.112247 0.0973007 
0.0511635 0.0408684 0.134107 0.0877759 0.0994319 0.183956 0.202118 0.0241932 0.12961 0.0467762 
0.0312613 0.052905 0.0793021 0.0936938 0.204714 0.122533 0.0597166 0.117655 0.0954808 0.142739 
0.0337336 0.0730983 0.306386 0.148104 0.030982 0.0713641 0.0441343 0.0594629 0.135451 0.0972833 
0.0430909 0.020566 0.185042 0.365931 0.0142391 0.189525 0.0199472 0.0277786 0.0842393 0.0496416 
0.156264 0.0220502 0.142687 0.0652776 0.0891932 0.058143 0.249495 0.0777346 0.0704181 0.0687374 
0.040047 0.178381 0.129403 0.103148 0.0814698 0.103402 0.0654408 0.0998176 0.109178 0.0897125 
0.0638213 0.167793 0.0959467 0.115688 0.0671952 0.118376 0.0738493 0.0991184 0.0915279 0.106684 
0.0342287 0.165995 0.123198 0.122132 0.0699899 0.110661 0.0914315 0.115007 0.0918936 0.0754635 
0.0508019 0.101338 0.0904147 0.200575 0.062799 0.142298 0.0579714 0.103583 0.08178 0.108439 
0.0188172 0.0365668 0.0491143 0.0720116 0.143943 0.195566 0.0407988 0.123535 0.115793 0.203853 
0.0837272 0.0449744 0.0615991 0.132697 0.087146 0.282682 0.0546193 0.078009 0.104607 0.069939 
0.0370004 0.0860053 0.308091 0.0907291 0.0687435 0.0882829 0.108584 0.0369803 0.107911 0.067673 
0.0174605 0.0603397 0.0270759 0.103511 0.146385 0.192957 0.0276802 0.117017 0.113932 0.193641 
0.0664086 0.0384659 0.0595536 0.0958971 0.153889 0.115198 0.1011 0.125062 0.107686 0.13674 
0.0516151 0.04871 0.0935372 0.146904 0.0849814 0.140824 0.051019 0.149408 0.105315 0.127686 
0.0235543 0.063485 0.0445001 0.151965 0.0967327 0.1492 0.0424675 0.12534 0.0937218 0.209034 
0.0368477 0.112754 0.111968 0.151587 0.075975 0.122254 0.0413233 0.113369 0.10056 0.133363 
0.0195681 0.055122 0.0865013 0.110512 0.166658 0.112253 0.0430055 0.123556 0.0985631 0.18426 
0.175165 0.0162296 0.110273 0.106173 0.0581248 0.155977 0.0520597 0.0796836 0.112072 0.134242 
0.0290458 0.0594597 0.116199 0.199801 0.0564222 0.130787 0.0296573 0.112155 0.0982143 0.168259 
0.102397 0.0920993 0.070713 0.0637831 0.0923826 0.23444 0.162489 0.0219352 0.110699 0.0490611 
0.062567 0.0493474 0.0923796 0.128656 0.0814244 0.20308 0.0320855 0.161155 0.0991642 0.0901405 
0.144589 0.0746561 0.0561235 0.179757 0.0515082 0.178893 0.0297342 0.0612267 0.0972879 0.126224 
0.0461416 0.0353527 0.0545339 0.106379 0.0692201 0.143399 0.0273797 0.232701 0.0928302 0.192063 
0.0925877 0.0481012 0.214362 0.174685 0.0624292 0.105863 0.0737461 0.0570459 0.0953048 0.0758755 
0.0371848 0.0103716 0.470723 0.0994261 0.0398185 0.0974939 0.0503662 0.0355665 0.0847691 0.0742806 
0.0269177 0.0260251 0.101938 0.0995195 0.0467303 0.0759752 0.0249931 0.328346 0.0866909 0.182864 
0.0523875 0.146229 0.126532 0.0978004 0.0739584 0.125245 0.085186 0.114302 0.094046 0.0843136 
0.0528138 0.0606608 0.287644 0.138454 0.0544826 0.0981918 0.0417335 0.0734054 0.139111 0.0535035 
0.0185817 0.0890462 0.0979496 0.127576 0.11232 0.136512 0.0478774 0.106566 0.154931 0.10864 
0.0681853 0.0733504 0.110364 0.0916444 0.159178 0.0879423 0.101383 0.0997041 0.0906249 0.117623 
0.0369303 0.171266 0.132695 0.11756 0.0587903 0.101656 0.0827088 0.0944516 0.106522 0.0974196 
0.0480634 0.0837346 0.0922828 0.115502 0.0727204 0.1225 0.0413397 0.187564 0.0932297 0.143063 
0.0549476 0.0734295 0.11248 0.216374 0.0259987 0.132408 0.0424505 0.149056 0.0886705 0.104185 
0.0717683 0.102918 0.14399 0.156865 0.0612435 0.138538 0.0320883 0.0564324 0.118533 0.117623 
0.02709 0.0598132 0.14496 0.0916385 0.0847584 0.169646 0.148953 0.0222381 0.186473 0.0644293 
0.0251006 0.0356989 0.113944 0.130761 0.049669 0.12256 0.0215574 0.196135 0.133858 0.170716 
0.049629 0.0710731 0.0976058 0.129054 0.067077 0.11617 0.0555752 0.173561 0.0835251 0.15673 
0.0566416 0.032536 0.0890446 0.0895255 0.107138 0.119454 0.0687293 0.161961 0.0977897 0.177181 
0.0262536 0.095441 0.223183 0.259049 0.0588712 0.0711702 0.0958234 0.0673919 0.0563618 0.0464548 
0.023844 0.158017 0.247949 0.119909 0.0490004 0.072316 0.137514 0.034366 0.098543 0.0585405 
0.0388636 0.0362144 0.057694 0.0566936 0.33784 0.0814522 0.0781277 0.078887 0.0896565 0.144571 
0.0386527 0.203112 0.104399 0.128673 0.0643814 0.0976821 0.0802933 0.0939282 0.0861244 0.102754 
0.04961 0.0706848 0.100495 0.145984 0.0788028 0.207618 0.0751097 0.0476883 0.126327 0.0976809 
0.0605756 0.0458764 0.115649 0.11733 0.0854844 0.184493 0.0558922 0.0858076 0.1207 0.128192 
0.0602272 0.029541 0.149967 0.0515357 0.0570526 0.135385 0.0449055 0.0473937 0.252535 0.171458 
0.0271051 0.0464931 0.0829596 0.120964 0.157825 0.0779061 0.0781276 0.231759 0.0663223 0.110538 
0.0307591 0.0972617 0.145574 0.115226 0.0634918 0.120989 0.0768729 0.134815 0.100685 0.114326 
0.0987271 0.0642906 0.100979 0.181043 0.0729266 0.206781 0.0875602 0.0698708 0.0705613 0.0472598 
0.321532 0.0162697 0.202827 0.0596828 0.025279 0.0959289 0.0927401 0.0306522 0.122617 0.032471 
0.0395835 0.0783039 0.117371 0.153047 0.0975972 0.0809352 0.137808 0.0471709 0.115034 0.133149 
0.0397156 0.0295436 0.0665756 0.0504414 0.299346 0.0642473 0.0859614 0.0944569 0.103272 0.16644 
0.0480649 0.132686 0.193995 0.1421 0.0364495 0.113915 0.125786 0.0510816 0.114292 0.04163 
0.0144521 0.0456039 0.066989 0.100167 0.253084 0.122574 0.0480159 0.0868439 0.0852112 0.177059 
0.060176 0.142329 0.0939232 0.106615 0.0778895 0.131322 0.0889136 0.0850463 0.107199 0.106586 
0.0131185 0.0510972 0.0455299 0.0932326 0.198208 0.0996815 0.0418461 0.113317 0.0948692 0.2491 
0.0701533 0.0581163 0.0829951 0.129108 0.0836121 0.210554 0.059327 0.0617991 0.115502 0.128833 
0.0545727 0.0458352 0.113863 0.219021 0.0518133 0.0762064 0.0253584 0.19822 0.0880981 0.127012 
0.028145 0.0846292 0.0974535 0.132653 0.0780007 0.0958497 0.0535019 0.202377 0.0808387 0.146551 
0.0399403 0.151271 0.220158 0.142742 0.033967 0.0948413 0.0766422 0.0547445 0.118872 0.0668218 
0.0353597 0.105209 0.173423 0.150878 0.0582553 0.135109 0.0776028 0.038141 0.141891 0.0841294 
0.0513074 0.01655 0.288353 0.171557 0.0511513 0.0691468 0.168829 0.04092 0.109002 0.0331834 
0.217958 0.0201839 0.100097 0.135585 0.0626824 0.146936 0.125625 0.0591042 0.0943378 0.0374896 
0.0883589 0.0460782 0.0902859 0.0730683 0.0554063 0.202063 0.0483713 0.0550611 0.20136 0.139946 
0.0746359 0.138587 0.0911763 0.145063 0.0294555 0.172604 0.0245924 0.103622 0.138821 0.0814428 
0.024024 0.0594869 0.0864665 0.165478 0.0555462 0.0649988 0.0150921 0.37313 0.0571656 0.0986127 
0.0202615 0.084189 0.102139 0.152431 0.0579356 0.102243 0.0324371 0.23324 0.0826929 0.13243 
0.0218922 0.105646 0.11764 0.12764 0.100384 0.158555 0.0328394 0.0845277 0.105494 0.145382 
0.0207602 0.222465 0.111994 0.146114 0.0508545 0.0943456 0.0834625 0.0771843 0.105 0.0878195 
0.110784 0.0467123 0.0817313 0.143839 0.0517999 0.214801 0.0572414 0.0336395 0.15488 0.10457 
0.0144241 0.231863 0.0829821 0.137358 0.0735029 0.084872 0.0727069 0.101001 0.0929504 0.10834 
0.0602717 0.0182971 0.171605 0.120146 0.0793168 0.144481 0.0818661 0.0423913 0.161698 0.119928 
0.299713 0.0270805 0.0860619 0.133277 0.0342225 0.102646 0.0589995 0.127811 0.0549157 0.0752733 
0.0605251 0.0490774 0.124565 0.211459 0.0458487 0.225845 0.022194 0.0508347 0.103875 0.105775 
0.237763 0.0168493 0.120383 0.118095 0.041257 0.129811 0.0458364 0.0897092 0.0814843 0.118811 
0.0401505 0.194178 0.103482 0.12844 0.0611812 0.105729 0.0750799 0.0971632 0.0864016 0.108195 
0.044262 0.0464944 0.0743074 0.0842006 0.11668 0.107217 0.0460407 0.129871 0.127324 0.223604 
0.0131187 0.0545162 0.0724711 0.128958 0.111752 0.0729777 0.0289688 0.162114 0.109362 0.245761 
0.0262982 0.0279979 0.0854931 0.0744291 0.235631 0.0983566 0.0736866 0.0993019 0.0948541 0.183952 
0.0258321 0.209057 0.106098 0.147384 0.0496525 0.105497 0.0646959 0.0817688 0.123735 0.0862802 
0.02478 0.0304155 0.121645 0.0933431 0.100887 0.103756 0.0520731 0.0815789 0.175621 0.2159 
0.0392441 0.0495508 0.286754 0.101318 0.0470158 0.106661 0.0787442 0.0794913 0.132523 0.078698 
0.0457946 0.189334 0.118396 0.112237 0.0649727 0.0969327 0.075375 0.110742 0.0774355 0.10878 
0.0495554 0.157179 0.175784 0.177666 0.0210747 0.105804 0.110796 0.0204159 0.151405 0.0303214 
0.0272026 0.0260612 0.0792626 0.0957043 0.159169 0.0867989 0.0699318 0.117243 0.105529 0.233098 
0.0359706 0.10762 0.137223 0.113672 0.074563 0.105943 0.0571648 0.148907 0.0930793 0.125857 
0.0715091 0.065647 0.0458148 0.127119 0.103364 0.179915 0.0663432 0.12224 0.116204 0.101844 
0.0651977 0.0449443 0.0865946 0.0785791 0.118587 0.130223 0.0545982 0.144674 0.0991303 0.177471 
0.0354405 0.0523948 0.317203 0.219431 0.0524201 0.0790534 0.103396 0.0373091 0.0752662 0.0280859 
0.027804 0.0696765 0.132285 0.102341 0.0861012 0.152108 0.211666 0.0426663 0.121555 0.0537968 
0.0556874 0.0148315 0.0708401 0.0987864 0.398019 0.0286374 0.026465 0.14729 0.0508541 0.108589 
0.0432724 0.1696 0.112696 0.133818 0.0501237 0.136163 0.0784412 0.0680878 0.110677 0.0971198 
0.0526724 0.0648519 0.10714 0.096008 0.135284 0.196962 0.0997523 0.0565839 0.100997 0.0897491 
0.0200321 0.0849457 0.0818262 0.0942849 0.165696 0.162494 0.0463412 0.0863833 0.104143 0.153854 
0.116866 0.130063 0.180823 0.180333 0.0131786 0.157382 0.0570506 0.0135984 0.122682 0.0280226 
0.025697 0.0523797 0.071716 0.072622 0.125119 0.121833 0.0387227 0.168757 0.10579 0.217362 
0.0180822 0.102267 0.28162 0.128744 0.0807807 0.0630035 0.107751 0.0361958 0.0957685 0.0857867 
0.257729 0.0203411 0.110045 0.100899 0.0361878 0.156751 0.0417643 0.0767882 0.0932401 0.106255 
0.0439256 0.0475932 0.0635218 0.108601 0.23126 0.128435 0.0473303 0.0804718 0.0818561 0.167006 
0.394676 0.010129 0.137371 0.109084 0.0152394 0.138428 0.029014 0.0334091 0.0743885 0.0582614 
0.331099 0.0301164 0.0868089 0.08758 0.0271317 0.165679 0.0534397 0.0793068 0.084399 0.0544401 
0.0624013 0.0939941 0.274631 0.157769 0.0206337 0.128342 0.101099 0.0135244 0.103771 0.0438346 
0.0488006 0.079726 0.140566 0.149708 0.0356768 0.157087 0.0240302 0.0566706 0.152242 0.155493 
0.0421419 0.0989056 0.0885592 0.100895 0.12246 0.150657 0.115651 0.0929111 0.0931744 0.0946436 
0.0147684 0.0497408 0.13111 0.130607 0.116039 0.0883999 0.0755201 0.201212 0.0960678 0.0965348 
0.0291248 0.223209 0.0995518 0.123905 0.0649595 0.0975456 0.089385 0.0864745 0.0933428 0.0925022 
0.0436956 0.0526532 0.187572 0.0970951 0.0953029 0.0859218 0.0866071 0.116709 0.105666 0.128776 
0.0220702 0.0496522 0.0705013 0.0928101 0.218971 0.124297 0.0559701 0.128868 0.101817 0.135042 
0.269635 0.02953 0.175239 0.0561171 0.0138878 0.233203 0.0464218 0.0318343 0.11752 0.0266117 
0.0469228 0.122522 0.205185 0.190365 0.0220406 0.122135 0.0907991 0.0372826 0.113426 0.049321 
0.0240317 0.072118 0.127474 0.0946788 0.0958721 0.102277 0.0685824 0.141548 0.106158 0.16726 
0.0239721 0.0524088 0.0936356 0.0635539 0.285429 0.0911699 0.0823869 0.0861615 0.0930451 0.128237 
0.0688456 0.100606 0.163597 0.213537 0.0546578 0.1423 0.0430305 0.0503906 0.0822979 0.0807369 
0.0526546 0.0933349 0.0911136 0.190435 0.0708527 0.148443 0.0552442 0.0915354 0.102674 0.103713 
0.392404 0.00439604 0.126572 0.0962229 0.0248898 0.103315 0.0766584 0.0417523 0.0967183 0.0370712 
0.260559 0.0125357 0.104883 0.0792953 0.0628827 0.14983 0.0875214 0.0516917 0.111957 0.078844 
0.0595621 0.0404042 0.121078 0.208667 0.11339 0.184898 0.0602752 0.0692647 0.0963623 0.0460993 
0.0217404 0.23495 0.0929308 0.147909 0.0542683 0.109368 0.0809525 0.0729022 0.102142 0.0828371 
0.0450979 0.0271158 0.0886603 0.0784007 0.127075 0.0898076 0.0668092 0.126083 0.159925 0.191026 
0.0745741 0.0926615 0.0678344 0.0662598 0.092736 0.183583 0.236467 0.0323067 0.104909 0.048668 
0.0420556 0.106331 0.0399993 0.081766 0.120278 0.218753 0.0613002 0.0917786 0.177661 0.0600781 
0.149534 0.0233835 0.172711 0.199775 0.109024 0.0845191 0.0733754 0.037443 0.0987375 0.0514974 
0.0726143 0.0358928 0.0792271 0.100464 0.0857672 0.310725 0.0939216 0.0260313 0.155853 0.0395041 
0.0259917 0.151213 0.0781889 0.130414 0.0581508 0.125251 0.0472308 0.167629 0.0981537 0.117777 
0.0297076 0.092563 0.122296 0.118542 0.0468676 0.12129 0.0485812 0.180804 0.0964717 0.142877 
0.0177685 0.0810188 0.0566196 0.104439 0.136463 0.128148 0.0295482 0.152124 0.110932 0.182939 
0.0573564 0.0989151 0.125875 0.192286 0.0616914 0.133095 0.0297101 0.086614 0.109588 0.104868 
0.147137 0.0718633 0.108428 0.125675 0.0531851 0.134321 0.0506514 0.101124 0.0801504 0.127465 
0.0359193 0.0340552 0.110559 0.0781702 0.184907 0.0956086 0.0835404 0.0962407 0.133306 0.147694 
0.0647008 0.125195 0.216688 0.132182 0.0206338 0.14684 0.0890278 0.0112629 0.132844 0.0606255 
0.32331 0.010338 0.0767613 0.0781427 0.0477916 0.137938 0.0708055 0.0460108 0.132438 0.0764645 
0.0234582 0.0796962 0.121378 0.0871489 0.0705053 0.11686 0.0422273 0.213058 0.113182 0.132486 
0.0173346 0.215967 0.104101 0.148556 0.0592862 0.0870096 0.0692137 0.0985522 0.100292 0.0996875 
0.0275266 0.194947 0.111879 0.137315 0.058714 0.0987726 0.0779013 0.0928771 0.0922892 0.107778 
0.0444004 0.153939 0.258369 0.147682 0.062946 0.0815637 0.0691248 0.03016 0.103287 0.0485278 
0.0196728 0.219208 0.0912412 0.12816 0.0620512 0.0823452 0.0700657 0.132251 0.0936689 0.101336 
0.0783531 0.0539783 0.0972375 0.103354 0.0670333 0.250392 0.0458702 0.065432 0.161565 0.0767848 
0.0498142 0.0714524 0.0865071 0.222304 0.0595716 0.156566 0.0226859 0.125501 0.113749 0.0918499 
0.0469045 0.085938 0.148515 0.166619 0.0640321 0.136465 0.07109 0.0727305 0.118503 0.0892032 
0.0255009 0.0547798 0.0909228 0.0891175 0.178737 0.108943 0.0379739 0.132782 0.0908159 0.190428 
0.0345081 0.0328815 0.0905791 0.228445 0.0558577 0.0768073 0.0230935 0.253395 0.0674855 0.136948 
0.125113 0.0143018 0.121898 0.102427 0.0636163 0.286076 0.0268364 0.0311281 0.147275 0.0813276 
0.0582522 0.0697721 0.158313 0.0889505 0.07448 0.154334 0.235349 0.0346893 0.0865797 0.0392801 
0.0335287 0.0957584 0.122447 0.224604 0.0272396 0.127767 0.0946796 0.10067 0.0919275 0.0813788 
0.0444434 0.0853488 0.0787924 0.110088 0.127804 0.0906755 0.144697 0.147502 0.0644388 0.10621 
0.0302318 0.203351 0.0906996 0.139819 0.0517458 0.109287 0.0692039 0.0899334 0.106451 0.109278 
0.123375 0.071945 0.0897379 0.25581 0.0307726 0.196038 0.0249118 0.0357462 0.0911408 0.0805232 
0.0531671 0.0998823 0.1206 0.125502 0.0618711 0.200883 0.0815753 0.0304778 0.148882 0.0771598 
0.0175548 0.20074 0.0879159 0.149977 0.0621683 0.0839846 0.0526796 0.122508 0.0976495 0.124823 
0.235863 0.0264492 0.10451 0.109917 0.0517957 0.131693 0.0449947 0.0620824 0.102167 0.130527 
0.0393578 0.101185 0.0317815 0.0926239 0.082711 0.325851 0.0668783 0.0480682 0.11971 0.091834 
0.0395069 0.184673 0.117804 0.132409 0.0469418 0.128102 0.083278 0.0762757 0.113919 0.0770909 
0.0214387 0.0826149 0.122475 0.178729 0.0620298 0.0870419 0.0382548 0.150349 0.101587 0.155481 
0.0197325 0.180405 0.117023 0.133992 0.0612798 0.102019 0.0653232 0.0951192 0.0857171 0.139389 
0.0727302 0.0348666 0.122796 0.105685 0.0689342 0.274181 0.0644191 0.0284624 0.136656 0.0912696 
0.211308 0.0358139 0.130498 0.173114 0.0276398 0.16369 0.0567605 0.0545704 0.11307 0.0335355 
0.0427886 0.0174308 0.138043 0.0888415 0.120484 0.0876359 0.171296 0.0662676 0.157692 0.10952 
0.0591182 0.177136 0.1333 0.085835 0.0846751 0.0869419 0.0689001 0.0932088 0.117678 0.0932079 
0.0679005 0.112599 0.0948876 0.0919368 0.0707373 0.127498 0.104352 0.0364981 0.172028 0.121562 
0.062054 0.0528844 0.0313832 0.136948 0.0868634 0.27856 0.0280402 0.0753516 0.116845 0.131071 
0.0723562 0.143946 0.108914 0.125455 0.0617169 0.11006 0.0762427 0.115528 0.0831829 0.102598 
0.027433 0.0901329 0.0530283 0.1423 0.103552 0.114727 0.0286889 0.219252 0.0906803 0.130205 
0.0292151 0.076034 0.0589633 0.0896236 0.175203 0.132351 0.0649031 0.106916 0.0946376 0.172153 
0.0461931 0.0298184 0.080329 0.146612 0.398213 0.0385196 0.0440116 0.109692 0.0520156 0.0545951 
0.0305643 0.0243974 0.107416 0.109183 0.116522 0.117613 0.254067 0.0523662 0.0835036 0.104368 
0.0633541 0.0228859 0.204717 0.150562 0.075057 0.0780686 0.0190797 0.182795 0.100545 0.102936 
0.0310722 0.146039 0.203943 0.212624 0.0173142 0.114298 0.13736 0.0299213 0.0852536 0.022175 
0.10737 0.058452 0.0965142 0.0941105 0.083488 0.237132 0.0534619 0.0438058 0.114222 0.111444 
0.21989 0.0249867 0.0947225 0.0997028 0.0689466 0.138211 0.0785088 0.063237 0.116567 0.0952279 
0.0368441 0.0486568 0.146303 0.110085 0.104336 0.0969629 0.16657 0.105277 0.10652 0.0784455 
0.0604771 0.0318309 0.133383 0.115414 0.0890488 0.238036 0.0466085 0.056675 0.128863 0.0996631 
0.0362328 0.0772202 0.139579 0.107561 0.0914914 0.112154 0.188701 0.0606518 0.11086 0.0755477 
0.0739509 0.0575321 0.0840067 0.182813 0.069833 0.157925 0.0225494 0.110348 0.113848 0.127195 
0.0190778 0.0432803 0.0689291 0.16255 0.0651854 0.0713428 0.0270384 0.299595 0.0743158 0.168685 
0.02154 0.111929 0.317362 0.224386 0.0169699 0.0877578 0.0980782 0.023397 0.0716187 0.0269606 
0.160019 0.0366062 0.19603 0.178665 0.0457 0.0955633 0.061665 0.072539 0.106721 0.0464912 
0.0480807 0.0910472 0.156726 0.0941893 0.0576032 0.167188 0.0404602 0.0729145 0.146524 0.125267 
0.0511837 0.0731603 0.139827 0.0925813 0.109693 0.133315 0.0490426 0.0568259 0.157289 0.137083 
0.0565669 0.0646276 0.0585254 0.0722824 0.0851517 0.272824 0.100489 0.0467451 0.136992 0.105796 
0.0223586 0.0628379 0.0786274 0.0944019 0.200722 0.112272 0.0751855 0.130492 0.0837423 0.139361 
0.0359449 0.174074 0.118973 0.128807 0.057046 0.112404 0.0673432 0.107467 0.0898629 0.108078 
0.0297729 0.234065 0.0887453 0.114946 0.065494 0.0929717 0.0753132 0.0974778 0.093183 0.108031 
0.0478649 0.0286283 0.0980584 0.0764696 0.269585 0.108647 0.0625574 0.0726916 0.0812253 0.154272 
0.337304 0.0364911 0.103732 0.029702 0.0197539 0.263006 0.0798254 0.0174077 0.0978125 0.0149652 
0.039985 0.0805808 0.131234 0.205247 0.0691235 0.0472076 0.0394468 0.225365 0.0685801 0.0932304 
0.0344883 0.0685079 0.0933433 0.212953 0.0583133 0.203967 0.0648687 0.0577491 0.104522 0.101287 
0.0528653 0.0614711 0.101376 0.142731 0.0615151 0.115225 0.0448999 0.179378 0.0889702 0.151568 
0.0745922 0.0248052 0.184202 0.0752836 0.0790831 0.150987 0.202205 0.0949881 0.077998 0.0358557 
0.0370279 0.20467 0.105664 0.12026 0.0526099 0.101915 0.0746273 0.10441 0.104193 0.0946233 
0.102989 0.0532601 0.0752437 0.143839 0.086553 0.16383 0.108904 0.0642785 0.108374 0.0927295 
0.0328824 0.115678 0.252838 0.0850297 0.072052 0.0707173 0.0765318 0.0973752 0.108635 0.0882605 
0.0536047 0.164218 0.128648 0.113087 0.0803633 0.11363 0.0605938 0.0829337 0.111647 0.0912733 
0.0153798 0.0880389 0.0607189 0.123889 0.121889 0.156597 0.0513436 0.149075 0.0903498 0.142718 
0.0762791 0.00923849 0.35858 0.106443 0.0508355 0.0869548 0.0747796 0.062986 0.099226 0.0746775 
0.112334 0.0309333 0.128568 0.104654 0.0859402 0.173947 0.0642194 0.0577044 0.134679 0.10702 
0.0321652 0.0373905 0.127009 0.0872647 0.118689 0.0973668 0.23198 0.0890537 0.0863146 0.0927665 
0.0302786 0.173566 0.119974 0.123005 0.0624421 0.110724 0.0625004 0.113145 0.0904823 0.113883 
0.0749646 0.0449166 0.0814356 0.091171 0.140987 0.098359 0.0583576 0.126725 0.116088 0.166995 
0.0599166 0.0840239 0.0541655 0.131357 0.0604642 0.237385 0.0712631 0.0500247 0.140594 0.110806 
0.0283764 0.0571259 0.268485 0.169666 0.0589319 0.080566 0.10243 0.0570243 0.124574 0.0528197 
0.0754033 0.0689604 0.101895 0.132389 0.0632619 0.246645 0.0650564 0.0360468 0.127246 0.0830966 
0.0474855 0.0297582 0.0748327 0.0789725 0.255596 0.137444 0.0808797 0.0906426 0.0854407 0.118948 
0.066193 0.0403442 0.104113 0.0582349 0.259413 0.0624657 0.100931 0.0899409 0.0850408 0.133324 
0.105012 0.0131299 0.342444 0.0856491 0.0318184 0.0829823 0.0458389 0.0514722 0.162801 0.0788525 
0.0435052 0.0917583 0.146757 0.124118 0.0519914 0.150326 0.0537157 0.0587563 0.136864 0.142208 
0.0441135 0.059284 0.140637 0.247637 0.100635 0.144688 0.0448505 0.0916481 0.0862166 0.0402914 
0.0598028 0.080667 0.0822233 0.0717336 0.109394 0.153034 0.0791899 0.107719 0.128846 0.12739 
0.038113 0.0680877 0.221176 0.147462 0.0424776 0.114475 0.0701158 0.0950997 0.122696 0.0802978 
0.0378312 0.0211361 0.0774421 0.124385 0.308364 0.0619338 0.0358922 0.0919346 0.0658891 0.175193 
0.138821 0.0172147 0.0438323 0.137919 0.0609126 0.236574 0.103487 0.0502616 0.120399 0.0905784 
0.345301 0.0155873 0.0905253 0.0998686 0.0308679 0.10802 0.0142392 0.0462002 0.0852093 0.164181 
0.1047 0.0802512 0.120776 0.256764 0.0202599 0.140555 0.0443046 0.0589842 0.109585 0.0638199 
0.0235723 0.186247 0.0998578 0.141401 0.0692619 0.105503 0.0877719 0.0751808 0.10508 0.106125 
0.0245148 0.0506193 0.0854297 0.142277 0.0566086 0.081906 0.0184048 0.363911 0.0695149 0.106814 
0.0246332 0.0911108 0.0942067 0.121325 0.0564801 0.137922 0.0465952 0.192501 0.109823 0.125404 
0.0283547 0.0269 0.04656 0.24426 0.0334554 0.285705 0.0106575 0.120539 0.111788 0.0917799 
0.0353482 0.0126372 0.0489467 0.196127 0.0356349 0.0919498 0.0115977 0.343156 0.0786859 0.145917 
0.021671 0.113401 0.0802172 0.107679 0.121215 0.114732 0.0583059 0.106167 0.102441 0.174172 
0.0528638 0.0292052 0.0504514 0.127439 0.0768317 0.156935 0.0403387 0.232434 0.0863005 0.147201 
0.0205892 0.200304 0.10815 0.139761 0.0613661 0.0934013 0.0886932 0.0785818 0.122953 0.0862001 
0.016501 0.0950757 0.0795168 0.112661 0.126497 0.121056 0.0495094 0.140915 0.0921548 0.166114 
