0.0700233 0.02932 0.0811393 0.144054 0.0801568 0.118055 0.0244693 0.211164 0.111454 0.130164 
0.0906728 0.0838499 0.213314 0.143917 0.0161582 0.145857 0.154541 0.00934778 0.105797 0.0365458 
0.0486118 0.168792 0.0973655 0.105202 0.0831961 0.104696 0.0917497 0.101806 0.0998119 0.0987697 
0.292492 0.02574 0.082304 0.0706109 0.049853 0.122326 0.0664921 0.0955064 0.0903527 0.104323 
0.0851224 0.0424921 0.0822485 0.0410667 0.209321 0.0685263 0.100264 0.107497 0.120744 0.142718 
0.040149 0.176604 0.103056 0.116224 0.0738468 0.0898078 0.0694729 0.117712 0.105951 0.107178 
0.062297 0.0438274 0.0354867 0.0627851 0.202673 0.127179 0.0611921 0.123086 0.129147 0.152327 
0.0449403 0.0912792 0.0735038 0.10691 0.110672 0.124888 0.0663266 0.0773962 0.125508 0.178575 
0.0988222 0.0415002 0.097311 0.0299807 0.167853 0.175565 0.166812 0.0419526 0.132118 0.0480857 
0.0553558 0.0233282 0.0402348 0.053169 0.176381 0.082419 0.0467819 0.160538 0.13173 0.230062 
0.301101 0.0241305 0.0807729 0.0744906 0.0533714 0.165351 0.0661079 0.0354866 0.127086 0.0721023 
0.0785208 0.0593128 0.10769 0.0905661 0.0903196 0.0880571 0.18281 0.0522747 0.140613 0.109835 
0.069893 0.0351384 0.0708944 0.106494 0.131491 0.116855 0.0617856 0.140522 0.105681 0.161244 
0.279048 0.0332712 0.0811285 0.0559658 0.0796264 0.130393 0.0383107 0.0599689 0.13326 0.109027 
0.0311502 0.238862 0.0819323 0.144409 0.0424264 0.0987479 0.0758775 0.0827305 0.110738 0.0931275 
0.0824914 0.0432977 0.0818594 0.126366 0.0651399 0.288077 0.0563255 0.0554095 0.119643 0.0813909 
0.0803535 0.0186842 0.0907067 0.066416 0.129567 0.0805598 0.0596689 0.160203 0.142258 0.171583 
0.0720466 0.0152844 0.091161 0.17089 0.0534786 0.0755014 0.0272667 0.310647 0.0871328 0.0965909 
0.071995 0.0451971 0.1338 0.0988885 0.0856423 0.172479 0.0773738 0.0543801 0.160909 0.0993358 
0.0848673 0.0512456 0.0832731 0.0956647 0.183008 0.130071 0.0592046 0.0941157 0.104223 0.114326 
0.0698354 0.0444422 0.0309357 0.119354 0.128333 0.102866 0.0280995 0.182698 0.096846 0.196591 
0.0714557 0.0597054 0.102044 0.100589 0.0873341 0.175457 0.165781 0.0329189 0.111844 0.0928703 
0.0527419 0.0756337 0.0971907 0.0636177 0.136146 0.0821575 0.170277 0.104949 0.112781 0.104507 
0.0770328 0.0536838 0.107661 0.109891 0.132893 0.203398 0.0921974 0.0415918 0.118028 0.0636227 
0.0695558 0.0629409 0.0687521 0.066732 0.215324 0.0793924 0.0852447 0.10281 0.0995079 0.14974 
0.497365 0.00468644 0.0417367 0.0180764 0.0585396 0.130527 0.0998315 0.0273979 0.071295 0.0505449 
0.0779909 0.0391667 0.0841322 0.103876 0.0582585 0.133572 0.0362308 0.22357 0.0862765 0.156927 
0.0838817 0.0524387 0.0799453 0.0632968 0.211347 0.101411 0.104213 0.0761881 0.106005 0.121273 
0.398605 0.0221344 0.0871774 0.0819943 0.0361189 0.113178 0.0363676 0.0556922 0.0905276 0.0782041 
0.0501806 0.15664 0.0781214 0.134704 0.0650083 0.155202 0.0892208 0.0595448 0.119209 0.0921692 
0.0516068 0.0432957 0.0547254 0.254813 0.0574201 0.157589 0.0316845 0.109189 0.110299 0.129378 
0.041371 0.161781 0.0773787 0.149774 0.0679733 0.10853 0.07919 0.10894 0.104472 0.10059 
0.0501929 0.0392586 0.0857494 0.188507 0.0960163 0.232303 0.0500297 0.0339746 0.128641 0.0953275 
0.119201 0.0172899 0.125755 0.0234142 0.165666 0.189279 0.132296 0.0470334 0.10192 0.0781439 
0.0794967 0.0300867 0.0919302 0.150771 0.0699101 0.0975466 0.0276077 0.229994 0.103774 0.118882 
0.118756 0.042232 0.188141 0.124348 0.060515 0.221043 0.047583 0.0269503 0.135997 0.0344358 
0.0791697 0.0296784 0.078534 0.154324 0.0557002 0.0912731 0.0313111 0.213929 0.122721 0.143359 
0.0369915 0.174021 0.0819967 0.129353 0.0556372 0.133907 0.084992 0.0910392 0.103923 0.108139 
0.0960003 0.098248 0.148555 0.153064 0.0310367 0.136059 0.0826017 0.0439524 0.138299 0.0721845 
0.0386321 0.201146 0.08463 0.132349 0.0446406 0.108088 0.0917905 0.072883 0.131158 0.0946835 
0.046871 0.169587 0.0999362 0.123788 0.0585766 0.131313 0.0828555 0.0850887 0.0938166 0.108167 
0.0720046 0.0506607 0.0865804 0.131963 0.092484 0.108062 0.0391054 0.175397 0.0908107 0.152933 
0.0329375 0.052452 0.0683659 0.0932785 0.206721 0.0801685 0.0592891 0.130159 0.119962 0.156667 
0.0768663 0.0886113 0.177809 0.118219 0.0863297 0.0909182 0.0843671 0.0405527 0.123746 0.112581 
0.0676776 0.0654591 0.115309 0.173409 0.0595632 0.154684 0.0939146 0.0474485 0.114134 0.108401 
0.109272 0.0496353 0.0764913 0.149503 0.0671939 0.223867 0.086572 0.0381509 0.101081 0.098233 
0.0282484 0.160117 0.0859513 0.186266 0.0714856 0.123601 0.0778821 0.0573282 0.0987705 0.110349 
0.0731271 0.0923475 0.17891 0.16831 0.0515232 0.100165 0.128656 0.0523296 0.0924468 0.0621848 
0.0223706 0.0211749 0.0373357 0.0761603 0.250766 0.111 0.0598381 0.0823134 0.138977 0.200064 
0.102223 0.0281374 0.0947831 0.0575442 0.251303 0.0431208 0.0777868 0.0887255 0.116111 0.140265 
0.149021 0.0438724 0.0934894 0.104057 0.0738096 0.152185 0.19212 0.0431852 0.079577 0.0686837 
0.107616 0.0256049 0.121199 0.209638 0.0789096 0.142521 0.0606542 0.0871684 0.11664 0.0500489 
0.122329 0.091183 0.0820308 0.0773407 0.121738 0.177502 0.066897 0.0808862 0.0982798 0.0818136 
0.0908617 0.0550784 0.0636173 0.104184 0.104672 0.165106 0.0872671 0.0809155 0.108607 0.139691 
0.0660193 0.0227403 0.194945 0.0663399 0.0742563 0.0423684 0.291793 0.0250166 0.175658 0.0408631 
0.262082 0.0280318 0.0725171 0.0927877 0.0705293 0.168743 0.0556696 0.0490932 0.121527 0.0790187 
0.0564834 0.0200747 0.0774117 0.0530335 0.311419 0.077719 0.0833503 0.0775152 0.134403 0.10859 
0.0436493 0.170629 0.0993482 0.120255 0.0747077 0.0958287 0.0669741 0.113007 0.109691 0.105909 
0.0699785 0.0272431 0.0600374 0.0612756 0.164331 0.088745 0.0529895 0.152627 0.118302 0.204471 
0.113432 0.084085 0.0996934 0.0853695 0.107712 0.157239 0.0629719 0.112925 0.101357 0.0752155 
0.0268378 0.0262809 0.0770032 0.211524 0.0446795 0.0966529 0.0268906 0.354154 0.0796871 0.0562902 
0.131547 0.021728 0.172173 0.101596 0.0770178 0.130172 0.0542482 0.0370097 0.193117 0.0813909 
0.0619681 0.0501111 0.0925264 0.0779043 0.147373 0.12269 0.0936507 0.112502 0.109633 0.131641 
0.0771534 0.0929303 0.126134 0.198994 0.0768602 0.0952028 0.0630497 0.0521092 0.10199 0.115577 
0.0872066 0.0209183 0.142224 0.151722 0.0869422 0.0683569 0.0239115 0.206904 0.0873622 0.124452 
0.0617268 0.0677886 0.0760189 0.105213 0.163569 0.126494 0.0798405 0.0779092 0.118332 0.123108 
0.0660283 0.0981904 0.0974927 0.12648 0.108572 0.0797956 0.116725 0.137032 0.097256 0.0724281 
0.0956097 0.0414531 0.0756585 0.0485156 0.244824 0.0682615 0.0885772 0.117838 0.0924671 0.126796 
0.0521467 0.037534 0.0748175 0.265024 0.0684449 0.145605 0.0466722 0.0531633 0.133503 0.123089 
0.383445 0.0184083 0.0833458 0.0533717 0.0217591 0.205193 0.0753302 0.0336466 0.083955 0.0415457 
0.0840961 0.0264678 0.0888401 0.157548 0.0653553 0.0498758 0.0290203 0.339561 0.0862648 0.0729702 
0.419597 0.0120249 0.0862219 0.03753 0.0344308 0.144997 0.0797631 0.0197257 0.12409 0.0416192 
0.15123 0.0334061 0.199916 0.18849 0.0378149 0.150568 0.0534049 0.0213787 0.114214 0.0495775 
0.0519952 0.08446 0.0650486 0.156245 0.066711 0.0936417 0.0305354 0.15988 0.114798 0.176685 
0.0377691 0.198333 0.0826763 0.129278 0.0545424 0.129035 0.080819 0.0718135 0.115259 0.100475 
0.0331157 0.076368 0.0821639 0.107104 0.0871441 0.0792948 0.0469499 0.237923 0.106623 0.143314 
0.0728843 0.111773 0.0731123 0.183937 0.0550358 0.166196 0.0534131 0.0560042 0.128323 0.0993216 
0.070872 0.127857 0.121401 0.0902669 0.0787377 0.0863793 0.0537111 0.1156 0.123546 0.131629 
0.0363559 0.0632325 0.0549544 0.133574 0.122102 0.113195 0.059764 0.129626 0.108879 0.178318 
0.054667 0.0238386 0.0337557 0.0755574 0.0799619 0.0939425 0.011537 0.314507 0.137276 0.174958 
0.0512439 0.057936 0.0622197 0.107142 0.0959933 0.143981 0.0505789 0.19974 0.0806673 0.150498 
0.1296 0.0480533 0.113933 0.0792295 0.079341 0.159294 0.150909 0.0504067 0.0979914 0.0912419 
0.0764932 0.0321812 0.297016 0.164157 0.0396031 0.0928138 0.0730395 0.0159085 0.140366 0.0684217 
0.0665585 0.0377038 0.0679238 0.0927019 0.0856471 0.142211 0.0368691 0.218002 0.101053 0.15133 
0.0580073 0.0846647 0.0827306 0.0658452 0.127183 0.168067 0.0866901 0.0489181 0.177536 0.100358 
0.046889 0.0177623 0.0284033 0.054438 0.344427 0.0809414 0.0612036 0.0616523 0.159395 0.144888 
0.0363459 0.0819291 0.0631541 0.111294 0.0637547 0.0845816 0.0249392 0.278079 0.108972 0.14695 
0.0777823 0.0224456 0.0594913 0.140628 0.138981 0.226892 0.0638141 0.0707874 0.0881255 0.111052 
0.11162 0.0354257 0.121817 0.0732092 0.126834 0.105907 0.200756 0.0520639 0.0806025 0.0917648 
0.0453914 0.194613 0.0946662 0.106469 0.0802877 0.107591 0.0862919 0.0727388 0.115604 0.0963463 
0.0923744 0.0600618 0.0607892 0.277607 0.0501185 0.14459 0.0191286 0.0734789 0.117234 0.104618 
0.0567956 0.0758998 0.139873 0.08401 0.0880171 0.132163 0.230489 0.0379614 0.081438 0.0733523 
0.0739547 0.0724087 0.104263 0.10585 0.129996 0.111925 0.0753546 0.116578 0.102579 0.107092 
0.0704766 0.0426017 0.0639819 0.268103 0.0402379 0.167203 0.0265033 0.109083 0.100729 0.111079 
0.0189236 0.225541 0.0940716 0.105199 0.0698707 0.130831 0.0862603 0.0455769 0.133238 0.0904889 
0.0686919 0.0491369 0.0450012 0.0278587 0.277801 0.0756395 0.125667 0.0881833 0.0971757 0.144845 
0.0327872 0.170899 0.0621655 0.144035 0.0668241 0.11637 0.0747166 0.110421 0.114721 0.107061 
0.0374684 0.0573437 0.0812668 0.113903 0.0813094 0.0996678 0.0663424 0.222353 0.114146 0.1262 
0.102657 0.0587347 0.105242 0.0645147 0.0623674 0.182772 0.285644 0.0180817 0.0817006 0.038285 
0.0347938 0.0349092 0.0827908 0.0591924 0.140609 0.0489787 0.0583679 0.156605 0.128155 0.255599 
0.0894514 0.0682115 0.09378 0.119061 0.0820573 0.0824288 0.193064 0.0765488 0.0995057 0.0958918 
0.265207 0.0321715 0.0720855 0.0664343 0.0586085 0.17029 0.0658031 0.0402336 0.130917 0.0982491 
0.0503001 0.0240865 0.03348 0.0878984 0.110107 0.272976 0.021313 0.10982 0.173525 0.116495 
0.0667485 0.046846 0.0753047 0.0954059 0.250666 0.0951218 0.0968695 0.0743163 0.0692632 0.129458 
0.0503256 0.0430542 0.100074 0.0790529 0.116216 0.131614 0.0709177 0.0917017 0.136476 0.180568 
0.0765082 0.0485751 0.0906128 0.0830472 0.144444 0.100305 0.0718818 0.105098 0.118224 0.161304 
0.148219 0.0194714 0.219995 0.140941 0.0766156 0.097346 0.0478872 0.0255507 0.158559 0.0654147 
0.0826077 0.140892 0.106197 0.10374 0.0669455 0.111274 0.0998286 0.0604633 0.125295 0.102758 
0.0488468 0.0496889 0.0334721 0.0934841 0.150067 0.144097 0.0722165 0.10296 0.122861 0.182306 
0.110797 0.0652609 0.0903565 0.0558341 0.152528 0.0829577 0.113331 0.102973 0.0876537 0.138308 
0.063696 0.0960279 0.0933833 0.172414 0.0543198 0.117034 0.061958 0.024607 0.203453 0.113107 
0.0323371 0.13911 0.0956653 0.144011 0.0601274 0.0737849 0.0598983 0.165658 0.0991765 0.130231 
0.0930085 0.0808665 0.0896793 0.184986 0.0597763 0.157034 0.0676934 0.0528976 0.10818 0.105878 
0.0359779 0.0652274 0.0900194 0.0961897 0.128692 0.0787213 0.0625658 0.151606 0.107451 0.18355 
0.0504553 0.0818754 0.131925 0.0903853 0.0964615 0.0668227 0.0663776 0.182306 0.0874484 0.145943 
0.0666878 0.0847031 0.0867384 0.0760207 0.13703 0.0976688 0.119444 0.0918845 0.0900356 0.149787 
0.0415986 0.081687 0.0787376 0.101149 0.163947 0.0939097 0.0821331 0.102003 0.105283 0.149553 
0.0513323 0.0265379 0.0745767 0.0410354 0.321493 0.0627998 0.0926655 0.0675778 0.125444 0.136538 
0.0928381 0.051992 0.0904742 0.0837115 0.118023 0.11068 0.071619 0.127957 0.0953569 0.157349 
0.0843735 0.034629 0.127621 0.0610273 0.101948 0.143105 0.0937743 0.103824 0.142943 0.106755 
0.0756293 0.023405 0.0656611 0.155094 0.10246 0.260278 0.0490927 0.0346213 0.152209 0.0815498 
0.117107 0.0298284 0.11915 0.0555353 0.139596 0.085369 0.104546 0.091688 0.125338 0.131842 
0.0565379 0.0535631 0.101734 0.129748 0.0971666 0.12927 0.0472051 0.188331 0.0894567 0.106987 
0.0533149 0.119405 0.074192 0.0918066 0.0885919 0.0992069 0.211718 0.0756053 0.0900399 0.0961193 
0.0336572 0.0200748 0.0189394 0.115505 0.201094 0.0560662 0.0511376 0.20919 0.14262 0.151717 
0.045492 0.102628 0.113173 0.0858693 0.141955 0.0636606 0.0878881 0.0855625 0.110417 0.163354 
0.178729 0.0230161 0.150661 0.170415 0.0524873 0.129817 0.0374377 0.104258 0.0771727 0.0760059 
0.0913637 0.058541 0.0716057 0.0802025 0.133388 0.254139 0.0524494 0.0503849 0.125383 0.0825422 
0.0267858 0.0435381 0.068099 0.168044 0.0902829 0.154182 0.0386517 0.0628553 0.221533 0.126028 
0.0928845 0.0582882 0.0849955 0.128086 0.0894622 0.219213 0.0611562 0.0582663 0.11116 0.096488 
0.0788796 0.0456199 0.076594 0.0585422 0.117761 0.150059 0.211095 0.0426753 0.110233 0.10854 
0.0998113 0.0373214 0.108701 0.0520704 0.107606 0.120924 0.303931 0.022823 0.0835425 0.0632689 
0.0755809 0.0343697 0.10829 0.127034 0.059096 0.301468 0.0684204 0.0173348 0.147215 0.0611918 
0.0731768 0.0199554 0.141826 0.0820773 0.109468 0.0517148 0.0399928 0.247922 0.120715 0.113153 
0.0536744 0.0618612 0.0904968 0.135091 0.0810544 0.153009 0.0592124 0.0593817 0.204871 0.101349 
0.0347397 0.211745 0.0871733 0.131155 0.0464076 0.0996169 0.0953237 0.0783644 0.122295 0.0931786 
0.258494 0.0315666 0.0783707 0.0845401 0.0576956 0.152528 0.0840146 0.0562208 0.107899 0.0886701 
0.0449017 0.181387 0.0998222 0.141053 0.0588348 0.0925284 0.0845437 0.0681503 0.12612 0.102659 
0.0924503 0.0537872 0.103125 0.0677571 0.0865197 0.0939242 0.229532 0.0663429 0.0955993 0.110962 
0.0723943 0.0377268 0.0905151 0.0393508 0.19588 0.0639965 0.0920545 0.119329 0.165206 0.123547 
0.0956035 0.0684097 0.10533 0.0953337 0.0933242 0.148716 0.171049 0.0555896 0.0928931 0.0737502 
0.0486925 0.0616773 0.109041 0.133882 0.0426512 0.088464 0.0312364 0.32869 0.0802024 0.0754641 
0.0616765 0.0315192 0.192828 0.172812 0.0955552 0.098979 0.0244039 0.0945184 0.127194 0.100513 
0.0405595 0.191959 0.101785 0.119185 0.0524975 0.0884636 0.0911942 0.0997279 0.102536 0.112092 
0.0737305 0.0544217 0.130574 0.0745999 0.11434 0.0666945 0.0427392 0.182436 0.0958987 0.164566 
0.0476766 0.163473 0.0882966 0.122296 0.0634942 0.128984 0.100381 0.0735659 0.114387 0.0974454 
0.0709737 0.0670011 0.0879916 0.0943867 0.119555 0.143504 0.0713058 0.0751427 0.168101 0.102039 
0.0752538 0.0294116 0.277933 0.215343 0.0714517 0.152204 0.0547477 0.0174212 0.0760021 0.0302319 
0.266539 0.0410638 0.0898973 0.0744084 0.0586451 0.148074 0.0849665 0.0517554 0.109991 0.0746587 
0.040423 0.0511514 0.0837589 0.108005 0.176483 0.0854978 0.0669688 0.0519849 0.125626 0.210101 
0.0638296 0.0415618 0.080647 0.088718 0.141493 0.105674 0.080983 0.105496 0.125072 0.166527 
0.0904459 0.0269492 0.115659 0.0657807 0.0872472 0.0922264 0.0344233 0.065465 0.180658 0.241145 
0.141863 0.0541653 0.0664843 0.0468192 0.109234 0.260942 0.0588907 0.0651942 0.127371 0.0690363 
0.0909301 0.0690313 0.09228 0.140511 0.0715552 0.193894 0.0558883 0.0498755 0.12634 0.109695 
0.0404042 0.160702 0.0806246 0.131038 0.0776757 0.0908832 0.0939495 0.117223 0.0884086 0.119092 
0.0844355 0.0557032 0.0456181 0.0635969 0.167109 0.261283 0.104114 0.0281942 0.122269 0.0676765 
0.129395 0.0246728 0.0912145 0.0815283 0.0999233 0.132227 0.225175 0.0615329 0.066091 0.0882398 
0.225217 0.0378744 0.0853218 0.0675858 0.0581289 0.129765 0.099525 0.0747729 0.109385 0.112424 
0.156867 0.0605483 0.154417 0.164576 0.0397661 0.137537 0.0531932 0.0820048 0.0863233 0.0647678 
0.065851 0.0784459 0.0858918 0.0949105 0.163832 0.0865447 0.0950685 0.107651 0.0827206 0.139084 
0.0382805 0.0729565 0.0884515 0.0624275 0.207276 0.107698 0.0953304 0.0839084 0.106564 0.137107 
0.127266 0.0404503 0.0923649 0.0675549 0.0962769 0.156455 0.237853 0.0280726 0.0840715 0.0696352 
0.0756372 0.026634 0.0749241 0.106244 0.0616554 0.398855 0.0212093 0.0287517 0.155731 0.0503589 
0.0392021 0.0214755 0.0567506 0.0642292 0.230243 0.066484 0.0667716 0.201505 0.0853391 0.167999 
0.0433625 0.0398505 0.0888902 0.0820099 0.120892 0.0937987 0.198625 0.118027 0.0850748 0.129469 
0.0799999 0.0356544 0.0754382 0.114232 0.0953477 0.233158 0.0740429 0.0356429 0.141414 0.11507 
0.0882335 0.0387184 0.103227 0.0640882 0.182379 0.105375 0.0739102 0.0723652 0.113269 0.158434 
0.082828 0.0595171 0.0652243 0.122625 0.103286 0.248817 0.0630991 0.0713567 0.0941625 0.0890849 
0.0392985 0.195432 0.0841078 0.136728 0.0502986 0.143193 0.0944458 0.0696079 0.104321 0.0825674 
0.0670147 0.0409455 0.0579604 0.100724 0.207741 0.114275 0.0596503 0.110322 0.0994608 0.141908 
0.0409087 0.0674264 0.0764509 0.103026 0.179217 0.127091 0.072741 0.0885086 0.105761 0.13887 
0.0708073 0.063201 0.0940618 0.155298 0.0357976 0.0543706 0.0171156 0.297009 0.0817197 0.13062 
0.101045 0.0703741 0.184358 0.19552 0.024879 0.161895 0.0478218 0.00692059 0.166634 0.0405521 
0.138945 0.0508432 0.0707695 0.172263 0.0942298 0.15774 0.0498559 0.0503715 0.113278 0.101704 
0.0807988 0.106169 0.215715 0.13408 0.0540549 0.0758101 0.0767551 0.0590748 0.102724 0.0948184 
0.0490535 0.107258 0.0859273 0.154976 0.0855983 0.102456 0.0707681 0.127006 0.0988852 0.118072 
0.0487389 0.174746 0.0903953 0.116337 0.0518061 0.133229 0.080702 0.0968426 0.101119 0.106084 
0.0645757 0.0547755 0.11412 0.114817 0.115876 0.145129 0.0881055 0.0632021 0.13572 0.10368 
0.036709 0.211949 0.080025 0.133918 0.0554111 0.090423 0.0846709 0.10463 0.0952467 0.107017 
0.0447544 0.0970103 0.127707 0.112753 0.0580277 0.163141 0.0675755 0.034877 0.208311 0.0858418 
0.0376562 0.183867 0.0792802 0.149723 0.063614 0.0944056 0.067512 0.11946 0.0900197 0.114462 
0.048715 0.0671633 0.106591 0.120585 0.0774986 0.142256 0.125143 0.0336122 0.190204 0.0882309 
0.0863052 0.059198 0.0977679 0.0978039 0.10306 0.21474 0.0754725 0.0578636 0.126595 0.0811939 
0.356498 0.0111235 0.0747228 0.0756287 0.0372276 0.210583 0.0684655 0.0244619 0.0902206 0.0510682 
0.102384 0.0705739 0.0712559 0.141518 0.0922047 0.146061 0.0865589 0.040523 0.143604 0.105317 
0.0645239 0.0343025 0.0810031 0.0506844 0.196483 0.061371 0.0762088 0.124654 0.118458 0.192312 
0.0555571 0.0611359 0.262758 0.225469 0.0155249 0.107323 0.0538708 0.0126192 0.161175 0.0445673 
0.0980922 0.0410232 0.111383 0.14328 0.0586706 0.258462 0.0358598 0.0382364 0.113331 0.101663 
0.479682 0.00905548 0.0566171 0.0577801 0.0282239 0.135429 0.0364556 0.0258091 0.119806 0.051142 
0.0518547 0.159059 0.0824017 0.153361 0.074798 0.118189 0.0854618 0.0763532 0.108918 0.0896038 
0.0447358 0.181922 0.083722 0.127468 0.0757825 0.0838277 0.0610444 0.108683 0.122957 0.109857 
0.040453 0.157336 0.0762629 0.13024 0.0804616 0.13743 0.0966355 0.0773298 0.108001 0.0958512 
0.333976 0.0162228 0.0707808 0.0813727 0.0949513 0.184265 0.0427582 0.0460629 0.0692046 0.0604055 
0.0242112 0.0432729 0.10267 0.149435 0.122515 0.107702 0.0590388 0.133941 0.12415 0.133064 
0.230822 0.0266581 0.0856593 0.0935317 0.0655312 0.15269 0.0348719 0.0854189 0.104225 0.120593 
0.0473121 0.0944315 0.108417 0.124064 0.0709419 0.171717 0.0957339 0.070177 0.125436 0.0917699 
0.0387507 0.204811 0.0957324 0.112514 0.0524177 0.117338 0.115885 0.0566008 0.125484 0.0804681 
0.0702279 0.0448033 0.104073 0.0593894 0.105864 0.138685 0.269064 0.0213337 0.11869 0.0678706 
0.0438783 0.0462171 0.0768056 0.118602 0.14984 0.147993 0.0656427 0.104641 0.117348 0.129032 
0.0599463 0.0639253 0.220806 0.199135 0.035184 0.0873863 0.046112 0.072131 0.132066 0.0833084 
0.0897903 0.0209976 0.102736 0.371506 0.022278 0.199682 0.0214744 0.0171999 0.0942744 0.0600614 
0.127912 0.0242062 0.113954 0.0691636 0.089026 0.0840557 0.267475 0.0477368 0.0929671 0.0835043 
0.0557755 0.154683 0.125066 0.1207 0.0859339 0.0909936 0.0786683 0.0921078 0.107658 0.0884141 
0.0503994 0.15024 0.0863282 0.132339 0.0665935 0.116621 0.0906894 0.100177 0.0940358 0.112577 
0.048102 0.169611 0.100612 0.107958 0.0776836 0.0979911 0.0835275 0.109562 0.10179 0.103162 
0.0674388 0.0706077 0.0855262 0.181002 0.0823868 0.153247 0.0723887 0.0515494 0.118745 0.117108 
0.0305679 0.0326331 0.0337281 0.0729994 0.12475 0.172384 0.0663775 0.106157 0.1314 0.229003 
0.0823705 0.0355129 0.0576575 0.0910428 0.0958347 0.25384 0.0610367 0.07687 0.139504 0.106331 
0.10021 0.0546694 0.290322 0.123784 0.0566509 0.0924719 0.0870162 0.0273016 0.102983 0.0645913 
0.0232358 0.0676587 0.0260059 0.0856527 0.145928 0.15946 0.0441124 0.110142 0.102155 0.23565 
0.0735393 0.0295344 0.0656257 0.0761479 0.161454 0.165218 0.0784344 0.118803 0.110934 0.120309 
0.108171 0.0694806 0.0762641 0.0919935 0.0983961 0.148675 0.0485519 0.142852 0.107505 0.108111 
0.0195108 0.0666092 0.0497409 0.0899303 0.0984209 0.136868 0.0737955 0.148589 0.103883 0.212653 
0.0524874 0.103504 0.114512 0.179133 0.0874401 0.103619 0.0555816 0.0739478 0.107434 0.12234 
0.0295381 0.0536154 0.0769113 0.124651 0.141401 0.108419 0.0621145 0.0966943 0.128891 0.177764 
0.257604 0.0234492 0.0808044 0.0857998 0.0606583 0.132007 0.0531382 0.0871279 0.100904 0.118507 
0.063993 0.0617793 0.0909767 0.248569 0.0851359 0.0910919 0.0404158 0.0960423 0.0816329 0.140363 
0.105279 0.0984104 0.0738067 0.0950878 0.0988372 0.180693 0.132017 0.0267423 0.141181 0.0479455 
0.106883 0.0555176 0.069116 0.115796 0.0929456 0.194383 0.0491056 0.130433 0.0975403 0.0882784 
0.10924 0.0517381 0.0551767 0.158265 0.0769067 0.246538 0.0272857 0.0805887 0.0917673 0.102494 
0.0494126 0.0211054 0.0496264 0.0716985 0.078925 0.139134 0.0309376 0.260507 0.113056 0.185598 
0.109521 0.0294437 0.244697 0.144059 0.0786543 0.084477 0.0872426 0.0440562 0.109086 0.0687629 
0.115606 0.0149051 0.380037 0.0991961 0.0283573 0.0861939 0.0419698 0.0341734 0.113934 0.0856272 
0.075555 0.0308464 0.0760698 0.10489 0.0668861 0.0724201 0.0229208 0.280494 0.10132 0.168598 
0.0690201 0.171109 0.100322 0.100156 0.0934523 0.0978177 0.0861026 0.0944296 0.0928878 0.094704 
0.100264 0.0564974 0.184272 0.157515 0.0625409 0.154127 0.0417286 0.0398764 0.142149 0.0610302 
0.0334037 0.0694299 0.0671287 0.165034 0.10271 0.177148 0.0406687 0.0635066 0.189459 0.0915122 
0.0932151 0.0750304 0.0946736 0.104933 0.133916 0.102055 0.0950914 0.0775704 0.110637 0.112878 
0.0566914 0.196041 0.110577 0.104431 0.0650815 0.0905986 0.0801476 0.0855 0.101994 0.108937 
0.0759811 0.0857473 0.0774379 0.137932 0.0810887 0.0936102 0.0396855 0.17543 0.0960338 0.137054 
0.0930931 0.0799988 0.0852304 0.20562 0.0413948 0.134379 0.0477523 0.126972 0.0762961 0.109264 
0.0715844 0.108905 0.0944667 0.200549 0.0646781 0.128991 0.0402606 0.0611471 0.123088 0.10633 
0.0562241 0.0530346 0.11047 0.0787243 0.0879353 0.17354 0.148362 0.018837 0.183936 0.088937 
0.0394684 0.0289843 0.0536768 0.13278 0.0634288 0.125119 0.0178551 0.183774 0.16275 0.192164 
0.0722151 0.0587807 0.0764339 0.142741 0.0677622 0.099383 0.0505737 0.204712 0.0990953 0.128303 
0.0947291 0.0315906 0.097561 0.0859967 0.103713 0.113975 0.0678087 0.176317 0.083231 0.145078 
0.0563295 0.0407719 0.30115 0.175519 0.0461223 0.0858649 0.117656 0.044528 0.0847545 0.0473036 
0.048293 0.115232 0.186891 0.146241 0.0602438 0.062115 0.137721 0.052829 0.113498 0.0769359 
0.0754829 0.0369268 0.0645362 0.0433233 0.284741 0.0635299 0.0849075 0.101879 0.1119 0.132773 
0.0393681 0.190073 0.0770237 0.129951 0.0610516 0.0995576 0.0886918 0.114338 0.0927854 0.10716 
0.0885154 0.067034 0.090533 0.119937 0.0855461 0.213651 0.0604089 0.0291889 0.142739 0.102447 
0.0803028 0.0363787 0.103104 0.15502 0.0864262 0.141242 0.0546073 0.0906031 0.131815 0.120501 
0.133079 0.0271121 0.0886958 0.056352 0.0828327 0.082828 0.080939 0.0671528 0.220471 0.160537 
0.0512907 0.0406045 0.109151 0.11255 0.139672 0.101733 0.0662897 0.183564 0.0879782 0.107167 
0.080367 0.10019 0.156904 0.115064 0.0857906 0.108334 0.08662 0.0722622 0.0918233 0.102645 
0.116927 0.0757067 0.0717051 0.114846 0.0790863 0.184771 0.122462 0.0534135 0.091622 0.0894595 
0.332501 0.0101443 0.134091 0.0528568 0.0298709 0.149439 0.0896938 0.017577 0.13669 0.0471364 
0.06675 0.104654 0.129339 0.141326 0.0774029 0.101912 0.0933456 0.0386055 0.108843 0.137822 
0.0756054 0.0185801 0.0379549 0.0296234 0.334313 0.0593435 0.092014 0.0919665 0.121532 0.139067 
0.0551116 0.143877 0.150075 0.155139 0.0475748 0.105751 0.114739 0.0696682 0.102823 0.0552415 
0.032571 0.0479907 0.0558788 0.0867527 0.250067 0.106384 0.0563529 0.0870037 0.108194 0.168805 
0.0678468 0.125946 0.100451 0.086897 0.0695562 0.155568 0.0984976 0.0713732 0.119315 0.104549 
0.035395 0.0466773 0.0606214 0.0669691 0.146163 0.107612 0.0672507 0.142607 0.115401 0.211304 
0.0957606 0.043706 0.069964 0.128757 0.0865849 0.247422 0.060383 0.043111 0.122368 0.101944 
0.0534779 0.0403063 0.0961617 0.14188 0.0645018 0.0867458 0.0244522 0.237261 0.107767 0.147447 
0.0433113 0.0505804 0.0849305 0.159378 0.0851993 0.0944833 0.0407344 0.209104 0.0974461 0.134832 
0.0520106 0.139797 0.174605 0.167434 0.0411435 0.0957233 0.0839154 0.0489393 0.129846 0.0665849 
0.0488059 0.159068 0.119247 0.12756 0.0449455 0.114655 0.113472 0.0493687 0.141084 0.0817933 
0.098625 0.024864 0.321841 0.111155 0.0525614 0.0797553 0.152614 0.0224953 0.0916755 0.0444136 
0.292673 0.0291286 0.0844105 0.0569411 0.0637423 0.109729 0.148129 0.0530492 0.110302 0.0518947 
0.0794568 0.0385438 0.124614 0.0569501 0.0746715 0.171899 0.0396219 0.0602495 0.249554 0.104439 
0.0949805 0.116591 0.0760573 0.102946 0.0441977 0.216167 0.0347643 0.107732 0.114372 0.0921925 
0.0479536 0.0465492 0.106342 0.133564 0.0386152 0.0789103 0.025926 0.33708 0.0800304 0.10503 
0.0337337 0.0714154 0.0655133 0.12777 0.0818232 0.100612 0.0301873 0.218151 0.104773 0.166021 
0.0335826 0.127634 0.0758459 0.110102 0.106014 0.133333 0.0524319 0.072854 0.128873 0.159329 
0.0293284 0.226783 0.093779 0.149937 0.0444945 0.0984408 0.0825615 0.0757482 0.113182 0.0857456 
0.132616 0.0653711 0.0506986 0.109697 0.0661047 0.171823 0.0785357 0.0455651 0.160229 0.11936 
0.0275724 0.226345 0.067714 0.14358 0.0641642 0.0857105 0.0767888 0.0961402 0.103548 0.108437 
0.114138 0.0270343 0.0931529 0.15539 0.101554 0.136893 0.0577472 0.0356974 0.153634 0.124759 
0.293186 0.0428355 0.0876031 0.121304 0.0440032 0.099241 0.083174 0.091748 0.0721114 0.0647942 
0.0702692 0.0278709 0.109283 0.162316 0.0618139 0.212764 0.0252416 0.0561414 0.159159 0.115141 
0.253843 0.0262646 0.0879968 0.075065 0.0695695 0.121306 0.073827 0.0883819 0.109435 0.0943111 
0.039747 0.174618 0.0796852 0.141328 0.0615703 0.108751 0.0822487 0.108151 0.0952192 0.108681 
0.0616195 0.0413453 0.0658883 0.0690992 0.11989 0.0799236 0.0476144 0.146154 0.155996 0.212471 
0.022785 0.0360464 0.0849825 0.0727791 0.122073 0.0519101 0.043277 0.180097 0.138809 0.247241 
0.0453218 0.0305887 0.0881267 0.0675608 0.20034 0.089543 0.0748736 0.128051 0.123879 0.151715 
0.0330069 0.221493 0.0981937 0.125333 0.0425346 0.0911212 0.0810204 0.0902678 0.115447 0.101582 
0.0512092 0.0355914 0.092338 0.0989522 0.0992215 0.0974901 0.051808 0.0984235 0.204759 0.170207 
0.0855557 0.0371121 0.184345 0.129469 0.0577546 0.106983 0.0985837 0.0616418 0.155953 0.0826023 
0.043507 0.172571 0.0838091 0.129063 0.0691695 0.0941128 0.091797 0.118833 0.0856588 0.111478 
0.0703534 0.126635 0.155299 0.19768 0.0390549 0.0853939 0.117146 0.0225392 0.144094 0.041804 
0.0804339 0.0339822 0.0717655 0.0739138 0.154377 0.071783 0.070451 0.127317 0.117534 0.198442 
0.0568348 0.104973 0.100503 0.121098 0.0811376 0.084251 0.0701996 0.162112 0.105998 0.112891 
0.0831894 0.056286 0.0600044 0.103595 0.0967367 0.26232 0.0396348 0.120423 0.0968589 0.0809513 
0.0711236 0.0437721 0.109289 0.0631683 0.114944 0.0898884 0.0815224 0.119599 0.120837 0.185856 
0.0497854 0.0469956 0.28531 0.189292 0.0444318 0.0717631 0.137815 0.0284912 0.102049 0.0440671 
0.0664538 0.0519858 0.125502 0.0919242 0.0865798 0.175549 0.217226 0.0215746 0.109394 0.0538108 
0.0563762 0.0239232 0.0471146 0.0945795 0.322241 0.0478724 0.0598201 0.0903728 0.0714776 0.186222 
0.0532408 0.153939 0.102199 0.129627 0.0592021 0.145246 0.0766373 0.0639043 0.122042 0.0939627 
0.0727945 0.0736837 0.0825546 0.097276 0.10149 0.2286 0.099143 0.0428321 0.126584 0.0750415 
0.038214 0.0981482 0.048818 0.0722773 0.148632 0.169821 0.0886428 0.0555201 0.151202 0.128725 
0.105322 0.0876833 0.154091 0.215518 0.0270366 0.193718 0.0741706 0.00687714 0.109232 0.0263506 
0.0459126 0.0475774 0.094339 0.0622941 0.106689 0.108771 0.0667542 0.16286 0.113472 0.191331 
0.0456844 0.120834 0.255361 0.099756 0.0784688 0.0612472 0.120067 0.0235998 0.104143 0.0908384 
0.242553 0.0321486 0.107657 0.0983547 0.0504696 0.177394 0.0308974 0.0535671 0.102257 0.104703 
0.0482564 0.0670522 0.0565861 0.0848947 0.239525 0.0982153 0.0546585 0.0788462 0.100528 0.171437 
0.533767 0.0124897 0.0667641 0.0774638 0.0229903 0.138629 0.0312186 0.0284431 0.0583925 0.0298417 
0.375423 0.0227442 0.0851457 0.0690568 0.0339617 0.169431 0.0622831 0.052499 0.0850263 0.0444292 
0.0908497 0.0650871 0.228119 0.155724 0.0268185 0.119209 0.0993924 0.0128425 0.155863 0.0460946 
0.0664326 0.0884686 0.0942908 0.189743 0.0382939 0.143231 0.0347411 0.0464007 0.186887 0.111511 
0.0727014 0.0831021 0.0852555 0.0849348 0.118586 0.0927971 0.142027 0.11878 0.0794677 0.122348 
0.0360389 0.0463111 0.145708 0.0995063 0.0988674 0.0707145 0.0557802 0.220994 0.0956616 0.130419 
0.028661 0.205901 0.0983472 0.123659 0.0572862 0.117405 0.0901928 0.081372 0.109125 0.0880516 
0.0638193 0.0436328 0.138691 0.117009 0.085087 0.0794225 0.0724241 0.155718 0.115572 0.128623 
0.03974 0.0636191 0.0518603 0.0982532 0.195858 0.0945117 0.0655126 0.134727 0.108407 0.147512 
0.212477 0.0076534 0.178774 0.0453166 0.0382933 0.281067 0.0357967 0.0188983 0.155983 0.0257411 
0.0490979 0.141684 0.237655 0.157998 0.0308183 0.0731948 0.0982616 0.0468529 0.108145 0.0562935 
0.0462271 0.0958215 0.134576 0.107397 0.116935 0.0627223 0.0543069 0.121114 0.116869 0.144031 
0.0485747 0.046748 0.0463681 0.0681526 0.228301 0.104818 0.0960493 0.0893543 0.152056 0.119578 
0.0819345 0.0897711 0.13115 0.223105 0.0712626 0.135449 0.0554711 0.0332478 0.103521 0.0750887 
0.0710147 0.0819669 0.0979955 0.189623 0.102932 0.132893 0.061257 0.0556619 0.11689 0.0897651 
0.457629 0.00453199 0.0986435 0.0337498 0.0288381 0.108038 0.0802053 0.0232191 0.111699 0.0534467 
0.354922 0.0160569 0.0663728 0.0507235 0.0609267 0.124533 0.0889569 0.0484379 0.111359 0.0777115 
0.078899 0.0417708 0.130488 0.131544 0.147508 0.1932 0.0660191 0.0286411 0.108009 0.0739213 
0.028669 0.208052 0.0776869 0.155019 0.0533149 0.110528 0.077434 0.0881083 0.100372 0.100816 
0.0728818 0.0187018 0.0976098 0.0504376 0.156045 0.0557611 0.0648394 0.139991 0.151945 0.191788 
0.0834668 0.0759368 0.0652556 0.0669499 0.0990717 0.145033 0.210425 0.0272382 0.158833 0.0677888 
0.046378 0.0618683 0.0271043 0.0557596 0.166321 0.247966 0.0699409 0.103541 0.140406 0.0807151 
0.139056 0.0423489 0.148631 0.172366 0.0897952 0.107068 0.069916 0.0293819 0.124806 0.076631 
0.100657 0.0251439 0.0870863 0.0771682 0.099445 0.304702 0.0956552 0.0208934 0.123582 0.0656678 
0.0243785 0.132318 0.0655535 0.151729 0.0549627 0.128742 0.0533697 0.153946 0.113038 0.121963 
0.0459734 0.0664597 0.0956448 0.162997 0.0651981 0.100382 0.0436738 0.175118 0.126003 0.118549 
0.031788 0.0768447 0.0556888 0.127827 0.104155 0.152389 0.0553369 0.106128 0.109664 0.180177 
0.078249 0.120118 0.0869378 0.21313 0.0726082 0.113536 0.034966 0.0485958 0.117322 0.114538 
0.143888 0.0962887 0.0898153 0.0966281 0.0801851 0.115314 0.0622567 0.0892471 0.100142 0.126236 
0.066985 0.0383058 0.10924 0.0831131 0.178373 0.0928212 0.0873989 0.0985644 0.11646 0.128739 
0.0573888 0.0996376 0.210198 0.13852 0.022896 0.14137 0.123914 0.013238 0.137926 0.0549111 
0.281612 0.0166698 0.0567502 0.0485011 0.074042 0.179809 0.0923762 0.0438523 0.110643 0.0957449 
0.0435404 0.103297 0.0794834 0.0848854 0.0811396 0.0890252 0.0449182 0.212311 0.11826 0.14314 
0.0285732 0.20731 0.0785616 0.148256 0.0562693 0.0838801 0.0816317 0.0997103 0.10461 0.111197 
0.0338873 0.195185 0.0760032 0.148418 0.0581469 0.0890608 0.0850566 0.107198 0.0950678 0.111976 
0.0474856 0.12983 0.161934 0.211185 0.0607702 0.0846072 0.0934398 0.0378169 0.122054 0.0508762 
0.0335644 0.227779 0.071066 0.133265 0.0637978 0.076393 0.0734207 0.110788 0.0940872 0.115839 
0.0735557 0.0274765 0.0877806 0.107378 0.142511 0.266631 0.0341843 0.0413738 0.155097 0.0640122 
0.0977049 0.07343 0.0923114 0.220248 0.0890819 0.120663 0.0307566 0.0688299 0.104757 0.102218 
0.0664377 0.0867742 0.133527 0.168464 0.0774458 0.146219 0.0589098 0.0655382 0.113769 0.0829155 
0.0473957 0.0488718 0.08652 0.0758608 0.186174 0.0753971 0.0650065 0.10026 0.126045 0.18847 
0.0480501 0.0309703 0.068323 0.151958 0.0606652 0.0784482 0.0250908 0.295206 0.0779449 0.163344 
0.0997759 0.0200093 0.0925936 0.0922846 0.0721524 0.235107 0.0327695 0.0272379 0.175913 0.152156 
0.0639838 0.0551919 0.144247 0.0803167 0.0781485 0.167885 0.2398 0.0160095 0.108547 0.0458704 
0.0840352 0.0972479 0.0775233 0.21493 0.0352416 0.155703 0.104962 0.0781932 0.0740324 0.0781319 
0.0689515 0.0577526 0.12502 0.109259 0.10555 0.0823575 0.144858 0.100789 0.098481 0.106982 
0.036053 0.207561 0.0819345 0.137726 0.047997 0.11795 0.0707744 0.0925672 0.104805 0.102633 
0.129919 0.0752987 0.0634805 0.227844 0.0498458 0.176918 0.0270226 0.0505585 0.106389 0.0927249 
0.0540383 0.0685062 0.0900352 0.10974 0.0888084 0.181267 0.102399 0.0398215 0.174921 0.0904635 
0.0345229 0.211759 0.0752406 0.14179 0.0565368 0.0938697 0.065192 0.0908286 0.11525 0.11501 
0.306874 0.0187653 0.0874552 0.118823 0.0461008 0.117365 0.050474 0.0584453 0.0924517 0.103245 
0.0623537 0.0767138 0.0442793 0.0769221 0.128543 0.299709 0.0615788 0.0475354 0.1354 0.0669639 
0.044691 0.189338 0.107944 0.105705 0.0453942 0.113186 0.0908491 0.0873579 0.114355 0.10118 
0.0237302 0.0417498 0.113893 0.186832 0.0774501 0.0867791 0.0326088 0.169474 0.12458 0.142902 
0.0301322 0.167012 0.09031 0.145812 0.0714419 0.11335 0.0747271 0.0778577 0.107294 0.122062 
0.0825445 0.0440636 0.0902409 0.114966 0.0743979 0.286893 0.0556207 0.0268103 0.148615 0.075848 
0.251366 0.018161 0.114395 0.144838 0.0427711 0.149515 0.0388659 0.0459976 0.140824 0.0532658 
0.068239 0.0278473 0.078573 0.0493446 0.14466 0.0861778 0.189362 0.0665613 0.122128 0.167107 
0.0521048 0.16234 0.115721 0.112901 0.0874404 0.0829838 0.0977568 0.0831914 0.119268 0.0862928 
0.0900538 0.0690554 0.0898751 0.0902213 0.0751248 0.147993 0.0936939 0.0426389 0.210618 0.0907255 
0.0914832 0.0388774 0.0396984 0.122123 0.104662 0.291597 0.0298103 0.0479952 0.124242 0.109512 
0.0627462 0.149687 0.0819384 0.129609 0.070282 0.103487 0.0908028 0.121026 0.0886282 0.101793 
0.0403161 0.0847811 0.0471682 0.108051 0.0981485 0.0968231 0.0493596 0.180778 0.120922 0.173652 
0.0519008 0.0574708 0.0645422 0.0705621 0.183968 0.109346 0.0741241 0.108981 0.124883 0.154222 
0.0555491 0.0188857 0.0825914 0.0773196 0.325922 0.0611447 0.0922524 0.090784 0.109646 0.0859049 
0.0555135 0.0624647 0.101662 0.0734093 0.115996 0.0986088 0.225028 0.056773 0.10931 0.101235 
0.100201 0.0218613 0.12459 0.117329 0.0573901 0.107985 0.0289028 0.182289 0.136484 0.122967 
0.0300796 0.117777 0.226116 0.189174 0.0222656 0.104038 0.154749 0.0248322 0.0957965 0.0351705 
0.106552 0.0488397 0.108208 0.0850485 0.0904754 0.233665 0.0477951 0.0456632 0.148592 0.0851622 
0.215908 0.0320576 0.086595 0.0940389 0.081033 0.180886 0.0675868 0.0615208 0.103523 0.0768503 
0.0637063 0.110884 0.0944793 0.0935137 0.0885133 0.127443 0.141299 0.0811448 0.0980479 0.100969 
0.0599994 0.0211481 0.0921329 0.0926743 0.160561 0.202091 0.0469971 0.0305239 0.166303 0.12757 
0.0943322 0.05539 0.140267 0.0821982 0.0872378 0.144542 0.185024 0.0312424 0.114094 0.0656722 
0.127815 0.0519474 0.0555117 0.202298 0.0643728 0.159081 0.0292484 0.0934589 0.0957147 0.120552 
0.0393642 0.0268676 0.093527 0.165714 0.0637139 0.0926205 0.033859 0.277266 0.0867159 0.120352 
0.0595465 0.0970785 0.225408 0.178196 0.0227597 0.121162 0.119507 0.0121937 0.104977 0.0591725 
0.228075 0.0228272 0.152653 0.0968844 0.0761734 0.114861 0.0607134 0.0359392 0.107831 0.104042 
0.0550082 0.0922333 0.110665 0.115149 0.0837549 0.164841 0.0514969 0.0487699 0.171057 0.107025 
0.0561421 0.0571931 0.117393 0.108542 0.106392 0.11184 0.0590293 0.059567 0.179037 0.144864 
0.0778068 0.0549107 0.0783999 0.0702385 0.092923 0.327969 0.0768624 0.0387124 0.122408 0.0597696 
0.0431877 0.0610195 0.0672047 0.100501 0.184139 0.128272 0.0615872 0.105533 0.0980524 0.150504 
0.0365459 0.182835 0.0925899 0.144487 0.0556988 0.104019 0.074475 0.101259 0.0986613 0.109429 
0.0324782 0.235254 0.0810334 0.124255 0.0628557 0.0980038 0.0763904 0.0848666 0.092517 0.112346 
0.0776954 0.0454879 0.0774977 0.0768249 0.187334 0.113046 0.0973353 0.0798535 0.116323 0.128603 
0.18077 0.00879941 0.158194 0.034135 0.0551161 0.305894 0.0738068 0.0192515 0.138026 0.0260071 
0.0615286 0.0677866 0.120703 0.19872 0.0681165 0.047461 0.0588411 0.197833 0.106362 0.0726479 
0.0698647 0.0515012 0.0684752 0.210394 0.0910159 0.175387 0.0613951 0.0462919 0.119642 0.106032 
0.0800609 0.0505457 0.0663654 0.137548 0.0705828 0.121563 0.0454409 0.195811 0.094381 0.137702 
0.0593238 0.0554128 0.0967656 0.0469291 0.106148 0.112891 0.331395 0.0312074 0.102585 0.0573419 
0.043964 0.210003 0.0859138 0.132698 0.0536452 0.105464 0.0760137 0.0915695 0.0992938 0.101435 
0.130798 0.0636837 0.054801 0.11345 0.0769621 0.154605 0.13752 0.0788414 0.0911569 0.0981816 
0.0483899 0.0980582 0.161181 0.115149 0.0991136 0.103926 0.0607342 0.0793648 0.130682 0.103401 
0.058283 0.153506 0.113479 0.120483 0.0935096 0.0942312 0.0642266 0.0901682 0.116722 0.0953917 
0.0196345 0.0704666 0.0432514 0.130244 0.11222 0.131846 0.0484658 0.161239 0.112024 0.17061 
0.163391 0.0156479 0.297994 0.103154 0.0497971 0.0973819 0.0527316 0.0534172 0.0964026 0.0700824 
0.114554 0.0281367 0.139349 0.0904292 0.0890365 0.229994 0.0610578 0.0573532 0.120848 0.0692415 
0.0737614 0.0606335 0.12654 0.0865576 0.0974245 0.117551 0.219364 0.056939 0.0761891 0.0850398 
0.0371779 0.194333 0.0878132 0.141404 0.0627236 0.0911931 0.0703702 0.114152 0.0919002 0.108933 
0.131386 0.0477238 0.0687464 0.0485035 0.127277 0.0831866 0.0696219 0.142538 0.115423 0.165595 
0.087639 0.0447546 0.0508752 0.122429 0.0887325 0.230597 0.0795001 0.0412818 0.149787 0.104405 
0.067758 0.0880526 0.26037 0.120556 0.056861 0.0754441 0.103196 0.0408462 0.0976985 0.0892178 
0.0753508 0.0519097 0.0889031 0.145736 0.0994276 0.207979 0.0535247 0.0426444 0.152768 0.0817572 
0.0539043 0.0392497 0.073349 0.0615911 0.234942 0.101885 0.107217 0.0879362 0.114977 0.124949 
0.0958048 0.0267015 0.0659567 0.0587286 0.258906 0.0653576 0.140894 0.0717975 0.0839875 0.131865 
0.247362 0.0199413 0.181461 0.0892637 0.0667861 0.114815 0.0573073 0.0346007 0.115564 0.0728994 
0.0440249 0.0720721 0.137686 0.130336 0.0812878 0.118536 0.0617851 0.0625833 0.178409 0.113279 
0.104025 0.0500421 0.12519 0.200607 0.0807557 0.223216 0.033022 0.0329878 0.094655 0.0554994 
0.103697 0.0620001 0.067202 0.0659606 0.118366 0.144426 0.0910823 0.0960086 0.134745 0.116513 
0.0738308 0.0880615 0.120742 0.155931 0.0689308 0.113491 0.0721415 0.0766523 0.143196 0.087023 
0.0531832 0.0208948 0.0715381 0.0533108 0.324878 0.0661128 0.0427913 0.0774303 0.0881528 0.201708 
0.133952 0.0298211 0.0371471 0.0760895 0.0828861 0.221965 0.0899119 0.0414114 0.141386 0.14543 
0.278076 0.018086 0.0913683 0.0797987 0.0448031 0.143538 0.0180321 0.0909805 0.100572 0.134745 
0.114875 0.105324 0.086856 0.200754 0.0317717 0.140256 0.052308 0.0456438 0.147632 0.0745811 
0.0304791 0.170793 0.0964776 0.124503 0.0610669 0.120578 0.0803611 0.0928041 0.117392 0.105545 
0.0500765 0.023796 0.0755144 0.110638 0.047114 0.0891372 0.0232498 0.308249 0.105047 0.167179 
0.0364695 0.119218 0.0841098 0.13118 0.0665279 0.0990901 0.047538 0.163898 0.117897 0.134072 
0.0457065 0.024444 0.0327713 0.196808 0.0638273 0.275646 0.0107137 0.109553 0.134867 0.105664 
0.0671383 0.0129357 0.0446311 0.102421 0.0422146 0.113379 0.0110268 0.354083 0.104409 0.147762 
0.0484596 0.127975 0.0757663 0.0826994 0.145603 0.0662778 0.0782831 0.0906589 0.116686 0.167591 
0.0528327 0.0234363 0.056098 0.101316 0.08115 0.150723 0.0360053 0.25112 0.104478 0.142839 
0.0339103 0.213979 0.0852258 0.117439 0.0527945 0.0836783 0.116216 0.0843155 0.109251 0.103191 
