0.071384 0.0285763 0.0658177 0.179499 0.0615079 0.113176 0.0195908 0.234591 0.104546 0.121311 
0.127436 0.0693589 0.2568 0.086964 0.00894349 0.168022 0.139618 0.00381119 0.105353 0.033694 
0.0365797 0.158223 0.110746 0.109106 0.0860662 0.117005 0.0915869 0.0940427 0.103173 0.0934711 
0.281956 0.0288546 0.0823583 0.0940519 0.0301905 0.178292 0.0766476 0.0639655 0.0842853 0.0793985 
0.0868495 0.0655227 0.0803693 0.0439658 0.204682 0.066945 0.11088 0.112571 0.116988 0.111227 
0.0268868 0.172224 0.11493 0.128422 0.0778246 0.0953559 0.0690321 0.103945 0.108458 0.102921 
0.0530799 0.041315 0.0332539 0.0822453 0.204321 0.134326 0.0460855 0.140177 0.124676 0.140521 
0.0306007 0.102229 0.0969291 0.0824287 0.0996096 0.131001 0.0664987 0.0741693 0.111914 0.20462 
0.122867 0.048156 0.0929112 0.0307708 0.139483 0.161053 0.213735 0.0306398 0.101563 0.0588213 
0.0508109 0.031332 0.0466903 0.0559809 0.164703 0.0873028 0.0478804 0.175172 0.13011 0.210018 
0.27032 0.0400685 0.108999 0.0681088 0.053985 0.140397 0.0952794 0.0353466 0.12224 0.065256 
0.0856679 0.0796381 0.12832 0.0857795 0.124508 0.0696097 0.171804 0.0504987 0.121079 0.0830958 
0.0571226 0.0349829 0.0689514 0.103222 0.124987 0.122709 0.0594127 0.132942 0.0995006 0.19617 
0.256657 0.0278608 0.10111 0.0664101 0.045633 0.157511 0.0337501 0.0731388 0.134167 0.103762 
0.0312855 0.216685 0.098874 0.149333 0.039123 0.106711 0.0974284 0.0585872 0.107734 0.0942397 
0.0949012 0.0449607 0.078474 0.114022 0.0608379 0.295308 0.0985194 0.0345489 0.125284 0.0531439 
0.0745938 0.0412535 0.0998638 0.0705588 0.15268 0.079997 0.0724406 0.139026 0.120751 0.148837 
0.0638231 0.017059 0.0662604 0.244503 0.0553451 0.0639236 0.0157916 0.29703 0.0939529 0.0823113 
0.0759255 0.0428808 0.156246 0.124631 0.075881 0.182948 0.0893709 0.0579846 0.133911 0.0602219 
0.0589892 0.0623457 0.0794312 0.0875048 0.185171 0.115049 0.093616 0.102502 0.0951282 0.120264 
0.0596284 0.0483643 0.036291 0.10431 0.115161 0.132399 0.0254331 0.17602 0.0855125 0.216881 
0.0783671 0.056325 0.107943 0.08395 0.0587212 0.20465 0.201604 0.0285445 0.101043 0.0788526 
0.0407193 0.060194 0.114667 0.0810347 0.12796 0.0790207 0.150828 0.118403 0.124014 0.103159 
0.090942 0.0459085 0.10764 0.090511 0.114419 0.233999 0.10186 0.0284621 0.108781 0.0774759 
0.0548735 0.0794313 0.0882971 0.0757108 0.212133 0.0803637 0.0869831 0.118062 0.0841588 0.119987 
0.402123 0.00836003 0.0619613 0.0253817 0.050919 0.146876 0.129236 0.0503336 0.0816216 0.0431871 
0.0590011 0.039838 0.0670374 0.105479 0.0662853 0.114044 0.0456375 0.239904 0.0744734 0.1883 
0.0776777 0.0400147 0.0741467 0.0606452 0.232238 0.120256 0.0901272 0.0926614 0.0859135 0.12632 
0.341403 0.0188896 0.10604 0.102551 0.0218108 0.141925 0.030031 0.0623568 0.103403 0.0715889 
0.0431155 0.1549 0.0919132 0.127522 0.0706547 0.139881 0.0997283 0.0638778 0.117987 0.0904202 
0.0357065 0.045619 0.0513576 0.231119 0.0487781 0.192493 0.0385576 0.124258 0.0992357 0.132876 
0.0427959 0.149535 0.0888229 0.13992 0.072607 0.117448 0.0871587 0.0907326 0.107736 0.103244 
0.0382862 0.0380619 0.0944422 0.16769 0.0712974 0.247043 0.043358 0.0409333 0.177728 0.0811601 
0.185891 0.0330084 0.10467 0.0244372 0.160427 0.158365 0.144667 0.0442664 0.090398 0.0538704 
0.0530875 0.0321322 0.0983634 0.13574 0.0866822 0.095677 0.0287331 0.235527 0.108209 0.125849 
0.100131 0.0749657 0.240996 0.091816 0.0422587 0.190925 0.0666041 0.0180724 0.149319 0.0249115 
0.067372 0.0286226 0.0693392 0.136009 0.055979 0.111232 0.0232686 0.237177 0.12925 0.141751 
0.0305583 0.179681 0.0892349 0.125317 0.0615909 0.126108 0.0796232 0.0844618 0.118556 0.104869 
0.110533 0.100006 0.215521 0.108791 0.0186615 0.129747 0.108354 0.0297285 0.123527 0.0551314 
0.0320547 0.167072 0.103807 0.134852 0.0449686 0.131573 0.105453 0.0511718 0.134514 0.0945324 
0.041686 0.171253 0.0988732 0.108733 0.0687788 0.13212 0.0960707 0.0752412 0.0991767 0.108067 
0.0837315 0.0642998 0.074253 0.128821 0.0852988 0.0832777 0.0470172 0.164331 0.105162 0.163808 
0.0217018 0.0635609 0.0806407 0.0872251 0.211094 0.0735564 0.0618184 0.122654 0.106066 0.171683 
0.0738392 0.0805885 0.210903 0.0976374 0.0750648 0.108866 0.0903423 0.0424097 0.122585 0.0977642 
0.0622477 0.0654838 0.100583 0.181717 0.0640588 0.172272 0.0924921 0.0555765 0.113338 0.0922311 
0.096465 0.0559156 0.0763513 0.130732 0.0693951 0.251262 0.0784351 0.0372158 0.109296 0.0949319 
0.0241877 0.158822 0.107824 0.166731 0.0702681 0.131426 0.0685838 0.0641371 0.106152 0.10187 
0.0754578 0.0684146 0.190753 0.129425 0.0408102 0.101102 0.195878 0.0285963 0.0960113 0.0735519 
0.0203659 0.0308393 0.0430596 0.0682237 0.302898 0.111947 0.0540387 0.0835988 0.123476 0.161554 
0.070859 0.0468382 0.101168 0.0580761 0.226328 0.0438235 0.0749015 0.102546 0.136257 0.139203 
0.136295 0.045197 0.106245 0.0853015 0.056575 0.174909 0.217678 0.0380049 0.072459 0.0673357 
0.080571 0.0362677 0.181749 0.178091 0.0581378 0.172656 0.0803042 0.0673409 0.0993468 0.0455345 
0.112717 0.0756853 0.0744664 0.0796814 0.119216 0.227673 0.0768264 0.0568083 0.0875003 0.0894264 
0.0824495 0.0773978 0.0784841 0.107429 0.104627 0.196465 0.0998106 0.044063 0.103941 0.105333 
0.0771973 0.0300623 0.28258 0.0829338 0.0792079 0.0509246 0.205671 0.0215352 0.138714 0.0311742 
0.24951 0.0262552 0.10978 0.0963609 0.0412194 0.182584 0.0491335 0.0452887 0.122068 0.0778006 
0.0546419 0.0212415 0.0847954 0.0487903 0.309158 0.0854975 0.0953264 0.0947617 0.103598 0.102188 
0.0361236 0.17621 0.118444 0.109635 0.0651427 0.103475 0.0668389 0.0985882 0.119299 0.106245 
0.0603525 0.0359964 0.0734591 0.0726873 0.146449 0.0982126 0.0543767 0.150784 0.11535 0.192332 
0.124113 0.0762995 0.0776713 0.07461 0.0959794 0.198072 0.0628883 0.0860837 0.115799 0.088483 
0.0180879 0.0327611 0.0745102 0.187366 0.0461835 0.0695842 0.0207165 0.410982 0.0743284 0.065481 
0.0937965 0.0364904 0.171509 0.0924159 0.0771414 0.120356 0.080238 0.0548252 0.184586 0.0886416 
0.0694577 0.0556598 0.120373 0.0847789 0.128634 0.120063 0.100211 0.0903362 0.101064 0.129421 
0.0505706 0.0995968 0.169599 0.191624 0.0684574 0.0975115 0.0685126 0.0309096 0.0854692 0.137749 
0.0344709 0.0262651 0.115403 0.167773 0.0976787 0.0682203 0.0213944 0.257224 0.10295 0.10862 
0.0541537 0.0828361 0.0853017 0.0931215 0.152859 0.136931 0.0975779 0.0779862 0.10015 0.119083 
0.0751774 0.0871926 0.126501 0.125986 0.118191 0.0870235 0.118939 0.100384 0.0809306 0.0796755 
0.0743285 0.0410837 0.0644108 0.0571001 0.275486 0.0763325 0.0934621 0.101292 0.0936796 0.122825 
0.0518622 0.0328834 0.0891379 0.270933 0.0533356 0.177995 0.0384294 0.0572053 0.133649 0.094569 
0.366118 0.0148437 0.106899 0.0664225 0.0212189 0.203255 0.0892467 0.0332408 0.0644993 0.0342563 
0.0798905 0.0307427 0.0766313 0.16052 0.0485134 0.0420064 0.0173991 0.389914 0.0816579 0.0727241 
0.399966 0.0148114 0.10794 0.0396152 0.0279267 0.142344 0.100293 0.0163246 0.117794 0.0329864 
0.144249 0.0296193 0.258421 0.160608 0.0408598 0.116869 0.0671619 0.020471 0.116757 0.0449844 
0.0278838 0.0952135 0.0662773 0.151185 0.057466 0.109612 0.0298403 0.157661 0.140244 0.164618 
0.0315494 0.177627 0.0928687 0.1238 0.0547536 0.128238 0.0887287 0.0745957 0.125537 0.102301 
0.0273225 0.0618529 0.0860083 0.111099 0.0862285 0.0774303 0.0370628 0.228293 0.123397 0.161306 
0.0691359 0.107946 0.0927606 0.163121 0.0578485 0.180704 0.0758071 0.0382606 0.115021 0.0993946 
0.0676283 0.105198 0.0953255 0.0803311 0.0774245 0.100458 0.0458579 0.137258 0.117998 0.172521 
0.0270403 0.0922528 0.0612495 0.161102 0.0968795 0.115385 0.0467268 0.106151 0.1298 0.163413 
0.0346484 0.0267469 0.0320422 0.0919284 0.0654563 0.0833041 0.0104938 0.370088 0.127462 0.157829 
0.0517423 0.0572957 0.0632238 0.112229 0.104162 0.147628 0.0489591 0.199824 0.0710453 0.14389 
0.14988 0.0402796 0.112556 0.0765926 0.072611 0.168399 0.191702 0.049728 0.0728839 0.0653678 
0.110984 0.0347061 0.334421 0.133972 0.036378 0.0886559 0.0797567 0.0127734 0.115993 0.0523596 
0.0552824 0.0496833 0.0667959 0.116419 0.0851517 0.124343 0.0375449 0.226145 0.085679 0.152956 
0.050741 0.0846923 0.0812376 0.0749452 0.128176 0.172561 0.0632594 0.0409896 0.207501 0.0958973 
0.0262292 0.0262059 0.0322754 0.0683785 0.34117 0.092741 0.0605209 0.0728408 0.146014 0.133624 
0.0287368 0.0657164 0.0637519 0.138696 0.0625078 0.0924171 0.0218032 0.263983 0.11361 0.148778 
0.0829764 0.0414897 0.053744 0.147138 0.0867664 0.259701 0.0714529 0.0802159 0.0998627 0.0766537 
0.087074 0.0476821 0.144743 0.0482831 0.108778 0.0898604 0.292533 0.0337067 0.0705611 0.0767787 
0.0306221 0.187137 0.112831 0.103905 0.0795441 0.109153 0.101802 0.0717864 0.115766 0.0874544 
0.0805109 0.0579552 0.0703398 0.290211 0.0386391 0.142269 0.0195276 0.0779665 0.105866 0.116714 
0.0455598 0.0561308 0.12428 0.114246 0.0749351 0.140075 0.27486 0.0297059 0.0789164 0.0612906 
0.0474576 0.0927526 0.0929007 0.0822341 0.119948 0.109237 0.0984872 0.111156 0.110319 0.135508 
0.0554863 0.0434488 0.0711502 0.257828 0.0374102 0.177028 0.0316709 0.110951 0.104554 0.110472 
0.0162958 0.194232 0.0928205 0.116419 0.0776573 0.150491 0.100394 0.036813 0.13379 0.0810886 
0.0418183 0.0622881 0.0583407 0.0289284 0.269752 0.0719849 0.140239 0.0831537 0.104517 0.138978 
0.0295201 0.159648 0.0733807 0.137124 0.0744881 0.132199 0.0724481 0.108061 0.102936 0.110194 
0.0359193 0.0808238 0.104925 0.142196 0.0704633 0.141235 0.0634251 0.161478 0.102107 0.0974276 
0.120518 0.0515284 0.109017 0.0648139 0.05169 0.184953 0.257407 0.0216254 0.0986338 0.0398135 
0.0312082 0.0497463 0.085187 0.0546218 0.127067 0.0466498 0.0511949 0.139917 0.125796 0.288612 
0.0736449 0.127812 0.120361 0.0889145 0.0786947 0.0648238 0.212189 0.0544475 0.099827 0.0792847 
0.229676 0.0396505 0.0910739 0.0592393 0.0469736 0.166187 0.0773647 0.0490952 0.145962 0.0947781 
0.0433184 0.0255169 0.0235947 0.100102 0.105839 0.276739 0.0181152 0.102733 0.182488 0.121554 
0.0675092 0.0383953 0.0788478 0.0838209 0.273429 0.094756 0.0805874 0.079198 0.0832731 0.120184 
0.0472066 0.0512648 0.0913967 0.0788776 0.0968302 0.161371 0.082035 0.0798621 0.125953 0.185203 
0.0502705 0.0508162 0.10374 0.0820986 0.140697 0.104337 0.0690542 0.10817 0.101559 0.189258 
0.134475 0.0254858 0.228781 0.136311 0.0754413 0.0909753 0.0869701 0.0288644 0.144485 0.0482111 
0.075786 0.150504 0.132481 0.108581 0.0499438 0.126893 0.0853562 0.060588 0.125296 0.0845708 
0.0373541 0.0627212 0.0416403 0.104763 0.141003 0.152285 0.0566464 0.117289 0.111894 0.174404 
0.101456 0.0628677 0.083799 0.0584801 0.154998 0.0994304 0.0942588 0.102181 0.0916464 0.150883 
0.0568013 0.108623 0.101738 0.177939 0.0569176 0.132322 0.053831 0.0270072 0.171113 0.113708 
0.027376 0.157597 0.111772 0.153519 0.0641689 0.0801471 0.0541753 0.131326 0.100034 0.119885 
0.0825662 0.0897179 0.0956771 0.17949 0.0566505 0.169963 0.0617792 0.0546487 0.112556 0.0969518 
0.0223286 0.0674888 0.0796702 0.113114 0.132944 0.0817819 0.0649432 0.122266 0.108887 0.206577 
0.046287 0.0846538 0.122693 0.104385 0.0820632 0.0664658 0.0729346 0.191082 0.0843749 0.145061 
0.0791563 0.0767295 0.088678 0.0724923 0.138704 0.0925679 0.139289 0.069295 0.0974734 0.145615 
0.0372139 0.067936 0.0842858 0.11465 0.169443 0.102833 0.0815351 0.10404 0.112652 0.125411 
0.0362853 0.0324803 0.075318 0.0408341 0.340385 0.0540834 0.0848412 0.0811579 0.125896 0.128718 
0.0836095 0.0493741 0.0819256 0.0821052 0.130176 0.104965 0.074753 0.116692 0.107353 0.169048 
0.106208 0.0376093 0.129881 0.0586989 0.0688112 0.157221 0.0832052 0.126978 0.124272 0.107116 
0.0531952 0.0260896 0.0810231 0.119499 0.0923444 0.287766 0.0460269 0.0430335 0.165018 0.0860029 
0.104631 0.0376709 0.124449 0.0531167 0.134422 0.0815473 0.132517 0.0789656 0.124315 0.128366 
0.049442 0.0637555 0.10623 0.147911 0.089126 0.107982 0.058597 0.205275 0.0695391 0.102142 
0.073468 0.0635322 0.113263 0.128371 0.0683182 0.115406 0.20672 0.0559959 0.0814534 0.0934719 
0.0406876 0.0310456 0.0223642 0.0904444 0.177445 0.0592456 0.0500778 0.251329 0.157679 0.119683 
0.0342227 0.114132 0.0908714 0.0957813 0.103143 0.0795839 0.0914285 0.0891475 0.119957 0.181733 
0.21174 0.0156605 0.142956 0.161681 0.0365061 0.15752 0.0373255 0.0747986 0.0959128 0.0659003 
0.0791194 0.0711592 0.0884947 0.0806745 0.109563 0.28324 0.0494259 0.0393785 0.129796 0.0691489 
0.0177663 0.0476343 0.0827191 0.144671 0.0741411 0.15307 0.0355441 0.0673101 0.24767 0.129475 
0.0785256 0.054158 0.0809706 0.108791 0.116986 0.230695 0.0474122 0.0506665 0.122901 0.108894 
0.0637077 0.0367712 0.0867327 0.0601209 0.115814 0.158369 0.260549 0.0427809 0.0846207 0.0905334 
0.0590056 0.031568 0.103149 0.0504038 0.0724636 0.178634 0.323624 0.0306288 0.0964543 0.054069 
0.062126 0.0316078 0.109879 0.111623 0.0365785 0.315621 0.100882 0.0187689 0.155643 0.0572715 
0.0692347 0.0264684 0.168362 0.099986 0.100168 0.0470199 0.0374253 0.223642 0.106141 0.121553 
0.0385413 0.0830599 0.114362 0.136151 0.0663942 0.168415 0.0529969 0.0485453 0.204119 0.0874162 
0.0299809 0.194182 0.115186 0.130843 0.0386034 0.1119 0.100651 0.0528038 0.136925 0.0889255 
0.275942 0.0260429 0.106408 0.0755799 0.0354794 0.168975 0.0828982 0.0448818 0.108199 0.0755944 
0.0315703 0.184761 0.158754 0.112433 0.0478925 0.0957032 0.0827033 0.067655 0.127441 0.0910861 
0.0784753 0.0550695 0.0974595 0.0717761 0.0934367 0.110008 0.242921 0.0637184 0.0718597 0.115276 
0.0669972 0.0580747 0.0896526 0.0458243 0.210434 0.0645858 0.0969808 0.105068 0.14883 0.113552 
0.133201 0.0667759 0.110654 0.0786251 0.0751844 0.136844 0.201357 0.0439106 0.0865664 0.0668819 
0.0464295 0.0581274 0.0859944 0.123161 0.0441984 0.0878956 0.021242 0.363846 0.0907147 0.0783912 
0.0402683 0.0332575 0.172086 0.178662 0.111687 0.0826204 0.0194574 0.106308 0.167076 0.0885775 
0.0306331 0.199257 0.114622 0.110818 0.0543606 0.107143 0.099089 0.0696781 0.116596 0.0978034 
0.050702 0.0555579 0.148301 0.0923985 0.0892562 0.0739161 0.0477337 0.161825 0.0929046 0.187405 
0.0610159 0.165916 0.100107 0.11418 0.0683751 0.124904 0.0932882 0.0700084 0.110841 0.0913654 
0.0448039 0.0660289 0.128036 0.094752 0.101117 0.14061 0.0703608 0.0831608 0.16351 0.107621 
0.0614316 0.0287516 0.325547 0.187242 0.0749363 0.155625 0.0626872 0.0125237 0.0696326 0.0216232 
0.259258 0.0286078 0.107079 0.0883374 0.034837 0.169977 0.0874299 0.0453831 0.104114 0.0749764 
0.0396095 0.0765275 0.103178 0.113739 0.132638 0.0955647 0.0850359 0.0822679 0.0995376 0.171902 
0.0514274 0.0587977 0.099207 0.0927836 0.131416 0.109349 0.0907487 0.0899376 0.111791 0.164543 
0.0972293 0.021365 0.1293 0.0846715 0.0684069 0.0967506 0.0316115 0.0639177 0.156944 0.249803 
0.123236 0.0473551 0.0976102 0.0523159 0.12958 0.252955 0.0420775 0.0647832 0.112098 0.077989 
0.0942679 0.0550175 0.0850639 0.134301 0.0515934 0.210438 0.0724136 0.0434884 0.134669 0.118748 
0.0382207 0.172446 0.0981979 0.119204 0.0720854 0.0882674 0.090376 0.0981654 0.100997 0.122041 
0.059254 0.0708565 0.058307 0.0515601 0.203766 0.276729 0.0972328 0.035125 0.0845583 0.0626116 
0.0950324 0.0142634 0.0988709 0.0559214 0.112705 0.110446 0.2803 0.0621809 0.0732876 0.096993 
0.270467 0.0295523 0.105142 0.0737663 0.0423449 0.119217 0.0941133 0.0721588 0.0931963 0.100043 
0.159444 0.0430138 0.162996 0.208108 0.0291185 0.118789 0.0693407 0.0803822 0.0798434 0.0489637 
0.049945 0.0942248 0.0817965 0.0997109 0.130729 0.0948928 0.103005 0.102963 0.0938815 0.148851 
0.0327987 0.0565073 0.0886674 0.0686495 0.224484 0.106514 0.075096 0.10294 0.104332 0.140011 
0.115219 0.0358179 0.0957873 0.0785743 0.0806355 0.14944 0.288768 0.0403735 0.0524652 0.0629194 
0.0608399 0.0317315 0.0687744 0.0967937 0.0630114 0.408071 0.0238404 0.0210538 0.166822 0.0590617 
0.032476 0.0222555 0.0523892 0.0758646 0.246869 0.0661334 0.0583165 0.200139 0.0855983 0.159958 
0.0608826 0.0399944 0.0975266 0.0817915 0.106079 0.0933206 0.187201 0.104371 0.0968072 0.132025 
0.0728855 0.0416711 0.0892338 0.109994 0.0593374 0.293662 0.0933123 0.0263425 0.1423 0.071262 
0.0957998 0.0426629 0.0946571 0.0643626 0.171961 0.0881069 0.083769 0.094766 0.108434 0.155481 
0.057425 0.0806044 0.0744894 0.127744 0.0890314 0.240566 0.0583043 0.0701768 0.0918129 0.109846 
0.0352939 0.200725 0.0961619 0.119528 0.046199 0.133175 0.119904 0.0553349 0.109329 0.0843477 
0.0549609 0.0378305 0.0602597 0.086492 0.232028 0.116452 0.0724671 0.117046 0.0837508 0.138712 
0.0416513 0.0627108 0.0914846 0.0933419 0.176732 0.121038 0.0792133 0.0973531 0.0970602 0.139415 
0.0485311 0.0706398 0.146609 0.173621 0.0473117 0.0554077 0.0200207 0.238949 0.0881869 0.110723 
0.103682 0.0681536 0.274224 0.125097 0.0258934 0.153783 0.0633556 0.00641932 0.135586 0.0438054 
0.150009 0.0509666 0.0829353 0.149128 0.0596534 0.18742 0.0509399 0.0662465 0.0938545 0.108848 
0.076039 0.106662 0.232494 0.102976 0.064567 0.0750224 0.107341 0.0398541 0.111321 0.0837228 
0.0441703 0.119924 0.0882914 0.144009 0.0795029 0.104777 0.0663544 0.138215 0.0910739 0.123682 
0.0417896 0.185013 0.102898 0.115582 0.0524408 0.127761 0.102475 0.0700049 0.104623 0.0974124 
0.0545779 0.0444049 0.139296 0.117298 0.0970588 0.146423 0.0670139 0.0699473 0.154785 0.109196 
0.0307307 0.192774 0.0995074 0.127503 0.0510365 0.100457 0.0895762 0.0857882 0.10835 0.114277 
0.0437646 0.0749606 0.147551 0.116226 0.0418969 0.177891 0.0745083 0.0318126 0.199684 0.0917043 
0.0333459 0.181423 0.0921156 0.146683 0.0546876 0.0935321 0.0668115 0.104155 0.105142 0.122105 
0.0406953 0.0745058 0.123282 0.121823 0.0547771 0.148445 0.115802 0.0254389 0.221813 0.073417 
0.0763799 0.0640611 0.0894064 0.11782 0.0752064 0.230527 0.0778258 0.054687 0.120237 0.0938491 
0.372861 0.0161369 0.0750363 0.0691623 0.0426473 0.191441 0.0881329 0.0266152 0.0886591 0.0293076 
0.0761069 0.0795519 0.0973462 0.131243 0.0599782 0.147989 0.131433 0.032911 0.153062 0.0903788 
0.0693016 0.0603974 0.0798053 0.0515209 0.18962 0.0658684 0.105771 0.0873268 0.115493 0.174896 
0.052422 0.0641273 0.297213 0.205857 0.0108952 0.100103 0.0686468 0.00855787 0.158101 0.0340758 
0.0734337 0.0401611 0.15094 0.11529 0.0454151 0.259613 0.0488911 0.0298898 0.138124 0.0982421 
0.429192 0.0127665 0.073391 0.051135 0.0256769 0.182591 0.0410487 0.0311319 0.100165 0.0529016 
0.0486137 0.150356 0.100422 0.131367 0.083883 0.128314 0.0901205 0.0691221 0.101528 0.0962734 
0.033515 0.183475 0.109497 0.124755 0.0671277 0.0794893 0.0619702 0.101499 0.126312 0.112359 
0.0330398 0.143503 0.0874807 0.141153 0.0900918 0.144075 0.0833863 0.0814088 0.101384 0.0944785 
0.233105 0.0337001 0.0766586 0.0780724 0.088461 0.206686 0.0918711 0.0645733 0.0773093 0.0495634 
0.0231996 0.044655 0.0795377 0.12121 0.158177 0.138544 0.0540745 0.117105 0.116073 0.147424 
0.232683 0.016527 0.0896381 0.106124 0.0427947 0.180449 0.0299447 0.0853985 0.108719 0.107722 
0.0426435 0.0836846 0.0884387 0.122307 0.0723917 0.169221 0.0985492 0.0576291 0.151423 0.113712 
0.0342135 0.176412 0.107615 0.112324 0.0468921 0.135081 0.116214 0.0487121 0.142374 0.0801628 
0.0527362 0.0383051 0.100454 0.0610758 0.0905396 0.163436 0.290293 0.0261607 0.117245 0.059755 
0.0445093 0.0410788 0.0840558 0.100784 0.165969 0.133911 0.0648094 0.123037 0.0981053 0.143741 
0.0502991 0.0713617 0.247628 0.184168 0.029451 0.0862605 0.0605935 0.0409619 0.147072 0.0822042 
0.0577282 0.0158145 0.127747 0.363034 0.0160722 0.220185 0.0302987 0.0190968 0.0898214 0.0602024 
0.164216 0.0499273 0.13095 0.0478005 0.0820518 0.0675752 0.283631 0.0393771 0.0696478 0.0648236 
0.037422 0.154684 0.131525 0.121841 0.0860726 0.0918467 0.0734295 0.0982165 0.117927 0.0870364 
0.0507039 0.16884 0.0994673 0.12812 0.0651321 0.110685 0.0899369 0.0809045 0.107134 0.0990759 
0.0377098 0.157393 0.105464 0.111163 0.0853593 0.11549 0.0897452 0.0977247 0.104182 0.0957686 
0.0642058 0.0701902 0.0985422 0.18296 0.0733621 0.15302 0.0777505 0.055836 0.119031 0.105103 
0.0314012 0.0546914 0.0447397 0.0818104 0.0990962 0.190543 0.0536133 0.0977262 0.121861 0.224517 
0.0642501 0.0391854 0.0678964 0.102528 0.0552385 0.299221 0.0637166 0.082415 0.141456 0.0840933 
0.09082 0.0717581 0.324529 0.0948451 0.0530942 0.0579915 0.0911458 0.0262905 0.114773 0.0747531 
0.0155683 0.0781057 0.0280052 0.07919 0.105294 0.184975 0.0419471 0.114255 0.117744 0.234915 
0.0488481 0.0282175 0.0798622 0.0863797 0.180139 0.12937 0.0869369 0.132121 0.109509 0.118617 
0.126308 0.0486581 0.0575383 0.10175 0.0795532 0.191187 0.0398706 0.132097 0.102529 0.120509 
0.0133942 0.0644778 0.0515891 0.112908 0.100745 0.148666 0.0555184 0.125735 0.12192 0.205047 
0.0536017 0.102704 0.106213 0.169451 0.080492 0.0990997 0.046378 0.0855991 0.103998 0.152463 
0.0265232 0.0518048 0.094586 0.128527 0.130823 0.107225 0.0507971 0.103611 0.123753 0.18235 
0.263518 0.0206504 0.0862503 0.0885692 0.049021 0.173418 0.057462 0.0702582 0.0913548 0.0994984 
0.0602817 0.0564117 0.122371 0.221481 0.0604638 0.10603 0.0470986 0.0914709 0.0959337 0.138457 
0.104076 0.0974887 0.0933334 0.0822052 0.0715803 0.232074 0.132888 0.0231625 0.118183 0.0450097 
0.0871466 0.0485081 0.0605724 0.102427 0.099043 0.209097 0.0440875 0.155619 0.112365 0.0811343 
0.112388 0.0622826 0.0537081 0.157056 0.0666814 0.276623 0.0381672 0.0615373 0.0871826 0.084373 
0.0535691 0.0300368 0.0527986 0.0849298 0.0805083 0.137601 0.0298459 0.247999 0.116302 0.16641 
0.136242 0.0256127 0.217302 0.15151 0.0626343 0.0837288 0.107774 0.0413724 0.0992614 0.0745627 
0.0924355 0.014358 0.51279 0.0550344 0.0264989 0.0782666 0.0517364 0.0267251 0.072767 0.0693884 
0.0595608 0.0394307 0.0693289 0.137067 0.0600529 0.0919661 0.021438 0.253123 0.105835 0.162196 
0.0525389 0.139554 0.110779 0.112582 0.109991 0.111665 0.0776051 0.0989861 0.0927959 0.0935033 
0.0963176 0.0600577 0.238097 0.129409 0.0479677 0.131345 0.0424861 0.025432 0.179872 0.049016 
0.0195614 0.0518477 0.0877664 0.126477 0.0999226 0.162727 0.0434891 0.087078 0.223795 0.0973359 
0.0914006 0.0707884 0.114769 0.0893972 0.137071 0.0896579 0.092958 0.0750383 0.106347 0.132573 
0.0387959 0.183847 0.132294 0.10996 0.0595678 0.103348 0.0753095 0.084225 0.110301 0.102352 
0.0735897 0.0830645 0.0709156 0.137123 0.0780166 0.0851072 0.0424619 0.177616 0.0973909 0.154715 
0.0908832 0.0939241 0.100333 0.200702 0.0216799 0.173319 0.0613584 0.0859997 0.0872428 0.0845588 
0.0667908 0.129624 0.110088 0.18437 0.0616679 0.133118 0.0478557 0.0435511 0.118941 0.103994 
0.0493268 0.0523369 0.151472 0.0814716 0.0647354 0.167495 0.157772 0.0154064 0.184276 0.0757082 
0.0310486 0.037136 0.0817983 0.17332 0.0531127 0.141937 0.0169606 0.142327 0.185155 0.137205 
0.0677855 0.0559887 0.0749112 0.155892 0.0747106 0.0818831 0.054321 0.191166 0.0924861 0.150855 
0.0674949 0.0444208 0.109713 0.103944 0.103021 0.114963 0.05991 0.143354 0.0848444 0.168336 
0.049004 0.051717 0.289594 0.168336 0.0458836 0.0831921 0.122593 0.0258734 0.0933952 0.0704115 
0.0482325 0.134706 0.209462 0.15812 0.0448065 0.0673624 0.145238 0.0302734 0.0939731 0.0678255 
0.0515066 0.0545446 0.0623794 0.0461258 0.285028 0.0622543 0.117081 0.0852281 0.0912109 0.144641 
0.0381393 0.201543 0.0968612 0.136778 0.0490707 0.0982907 0.100494 0.0771822 0.103703 0.0979377 
0.0648692 0.0551436 0.0933388 0.117867 0.0550153 0.248958 0.0918224 0.0303719 0.162839 0.0797758 
0.0726853 0.0317588 0.121926 0.122839 0.0790047 0.15295 0.0617434 0.0730051 0.159241 0.124848 
0.0852314 0.0321206 0.100278 0.0509381 0.0885398 0.0951609 0.0697923 0.0604642 0.235291 0.182184 
0.0384961 0.0494176 0.120557 0.123384 0.119899 0.0836306 0.0821799 0.204133 0.0726763 0.105625 
0.0755421 0.099815 0.149356 0.130813 0.0670976 0.0940806 0.0637428 0.099763 0.0907855 0.129004 
0.0790825 0.0501272 0.0679175 0.159278 0.0776139 0.192864 0.148951 0.0759004 0.0798144 0.0684512 
0.357628 0.0107288 0.195267 0.0522377 0.0232572 0.135379 0.0738314 0.01516 0.106436 0.0300754 
0.064917 0.0742356 0.17142 0.143463 0.0697062 0.0999851 0.123467 0.030494 0.0893345 0.132977 
0.0500301 0.0311751 0.0469997 0.0300812 0.325371 0.0619769 0.0755611 0.0998727 0.142091 0.13684 
0.0456397 0.153795 0.171573 0.160456 0.0403832 0.104773 0.147039 0.0331816 0.0943469 0.0488124 
0.0314177 0.0480644 0.0686198 0.0868923 0.230951 0.118736 0.0612132 0.0862826 0.114273 0.153549 
0.0741037 0.120296 0.0887807 0.113072 0.0607572 0.159287 0.101087 0.0698812 0.1286 0.084135 
0.0259335 0.0642177 0.0604044 0.0867596 0.141768 0.11353 0.0641509 0.113282 0.102713 0.227241 
0.0788076 0.0573521 0.0767981 0.130289 0.0842425 0.255902 0.0530206 0.0427626 0.128798 0.0920278 
0.0519066 0.0357589 0.0856948 0.147661 0.0650377 0.0955918 0.0183389 0.228218 0.119373 0.152419 
0.0461376 0.0612856 0.0911769 0.168164 0.0703441 0.0918175 0.0429877 0.200353 0.087677 0.140056 
0.0380012 0.148146 0.198779 0.156258 0.0337749 0.110301 0.0901269 0.0373397 0.123104 0.0641695 
0.0473121 0.121206 0.142717 0.129361 0.039478 0.159827 0.0941473 0.0318617 0.159469 0.0746201 
0.116373 0.0247633 0.366328 0.100991 0.0353449 0.0639327 0.140203 0.010817 0.0947019 0.0465462 
0.361347 0.0459863 0.0850882 0.0496861 0.059811 0.0999637 0.124892 0.0385537 0.0896239 0.0450475 
0.0870844 0.0491083 0.126153 0.0821769 0.0730615 0.170984 0.0427267 0.0398633 0.231276 0.0975662 
0.0843136 0.117177 0.118364 0.122484 0.047337 0.205484 0.0366137 0.078074 0.11428 0.0758733 
0.0400556 0.0468747 0.0974246 0.142137 0.0562886 0.08934 0.0262662 0.308249 0.0833524 0.110012 
0.0402826 0.0737654 0.0583048 0.121982 0.0685425 0.0898234 0.0233893 0.236091 0.109319 0.1785 
0.0245866 0.116427 0.0722617 0.120499 0.096756 0.160153 0.0454389 0.0820003 0.118526 0.163352 
0.0272048 0.211488 0.108967 0.13716 0.0408023 0.105535 0.112306 0.0443982 0.116915 0.0952247 
0.104052 0.0510594 0.0809869 0.121517 0.0429374 0.183421 0.096518 0.0442727 0.156719 0.118516 
0.0199383 0.224877 0.0846687 0.149749 0.0528882 0.0850771 0.101468 0.0687239 0.0985127 0.114096 
0.0884898 0.0213057 0.127273 0.111515 0.0717984 0.12019 0.0734842 0.0382835 0.222221 0.125439 
0.219619 0.0403239 0.0877736 0.130884 0.0435943 0.116402 0.0659015 0.14928 0.0905229 0.0556987 
0.0416902 0.0372825 0.105937 0.154871 0.0396356 0.256446 0.0247889 0.051858 0.189809 0.0976823 
0.258481 0.0280887 0.0997167 0.0924037 0.0437783 0.155829 0.0881637 0.0635784 0.0941105 0.0758501 
0.0380043 0.185719 0.0941456 0.131002 0.055579 0.101097 0.0921881 0.088194 0.106151 0.10792 
0.0467007 0.0536356 0.0904279 0.083313 0.0887893 0.0858347 0.0411893 0.134571 0.140036 0.235502 
0.0155177 0.0425422 0.0783056 0.0863965 0.107493 0.0556572 0.0363497 0.148955 0.165335 0.263448 
0.0465064 0.0312011 0.0869736 0.064839 0.223541 0.10199 0.0731507 0.111357 0.11996 0.14048 
0.0274506 0.231641 0.110166 0.130898 0.0391677 0.109948 0.0856802 0.0547357 0.116854 0.0934588 
0.0289709 0.0432785 0.0993657 0.100975 0.088576 0.0869145 0.0538898 0.105635 0.233071 0.159324 
0.121796 0.0401452 0.240479 0.121325 0.0436758 0.117871 0.0696354 0.0374072 0.129558 0.0781077 
0.0435902 0.1883 0.0984111 0.120968 0.0571069 0.0918001 0.0915268 0.0948729 0.103372 0.110052 
0.0532701 0.135314 0.210656 0.173151 0.0303049 0.0933999 0.113032 0.00977751 0.139593 0.0415011 
0.0560361 0.0378298 0.0918198 0.0835572 0.131743 0.0816286 0.0790098 0.123334 0.110507 0.204534 
0.0518932 0.109082 0.112993 0.132049 0.0650735 0.0884962 0.0529926 0.144256 0.10679 0.136375 
0.0901562 0.0655262 0.0567912 0.12386 0.112209 0.251544 0.033825 0.0967531 0.0902653 0.0790701 
0.0689039 0.0590474 0.0963297 0.0567756 0.101693 0.100894 0.0868635 0.126118 0.111643 0.191733 
0.052746 0.0469386 0.306702 0.185281 0.0319282 0.0795156 0.15524 0.0125658 0.0838439 0.0452385 
0.0535963 0.0575601 0.127133 0.0786935 0.0755577 0.179565 0.228693 0.0186848 0.116647 0.0638702 
0.0425133 0.0288294 0.0625761 0.0713533 0.293561 0.0669076 0.0656047 0.137603 0.0905389 0.140512 
0.0383313 0.157035 0.115585 0.111441 0.0530969 0.154599 0.0814629 0.0653781 0.138162 0.08491 
0.0616001 0.060533 0.0824141 0.0900494 0.108573 0.230846 0.132302 0.0389853 0.123113 0.0715837 
0.0286768 0.0848942 0.0718979 0.0639974 0.146388 0.212932 0.0726581 0.0675618 0.117581 0.133413 
0.0938224 0.0829284 0.1772 0.175276 0.0191359 0.192582 0.106417 0.00626076 0.118588 0.0277897 
0.0405711 0.0643085 0.0845219 0.0565695 0.0946849 0.113194 0.0723704 0.134835 0.106796 0.232149 
0.0437149 0.103177 0.262978 0.0886721 0.0742664 0.0750587 0.101782 0.0290248 0.113625 0.107702 
0.234474 0.0229819 0.120502 0.103011 0.0334109 0.189268 0.0331156 0.0548084 0.105867 0.102562 
0.0368464 0.0590557 0.0708082 0.0882659 0.211094 0.106793 0.0628788 0.0798932 0.0926332 0.191732 
0.428872 0.0153342 0.106352 0.0663764 0.0217182 0.183945 0.0518363 0.0323942 0.0695699 0.0236027 
0.316471 0.0142394 0.116858 0.0769119 0.0392022 0.164624 0.0978842 0.0541188 0.0722619 0.0474288 
0.0928509 0.0613182 0.265313 0.117726 0.0277934 0.112471 0.1482 0.0135738 0.109269 0.051486 
0.0601986 0.0978034 0.116916 0.185788 0.0356421 0.144143 0.03637 0.0465234 0.165448 0.111167 
0.038806 0.137644 0.0977843 0.0893914 0.0818021 0.106723 0.123106 0.0925003 0.112719 0.119523 
0.0328186 0.0495477 0.139058 0.117285 0.0852654 0.0793291 0.05778 0.228256 0.0892771 0.121383 
0.0262682 0.201523 0.0996291 0.11933 0.0569144 0.1157 0.109561 0.0590019 0.115034 0.0970378 
0.0621325 0.0494421 0.157237 0.111619 0.0818872 0.081649 0.0601675 0.110231 0.133816 0.151818 
0.0359038 0.0552685 0.0788696 0.0830108 0.160382 0.104936 0.0750803 0.124476 0.113081 0.168992 
0.170436 0.00841877 0.174335 0.0663473 0.0207325 0.356512 0.0395156 0.0107788 0.138582 0.0143414 
0.0406477 0.134151 0.276171 0.164521 0.0237343 0.0801761 0.117813 0.0161647 0.0996408 0.046981 
0.0356053 0.0813843 0.123228 0.103427 0.0938524 0.0676018 0.0645318 0.141929 0.111615 0.176826 
0.0324875 0.0551581 0.0647703 0.0678857 0.211719 0.116083 0.0738389 0.0969093 0.149415 0.131734 
0.0673776 0.0862986 0.139187 0.20499 0.0581189 0.142241 0.0757845 0.0284717 0.119229 0.0783019 
0.0779168 0.0861163 0.112204 0.173901 0.0770469 0.155961 0.0721609 0.0424308 0.113704 0.0885584 
0.42839 0.00518185 0.117968 0.0340629 0.0188814 0.121094 0.0878794 0.0151441 0.129166 0.0422331 
0.372069 0.0168124 0.0825093 0.055211 0.0369537 0.135291 0.103303 0.0458268 0.0846346 0.067389 
0.08862 0.045651 0.133938 0.129814 0.0958244 0.223095 0.0882909 0.0267338 0.112361 0.0556718 
0.0286664 0.212395 0.0916078 0.14318 0.0462797 0.104597 0.112166 0.0537934 0.111582 0.0957336 
0.0628302 0.0379131 0.096948 0.0616802 0.118713 0.0612807 0.0486662 0.138877 0.171705 0.201386 
0.0710986 0.0749848 0.0825006 0.0529008 0.10663 0.140469 0.228194 0.0401148 0.134116 0.0689919 
0.0455745 0.0751065 0.0360742 0.071315 0.119267 0.272258 0.064856 0.0829695 0.178483 0.0540959 
0.13178 0.0242033 0.207608 0.20388 0.0512395 0.0923405 0.081768 0.0238928 0.122575 0.0607121 
0.0866264 0.0398583 0.099352 0.074725 0.0888895 0.302476 0.138405 0.00991539 0.115125 0.0446276 
0.0192903 0.129563 0.0740421 0.149086 0.0539685 0.128728 0.0551875 0.148205 0.114542 0.127387 
0.0324769 0.0831792 0.102839 0.16746 0.0613564 0.100546 0.0382364 0.165489 0.120657 0.127759 
0.0316182 0.0830112 0.058644 0.12648 0.105506 0.164789 0.0395555 0.113077 0.101324 0.175994 
0.0776571 0.105253 0.105547 0.221434 0.0529449 0.134927 0.0374345 0.0449115 0.122304 0.0975871 
0.139221 0.0799087 0.10902 0.108421 0.0628265 0.134643 0.0758607 0.0928947 0.0907082 0.106497 
0.0702268 0.0477436 0.131183 0.0869387 0.158195 0.0831147 0.0804717 0.0842502 0.12165 0.136226 
0.0721244 0.0964285 0.224788 0.134263 0.0138678 0.151189 0.146138 0.00709901 0.097817 0.0562857 
0.27674 0.0241945 0.0649044 0.0541185 0.0611088 0.172067 0.125135 0.0443157 0.104586 0.0728295 
0.0315325 0.109444 0.0950379 0.0847845 0.0685404 0.0837636 0.0435761 0.189078 0.118406 0.175836 
0.0231454 0.203938 0.0976212 0.146869 0.048958 0.0920613 0.0940975 0.0711231 0.108486 0.1137 
0.0331248 0.204502 0.0901396 0.130146 0.0523796 0.0902846 0.0987581 0.0796953 0.104163 0.116808 
0.0398337 0.115458 0.232101 0.180629 0.0425189 0.0900842 0.10636 0.0223714 0.125672 0.0449715 
0.0255692 0.208459 0.0940665 0.125894 0.0544706 0.087435 0.0801358 0.0998857 0.100712 0.123371 
0.0647474 0.0447161 0.0863577 0.109695 0.135415 0.250919 0.0321794 0.0384358 0.179389 0.0581469 
0.0786657 0.0586737 0.102612 0.229138 0.0797787 0.120703 0.0286348 0.0773581 0.103632 0.120804 
0.0715816 0.0816517 0.13655 0.171759 0.0679162 0.130709 0.085237 0.0437274 0.12727 0.0835976 
0.0436544 0.0581429 0.0950215 0.0798902 0.153712 0.0757181 0.0608839 0.0967159 0.102968 0.233293 
0.066504 0.0431949 0.0575855 0.170028 0.0645228 0.0840562 0.0268613 0.264286 0.084397 0.138564 
0.0613043 0.0137543 0.106598 0.122711 0.0526982 0.271157 0.034799 0.0292258 0.162909 0.144843 
0.0491686 0.044486 0.130369 0.0742226 0.0801277 0.140956 0.257635 0.0218306 0.151451 0.0497534 
0.0721066 0.090818 0.0859211 0.231329 0.0263897 0.163998 0.0961854 0.0738108 0.0816402 0.0778014 
0.0466399 0.0578897 0.112269 0.131475 0.11843 0.078674 0.144404 0.100099 0.112566 0.0975536 
0.0319304 0.19808 0.0907529 0.136217 0.0426568 0.111182 0.0866124 0.0793285 0.114355 0.108885 
0.113255 0.0838204 0.080141 0.194868 0.0404061 0.234796 0.0388061 0.0283769 0.113082 0.0724479 
0.0543841 0.0835875 0.121369 0.090091 0.0814833 0.185844 0.0955479 0.0369735 0.172601 0.0781183 
0.0234709 0.184028 0.0899267 0.160632 0.0505188 0.0945451 0.0753371 0.0834111 0.109806 0.128325 
0.269331 0.0250616 0.104838 0.123722 0.0318157 0.129403 0.0582641 0.0520517 0.108014 0.0974997 
0.0665361 0.0921639 0.0595748 0.0898339 0.0756939 0.327785 0.0528192 0.0300736 0.144277 0.0612424 
0.0454833 0.1758 0.11904 0.102044 0.0443829 0.130556 0.10827 0.0676791 0.118042 0.0887022 
0.0207035 0.06101 0.0938275 0.216443 0.073889 0.0872207 0.0284392 0.139341 0.135659 0.143467 
0.0331751 0.184851 0.0908694 0.164562 0.0570173 0.115694 0.0695811 0.0697074 0.104491 0.110053 
0.0631567 0.0280539 0.11596 0.0951081 0.0590888 0.306255 0.077984 0.0305471 0.151642 0.0722046 
0.261998 0.0293961 0.103958 0.116617 0.0256673 0.161254 0.0596717 0.0341918 0.171896 0.0353498 
0.0666011 0.0586781 0.119765 0.0712097 0.105772 0.07386 0.223184 0.0420765 0.108899 0.129954 
0.0366795 0.168717 0.142832 0.106653 0.0951055 0.0739375 0.101251 0.070494 0.125819 0.0785105 
0.0803186 0.106023 0.107062 0.0839927 0.0677968 0.12877 0.123152 0.0383402 0.179864 0.0846813 
0.0728411 0.0472394 0.0382856 0.116188 0.0819681 0.326232 0.0292602 0.0589193 0.114756 0.11431 
0.0646709 0.155289 0.0983712 0.112829 0.0607015 0.103313 0.0854173 0.112121 0.0982621 0.109024 
0.0317345 0.0824207 0.0412185 0.114486 0.0799826 0.115659 0.048469 0.197985 0.11795 0.170094 
0.0382591 0.0787991 0.0665182 0.0953073 0.1613 0.118843 0.0673751 0.102286 0.117982 0.153331 
0.0379811 0.0197957 0.114628 0.0783265 0.312079 0.0666844 0.0812226 0.0835817 0.128403 0.0772984 
0.0415121 0.0565684 0.121488 0.0774353 0.124662 0.127727 0.237511 0.0325473 0.0895908 0.0909582 
0.0817278 0.0215208 0.123187 0.13216 0.0649898 0.107834 0.027183 0.182175 0.13515 0.124072 
0.0339586 0.111226 0.230919 0.186541 0.0148422 0.108197 0.174308 0.00947602 0.0944398 0.0360919 
0.0646821 0.0542631 0.11724 0.088623 0.0913839 0.22619 0.0588561 0.0381247 0.16561 0.0950271 
0.218473 0.0307136 0.104995 0.0933378 0.058492 0.16371 0.0746501 0.0545762 0.112161 0.0888902 
0.0599252 0.0856996 0.12025 0.101779 0.0863846 0.13935 0.151473 0.0715046 0.090265 0.0933693 
0.0518333 0.031597 0.10635 0.105296 0.11038 0.218285 0.0367313 0.0468452 0.173021 0.119661 
0.0686771 0.0593609 0.151248 0.0706323 0.0691358 0.167207 0.206998 0.0268237 0.115182 0.0647353 
0.110259 0.0429656 0.06136 0.214167 0.0620059 0.174678 0.0325551 0.0875097 0.104238 0.110263 
0.0222091 0.0305006 0.0835398 0.187148 0.0736902 0.0764763 0.0270394 0.285379 0.0772143 0.136803 
0.050678 0.0801092 0.331054 0.130186 0.0155723 0.150287 0.122295 0.0120867 0.0756917 0.0320405 
0.197453 0.030348 0.167332 0.100913 0.0369033 0.122642 0.0595109 0.037054 0.164506 0.0833377 
0.0480571 0.0821406 0.163074 0.108674 0.0518087 0.196656 0.0410131 0.0482359 0.165448 0.0948928 
0.0483744 0.0664389 0.134355 0.113535 0.0998581 0.114015 0.0576504 0.0475702 0.191947 0.126257 
0.0813914 0.05646 0.0984593 0.0914977 0.0690154 0.325296 0.0703751 0.0306614 0.113407 0.0634362 
0.0343302 0.0582283 0.0768045 0.109558 0.1417 0.149596 0.0766013 0.108341 0.0901228 0.154718 
0.0341031 0.185669 0.0959756 0.124761 0.054549 0.116246 0.0833074 0.0884553 0.109163 0.107771 
0.0285836 0.228401 0.0962437 0.125617 0.0478553 0.100216 0.0958488 0.0702555 0.100583 0.106396 
0.0685967 0.0348186 0.075196 0.0735465 0.205512 0.127877 0.0879234 0.0953683 0.0993241 0.131837 
0.20277 0.00746614 0.151524 0.0335774 0.0304826 0.362857 0.0849331 0.00717406 0.105644 0.013571 
0.044594 0.0582889 0.0865403 0.188611 0.0854808 0.0408165 0.0576591 0.275446 0.0922697 0.0702938 
0.0428617 0.0462421 0.0723646 0.179871 0.054053 0.251652 0.0573361 0.0653728 0.12575 0.104496 
0.0731328 0.0502928 0.0750604 0.133998 0.0722333 0.0940895 0.0409122 0.195899 0.106764 0.157618 
0.0745092 0.0384034 0.102022 0.0729548 0.0746413 0.105858 0.363543 0.039491 0.074998 0.0535794 
0.0344228 0.211788 0.106016 0.107464 0.0499017 0.108002 0.0867359 0.0812337 0.104202 0.110235 
0.131563 0.0515139 0.0719191 0.123646 0.0606896 0.168462 0.147663 0.0591179 0.0904733 0.094952 
0.0560815 0.0804435 0.186372 0.0973523 0.0986364 0.112553 0.0725924 0.0739283 0.118376 0.103665 
0.0444105 0.157138 0.136603 0.130566 0.0708987 0.0983635 0.0685824 0.0780277 0.120794 0.0946154 
0.0176231 0.082609 0.046162 0.11671 0.111417 0.141076 0.0578519 0.174655 0.10047 0.151426 
0.118355 0.0106567 0.357529 0.102628 0.045375 0.0900119 0.0650808 0.0506889 0.091051 0.0686236 
0.0688067 0.033324 0.146779 0.10997 0.072392 0.246279 0.0586524 0.0548401 0.140275 0.0686814 
0.0660899 0.0583626 0.126846 0.100731 0.0880013 0.139841 0.220446 0.0390879 0.0861457 0.074448 
0.0330583 0.18009 0.0971891 0.139401 0.0578582 0.104427 0.0736052 0.0951244 0.101941 0.117306 
0.127984 0.0527302 0.0583869 0.0564011 0.0969828 0.0915565 0.0856956 0.147421 0.104775 0.178067 
0.0793694 0.0499068 0.0569699 0.0972691 0.0469756 0.278146 0.102794 0.0434049 0.156682 0.0884823 
0.0471972 0.0908978 0.334682 0.129272 0.0463016 0.0749033 0.1044 0.0223765 0.085947 0.0640218 
0.0611356 0.0593934 0.102426 0.144133 0.0632556 0.226195 0.0803342 0.0387496 0.147821 0.0765565 
0.0607029 0.0361376 0.0665322 0.0517801 0.233718 0.113117 0.092574 0.0899117 0.114518 0.141008 
0.0800151 0.0371519 0.0633703 0.0535965 0.306341 0.0573322 0.109168 0.0898779 0.0756701 0.127477 
0.175907 0.0358072 0.236741 0.0838612 0.0525949 0.114567 0.065946 0.0348489 0.136666 0.0630608 
0.04637 0.0782738 0.151531 0.12963 0.0460569 0.130227 0.0547995 0.0605967 0.181874 0.120641 
0.0969212 0.0319231 0.146556 0.218547 0.0539859 0.229178 0.0526394 0.0555087 0.0804915 0.0342491 
0.0916273 0.0709652 0.101856 0.0773887 0.116419 0.150425 0.0857785 0.0731995 0.120868 0.111473 
0.0694516 0.0882938 0.150933 0.147598 0.0593681 0.122749 0.0697839 0.0955413 0.126767 0.0695148 
0.0444037 0.0211564 0.0914489 0.0663521 0.267836 0.0655122 0.0402067 0.0728548 0.115803 0.214427 
0.15651 0.0313315 0.0542244 0.0839116 0.058173 0.200677 0.10796 0.0429979 0.14594 0.118275 
0.258927 0.0224943 0.102957 0.084386 0.0363974 0.181835 0.0202048 0.0618704 0.123905 0.107024 
0.0941876 0.0746048 0.129139 0.22461 0.0243353 0.145836 0.0744942 0.0282174 0.13635 0.0682258 
0.0264921 0.158497 0.101844 0.133308 0.0626845 0.128106 0.0997132 0.0688989 0.124298 0.0961593 
0.0377646 0.0365504 0.0595044 0.116137 0.0633104 0.114324 0.0262275 0.281506 0.100973 0.163703 
0.0323608 0.09634 0.0822123 0.142044 0.0665632 0.114361 0.0504922 0.157626 0.104704 0.153297 
0.033667 0.018474 0.0347476 0.220403 0.0439008 0.293741 0.0109759 0.117412 0.136819 0.0898593 
0.0499118 0.0119823 0.0384959 0.124645 0.0368663 0.101125 0.0082825 0.383796 0.118897 0.125998 
0.0270796 0.144966 0.0988495 0.0855005 0.122765 0.0792193 0.0867337 0.0845385 0.0996783 0.17067 
0.0418985 0.0370617 0.0410145 0.0894763 0.0775212 0.14674 0.0360067 0.283037 0.107046 0.140198 
0.0307309 0.208527 0.110243 0.116273 0.050887 0.107052 0.104571 0.0615898 0.117142 0.0929843 
