0.0741457 0.0273657 0.0784712 0.131545 0.0906407 0.0908084 0.0239141 0.250058 0.0979597 0.135091 
0.146123 0.0812221 0.28879 0.110552 0.0143337 0.12142 0.117093 0.00415383 0.0893773 0.0269351 
0.0430539 0.155503 0.1124 0.0913297 0.102764 0.0901627 0.098315 0.11556 0.0969078 0.0940037 
0.367062 0.0197638 0.0758315 0.0657687 0.0393569 0.104824 0.0842688 0.0763908 0.0676836 0.0990504 
0.0794477 0.0478044 0.0908873 0.0533564 0.237503 0.0634256 0.0792626 0.111264 0.100327 0.136721 
0.0387041 0.169351 0.113137 0.106034 0.0936955 0.0806153 0.0709929 0.124705 0.100047 0.102719 
0.0459516 0.036416 0.0388326 0.0687036 0.256364 0.119226 0.0462139 0.111209 0.130081 0.147002 
0.0403684 0.0996935 0.074398 0.0960522 0.102513 0.115222 0.0659445 0.074631 0.115348 0.215829 
0.105698 0.0464548 0.0774669 0.0307275 0.152321 0.145771 0.224972 0.0356847 0.119885 0.0610186 
0.0682445 0.0159322 0.0487364 0.0504027 0.166783 0.0769147 0.0419792 0.152528 0.136068 0.242411 
0.278413 0.0251562 0.118588 0.0607225 0.0545807 0.14002 0.09082 0.0351258 0.123087 0.0734875 
0.0804045 0.0707353 0.136902 0.0884586 0.108499 0.0629437 0.164584 0.0460409 0.154697 0.0867346 
0.090471 0.0309833 0.0657792 0.0976555 0.144856 0.106211 0.0577633 0.121517 0.117314 0.167449 
0.291703 0.0240432 0.0891547 0.0595771 0.06718 0.123029 0.0381815 0.0725852 0.120008 0.114539 
0.0343242 0.219368 0.0865586 0.157284 0.0632379 0.0823887 0.0768826 0.0587455 0.108719 0.112491 
0.0926708 0.0319824 0.0758627 0.117399 0.0860014 0.263534 0.0732376 0.0453725 0.12851 0.0854302 
0.0959554 0.0270517 0.0952785 0.0588843 0.163762 0.0555997 0.0689105 0.120154 0.127516 0.186887 
0.0816094 0.0139655 0.0856181 0.168915 0.0662058 0.0542106 0.0256442 0.327256 0.0894372 0.0871374 
0.11338 0.0380067 0.149642 0.119683 0.103187 0.139231 0.0557425 0.051051 0.126476 0.1036 
0.080155 0.0481916 0.0697336 0.0975592 0.20861 0.10047 0.0743908 0.100276 0.0928589 0.127754 
0.0685393 0.0329587 0.0286613 0.0884768 0.145617 0.105345 0.019472 0.198434 0.0931826 0.219314 
0.0999962 0.0592049 0.111816 0.0850809 0.084572 0.170079 0.185448 0.0295877 0.0985501 0.0756655 
0.0476593 0.0550374 0.0908207 0.0444414 0.181976 0.0516358 0.168046 0.159531 0.0951229 0.10573 
0.0982622 0.0432159 0.085106 0.111806 0.145992 0.208914 0.123942 0.024199 0.0895503 0.0690126 
0.09845 0.0857282 0.078344 0.0808894 0.190079 0.0795098 0.0858523 0.115735 0.0725371 0.112875 
0.415345 0.00278668 0.0361097 0.013284 0.0559196 0.198096 0.140776 0.0318414 0.0604643 0.0453775 
0.0955211 0.0320349 0.0699666 0.106577 0.0468056 0.0991965 0.0347437 0.238638 0.103132 0.173385 
0.0836332 0.0359452 0.0773896 0.071696 0.217601 0.101327 0.0945946 0.0879816 0.099472 0.13036 
0.447551 0.014421 0.0931607 0.0713987 0.0287197 0.115467 0.0296965 0.0487319 0.0780394 0.0728142 
0.0451016 0.14982 0.0793056 0.129616 0.0798622 0.144171 0.0938099 0.0657731 0.119042 0.0934991 
0.0585303 0.0374207 0.0555812 0.222451 0.0646089 0.165539 0.048793 0.111564 0.0865483 0.148964 
0.0455707 0.151888 0.082076 0.133847 0.0861542 0.115009 0.0720737 0.0856812 0.110612 0.117088 
0.0553834 0.0361867 0.101171 0.171394 0.0856517 0.223939 0.0439278 0.0345658 0.154168 0.0936136 
0.136584 0.0145443 0.125555 0.0181854 0.161749 0.168623 0.16179 0.0395753 0.114568 0.0588253 
0.082769 0.0228871 0.0745258 0.116933 0.096484 0.0829065 0.0312931 0.24401 0.105021 0.14317 
0.0914977 0.0441163 0.193753 0.123205 0.0527047 0.251492 0.0691342 0.0218921 0.114315 0.0378896 
0.0725132 0.0330578 0.0724828 0.124881 0.0645964 0.0785658 0.0297399 0.266485 0.116069 0.141608 
0.0322816 0.195525 0.0788657 0.114065 0.0776599 0.118184 0.0749592 0.0840787 0.119868 0.104513 
0.154798 0.0888111 0.156834 0.116469 0.0282813 0.129669 0.122038 0.0320319 0.10601 0.0650572 
0.0418369 0.192475 0.0952905 0.111857 0.0562218 0.104287 0.0864603 0.0665879 0.13219 0.112794 
0.0360452 0.191198 0.1306 0.107064 0.0687117 0.107225 0.0771879 0.0925517 0.0925678 0.0968479 
0.0924372 0.0573224 0.0864866 0.119532 0.0949341 0.082073 0.0441138 0.182153 0.0916514 0.149296 
0.0324254 0.0448038 0.0564053 0.0950449 0.254387 0.0591713 0.0564637 0.137851 0.10655 0.156898 
0.0617784 0.0918144 0.179641 0.13861 0.0946203 0.0928028 0.0789527 0.0452647 0.114949 0.101567 
0.0606427 0.0690754 0.105873 0.191843 0.0782829 0.139992 0.0976941 0.0415162 0.100443 0.114637 
0.100892 0.0491869 0.0618437 0.130927 0.0763207 0.244659 0.0824763 0.0410805 0.101835 0.110779 
0.0291366 0.158798 0.0904098 0.172388 0.0868584 0.125055 0.0646443 0.0506165 0.101767 0.120326 
0.0649973 0.10679 0.208342 0.132272 0.0623599 0.105499 0.130414 0.0470726 0.0732532 0.069 
0.0371681 0.0270517 0.0380645 0.0722238 0.306169 0.0815915 0.0401968 0.0786809 0.122869 0.195985 
0.0719938 0.0344223 0.0863593 0.0565252 0.300051 0.042246 0.0758845 0.107225 0.0990582 0.126235 
0.132089 0.0477418 0.0763392 0.0933154 0.0821074 0.172022 0.218179 0.0335055 0.0733021 0.0713985 
0.0971416 0.0282206 0.131035 0.255085 0.0777845 0.110254 0.0669952 0.0744415 0.0962982 0.0627438 
0.149646 0.0619377 0.0673884 0.0696757 0.143476 0.183719 0.083858 0.0670409 0.0856508 0.0876075 
0.0901116 0.049292 0.078512 0.112485 0.130307 0.148394 0.107189 0.0633844 0.114901 0.105422 
0.0670151 0.0254263 0.277264 0.0507597 0.0803779 0.0484008 0.243597 0.0163587 0.125804 0.0649969 
0.2338 0.026687 0.0927348 0.0854262 0.0746394 0.168159 0.0590649 0.0488968 0.112519 0.0980733 
0.0673179 0.0190249 0.0716025 0.0589789 0.30786 0.0700715 0.0921189 0.0896605 0.113264 0.110101 
0.0429027 0.156646 0.117347 0.102533 0.0803564 0.0811462 0.0682119 0.123334 0.108991 0.118532 
0.0907451 0.0300794 0.0654974 0.0617888 0.154174 0.0663375 0.0626652 0.147207 0.113589 0.207917 
0.129482 0.0709349 0.0751419 0.0805454 0.122748 0.143841 0.0733046 0.112596 0.106654 0.0847524 
0.0272307 0.0310744 0.0899473 0.165588 0.0485663 0.0578786 0.0168752 0.419417 0.0682716 0.075151 
0.098793 0.0253958 0.144106 0.0928757 0.105693 0.120691 0.0921946 0.0416828 0.19309 0.0854777 
0.0743635 0.0446897 0.105817 0.0820554 0.139723 0.108224 0.111194 0.0900034 0.0948872 0.149044 
0.0751546 0.0853805 0.145941 0.223058 0.0837252 0.0828469 0.0633594 0.0451651 0.101072 0.0942972 
0.0584926 0.0130464 0.102787 0.161796 0.118779 0.0655726 0.0431514 0.211059 0.116108 0.109208 
0.0629371 0.0827568 0.0704773 0.116695 0.175349 0.124377 0.0783264 0.0727456 0.0941832 0.122152 
0.0824933 0.0860444 0.0961783 0.11236 0.132112 0.0718223 0.115854 0.131172 0.066939 0.105024 
0.102732 0.0379553 0.0571466 0.0516596 0.303864 0.0612624 0.0820706 0.0978942 0.090933 0.114482 
0.0665924 0.0345013 0.0786059 0.275656 0.0913207 0.144611 0.0472987 0.0500531 0.110924 0.100436 
0.364041 0.0104358 0.0832125 0.0625439 0.0177722 0.1944 0.120497 0.0375455 0.0711723 0.0383803 
0.0890887 0.019902 0.0983637 0.121629 0.0719155 0.0420771 0.0211121 0.341562 0.086276 0.108074 
0.487839 0.00826494 0.0738944 0.0298258 0.0269005 0.122819 0.0899669 0.0183737 0.100287 0.0418292 
0.136584 0.0235702 0.260408 0.183326 0.050253 0.108315 0.0994862 0.0180907 0.0809765 0.0389903 
0.0517121 0.0662532 0.0489045 0.141092 0.0937459 0.0962341 0.0407142 0.134922 0.135719 0.190703 
0.0343587 0.178717 0.088257 0.120705 0.0761067 0.116898 0.0778333 0.0735926 0.131394 0.102138 
0.0322659 0.0743424 0.0800208 0.091375 0.118337 0.0736943 0.0383229 0.237636 0.100696 0.153309 
0.0847349 0.102739 0.0852341 0.160074 0.0824548 0.170406 0.0590541 0.0460223 0.110628 0.0986527 
0.0932684 0.0960518 0.140373 0.0769342 0.0806485 0.0870729 0.0598027 0.126186 0.112857 0.126805 
0.0328326 0.080772 0.0603735 0.134071 0.129582 0.0988511 0.045666 0.122148 0.122752 0.172952 
0.0738463 0.0159966 0.0338927 0.0607014 0.0801434 0.0694567 0.0146601 0.353211 0.116347 0.181745 
0.0543431 0.0486047 0.0626345 0.104638 0.107447 0.123853 0.0506559 0.196281 0.0758687 0.175674 
0.141429 0.0508585 0.0906982 0.0681594 0.101735 0.176488 0.154884 0.0474361 0.0812435 0.0870686 
0.0998195 0.0313461 0.28017 0.163727 0.0526822 0.0931206 0.0702877 0.014066 0.138996 0.0557854 
0.0851375 0.0451753 0.0716716 0.0891922 0.0924399 0.105648 0.0443287 0.212209 0.0869463 0.167251 
0.0570913 0.0816019 0.0882576 0.0645555 0.157356 0.13355 0.0633573 0.0491332 0.194148 0.110949 
0.0423303 0.0225792 0.0244449 0.0557623 0.415633 0.0692091 0.0588742 0.0565497 0.116099 0.138519 
0.052088 0.0639851 0.0710047 0.10486 0.0918941 0.0700187 0.0285014 0.253214 0.107777 0.156657 
0.0844061 0.0315089 0.0662195 0.134158 0.139415 0.21207 0.0530115 0.10376 0.0737586 0.101692 
0.0870278 0.0388713 0.12795 0.0396512 0.134878 0.0727612 0.241828 0.0654958 0.0890857 0.102451 
0.0364043 0.188461 0.10275 0.0935659 0.105179 0.095319 0.0970295 0.0789586 0.116757 0.0855767 
0.084372 0.054881 0.0572707 0.274482 0.0604929 0.149835 0.0182667 0.0882631 0.10155 0.110587 
0.0549475 0.0777805 0.124885 0.0901923 0.114003 0.126384 0.227307 0.0427963 0.0744426 0.0672629 
0.0597068 0.0663202 0.0905031 0.0970243 0.139087 0.121728 0.0874153 0.0855081 0.129362 0.123345 
0.0968817 0.0397922 0.0587117 0.223691 0.0497151 0.169358 0.0308225 0.0965351 0.0929516 0.141541 
0.0229885 0.215775 0.103138 0.102556 0.0789375 0.115937 0.0987979 0.0440041 0.114432 0.103434 
0.0748248 0.0427787 0.0484552 0.0226468 0.298311 0.0528901 0.107608 0.0990712 0.0765884 0.176825 
0.0431999 0.162244 0.0731958 0.139058 0.0866116 0.112744 0.0611111 0.0880519 0.105531 0.128252 
0.0424917 0.0433634 0.0789399 0.105458 0.0975908 0.0930072 0.0583145 0.254278 0.100111 0.126446 
0.11031 0.0475611 0.101489 0.0599383 0.0609007 0.196426 0.272429 0.0178167 0.0874434 0.0456856 
0.0486411 0.0291084 0.0791995 0.0568187 0.138656 0.0338961 0.0489893 0.146683 0.137746 0.280261 
0.0728759 0.0976332 0.105212 0.0813779 0.104922 0.0602838 0.173194 0.106227 0.110536 0.0877382 
0.274852 0.0275285 0.101906 0.0549567 0.0484448 0.162626 0.0740106 0.043359 0.129302 0.0830142 
0.0486797 0.0177132 0.0287448 0.0789098 0.0942632 0.324114 0.0225463 0.081866 0.171683 0.131481 
0.0797973 0.0413798 0.070654 0.0745672 0.296034 0.08382 0.0772742 0.0799684 0.0783477 0.118157 
0.0720906 0.0508971 0.0804891 0.0649877 0.111019 0.146554 0.0837515 0.0850058 0.118253 0.186953 
0.0870685 0.050078 0.0841797 0.0744493 0.132173 0.0953106 0.0692299 0.0988321 0.115302 0.193378 
0.157142 0.0185329 0.189853 0.16565 0.0848546 0.079198 0.0923346 0.0276594 0.125169 0.059606 
0.0901665 0.156291 0.0958655 0.107561 0.0701429 0.116063 0.096096 0.0618817 0.122785 0.083149 
0.0574764 0.0532453 0.0367242 0.0883599 0.163748 0.123168 0.0566851 0.0841669 0.10898 0.227446 
0.104692 0.0443507 0.0682767 0.0615198 0.188244 0.0709125 0.0840705 0.125734 0.0935393 0.15866 
0.0769729 0.0791422 0.0752568 0.2137 0.0760023 0.108411 0.0812443 0.0194608 0.163886 0.105924 
0.0448193 0.12593 0.103677 0.120161 0.0694879 0.0826848 0.0589168 0.143533 0.106645 0.144146 
0.0972832 0.0713429 0.0928093 0.191533 0.0778863 0.14547 0.0623401 0.0434055 0.106614 0.111316 
0.0472677 0.0547618 0.0833952 0.102565 0.119207 0.0722116 0.0658202 0.111947 0.114751 0.228074 
0.0454633 0.0562775 0.132758 0.0766171 0.101126 0.0661204 0.0738496 0.199662 0.0834648 0.164662 
0.0727792 0.0740351 0.0894038 0.0788901 0.150731 0.0943245 0.131302 0.0700635 0.093004 0.145466 
0.0497868 0.0659453 0.0918032 0.117022 0.205901 0.0799856 0.0713384 0.0854019 0.0985435 0.134272 
0.0415845 0.0265102 0.0606577 0.0531997 0.345414 0.0531754 0.0832399 0.0758099 0.123482 0.136927 
0.0894238 0.048921 0.0846832 0.0759451 0.162003 0.0838162 0.0561266 0.120012 0.106965 0.172104 
0.0805512 0.0423477 0.111172 0.0704917 0.109005 0.133625 0.0808588 0.14875 0.109161 0.114038 
0.088822 0.0168651 0.0634848 0.123971 0.0857721 0.301367 0.060808 0.0327176 0.129023 0.0971701 
0.112747 0.0277068 0.112023 0.0533467 0.149332 0.0792402 0.122851 0.0868928 0.129063 0.126798 
0.0623349 0.0616418 0.107545 0.131351 0.10936 0.0982645 0.0480293 0.187517 0.0762631 0.117693 
0.0776153 0.100132 0.0872676 0.105975 0.113749 0.116486 0.180165 0.058252 0.0757534 0.0846043 
0.0311249 0.0214453 0.0278161 0.0735667 0.238856 0.0516945 0.0316423 0.225702 0.148848 0.149304 
0.0549769 0.115223 0.0889712 0.0919787 0.147325 0.0639156 0.0843007 0.0757161 0.109253 0.16834 
0.209965 0.0108864 0.16008 0.158478 0.0478204 0.116858 0.0565379 0.0719113 0.0886496 0.0788138 
0.128226 0.0468273 0.0690269 0.0817583 0.126328 0.225182 0.0754621 0.0385655 0.118695 0.0899295 
0.0287818 0.0399167 0.0824812 0.150854 0.102218 0.134761 0.0429378 0.0597309 0.209546 0.148774 
0.122522 0.0456798 0.0757356 0.124525 0.10368 0.191541 0.0737315 0.0472325 0.111026 0.104327 
0.0828256 0.029546 0.0700602 0.0475483 0.148633 0.122522 0.262419 0.0340483 0.0878969 0.1145 
0.0782915 0.0235581 0.074922 0.0407407 0.10958 0.16207 0.320435 0.0234677 0.0849473 0.0819879 
0.087329 0.0291206 0.0989869 0.110042 0.0629254 0.291254 0.107933 0.0157771 0.12791 0.0687219 
0.0895939 0.0191277 0.146832 0.0824671 0.129915 0.0420007 0.0404571 0.258894 0.0969402 0.0937729 
0.0687018 0.0672885 0.0967408 0.130806 0.0949304 0.119646 0.0567113 0.0416116 0.205009 0.118555 
0.0412679 0.209355 0.0970106 0.110252 0.060101 0.0976406 0.0875385 0.0632519 0.126247 0.107335 
0.281642 0.0255501 0.0938786 0.0797795 0.0591883 0.142706 0.0832404 0.0499756 0.104785 0.079255 
0.0465991 0.196272 0.122434 0.109695 0.0810326 0.0780904 0.0940405 0.06425 0.108301 0.0992851 
0.105698 0.0448091 0.113979 0.0721552 0.0920305 0.0769113 0.23647 0.0648506 0.0992012 0.0938957 
0.0742911 0.0276218 0.0911141 0.0371808 0.227793 0.0575526 0.0818488 0.127542 0.15208 0.122975 
0.104202 0.0857423 0.0897849 0.0811438 0.0852501 0.161348 0.215416 0.0329626 0.0804311 0.063719 
0.0492416 0.0405308 0.106959 0.154412 0.0609204 0.0685471 0.0196203 0.332716 0.079886 0.0871666 
0.0763629 0.0348934 0.186117 0.15937 0.107689 0.0814661 0.0247313 0.113365 0.126549 0.0894565 
0.0378738 0.198034 0.124641 0.0965471 0.0672471 0.0843185 0.0988998 0.0877739 0.104161 0.100504 
0.0735957 0.0488337 0.136402 0.0891181 0.0908018 0.0713074 0.0619852 0.165876 0.0889477 0.173132 
0.0553107 0.181952 0.0712023 0.123423 0.079219 0.135952 0.0825924 0.0668914 0.109167 0.0942903 
0.061098 0.0516475 0.0871209 0.0832616 0.132841 0.12944 0.0736801 0.0699361 0.180184 0.13079 
0.0479736 0.0316232 0.286847 0.231948 0.11045 0.129541 0.0590604 0.0135221 0.0578822 0.0311522 
0.278736 0.033445 0.0909021 0.0881116 0.0554332 0.155068 0.0850745 0.0420465 0.0951717 0.0760114 
0.0532755 0.0664262 0.0986086 0.0870439 0.155441 0.0814248 0.073951 0.0761146 0.106835 0.200879 
0.0694804 0.0417274 0.0910119 0.101707 0.158201 0.0855119 0.0746931 0.0745996 0.12511 0.177958 
0.103198 0.0171322 0.143954 0.0808973 0.0899907 0.0691848 0.0217691 0.0786224 0.175396 0.219854 
0.117301 0.031527 0.0623729 0.051667 0.103601 0.286198 0.0723024 0.0487536 0.149583 0.0766951 
0.0799064 0.0594296 0.105976 0.117793 0.0691955 0.219671 0.0665152 0.0465501 0.113999 0.120964 
0.0502691 0.17617 0.0876021 0.112691 0.0874505 0.0890677 0.0834049 0.0981929 0.0948956 0.120256 
0.0745773 0.0432594 0.0419517 0.0578831 0.180375 0.24929 0.131082 0.0292405 0.0968895 0.0954506 
0.0832928 0.0195103 0.110425 0.0469402 0.124973 0.118475 0.248859 0.0769719 0.0689234 0.10163 
0.277341 0.0319472 0.0971592 0.0671335 0.0549797 0.125376 0.080293 0.0651096 0.0920629 0.108598 
0.148966 0.0699325 0.185017 0.189415 0.0457365 0.102597 0.0569653 0.0897911 0.0584811 0.0530981 
0.0822828 0.0788658 0.0746073 0.0753993 0.163296 0.0787113 0.116568 0.0855819 0.0858273 0.15886 
0.0402498 0.0589075 0.0864505 0.0843568 0.279179 0.0714824 0.0757848 0.0764663 0.108112 0.119011 
0.123893 0.0221876 0.104405 0.0505319 0.116853 0.166341 0.260946 0.0348461 0.0516053 0.0683911 
0.083552 0.0238548 0.0664474 0.121634 0.0774729 0.362846 0.0311837 0.0216944 0.144967 0.0663475 
0.0421382 0.0154586 0.0448026 0.0830257 0.310273 0.0688212 0.0525024 0.142801 0.0831547 0.157023 
0.0542776 0.0383148 0.106713 0.0610697 0.140997 0.0568478 0.187319 0.109371 0.0856439 0.159447 
0.0952273 0.0371741 0.0796613 0.11577 0.106022 0.201658 0.0850823 0.0331255 0.137968 0.108312 
0.110187 0.0357023 0.0980707 0.06511 0.188939 0.104441 0.0606314 0.0863022 0.10687 0.143746 
0.0833339 0.051242 0.0669803 0.118646 0.111531 0.239157 0.0694773 0.0697635 0.087494 0.102374 
0.0407749 0.197948 0.100839 0.115684 0.056552 0.125414 0.0908682 0.0703401 0.11435 0.0872293 
0.0686295 0.035795 0.0590877 0.0957637 0.244947 0.0953053 0.048122 0.0993862 0.0906636 0.162299 
0.0615722 0.0714342 0.077193 0.107739 0.173495 0.111529 0.083523 0.0821038 0.103558 0.127852 
0.0759762 0.0482302 0.101645 0.156785 0.0644055 0.0496816 0.0308682 0.23088 0.0975694 0.143959 
0.121487 0.0535799 0.222643 0.135735 0.0270164 0.185939 0.0660105 0.00602622 0.141223 0.0403394 
0.17742 0.0546608 0.0856201 0.158648 0.0741781 0.134162 0.0495901 0.0561078 0.110504 0.0991085 
0.0949558 0.10215 0.217198 0.122587 0.0584931 0.0702459 0.114454 0.0410028 0.0895816 0.0893312 
0.0535703 0.109705 0.0837582 0.126716 0.0921577 0.0976373 0.065198 0.142955 0.0998472 0.128455 
0.0418351 0.180569 0.128918 0.106588 0.0614338 0.11126 0.084594 0.0886137 0.102106 0.0940828 
0.073027 0.0498174 0.118232 0.130563 0.140758 0.132041 0.0761856 0.0608773 0.111429 0.10707 
0.0358313 0.206228 0.099572 0.110151 0.0693634 0.0907906 0.0840333 0.0975875 0.10293 0.103512 
0.0456544 0.0870989 0.1297 0.135284 0.0722619 0.140724 0.0875116 0.0306875 0.180132 0.0909455 
0.0346106 0.184715 0.0992191 0.11502 0.0778893 0.0931858 0.065774 0.116934 0.0953358 0.117316 
0.0519472 0.0817115 0.115287 0.127843 0.0747144 0.131707 0.109687 0.0282097 0.180773 0.0981203 
0.0891003 0.0735831 0.0925766 0.110519 0.101803 0.203422 0.0741688 0.0541979 0.120087 0.0805433 
0.261381 0.00943958 0.0806471 0.0551832 0.043338 0.242104 0.149426 0.0249091 0.0946078 0.0389633 
0.0909193 0.0882488 0.0741537 0.142682 0.100251 0.141823 0.115217 0.0449137 0.111977 0.0898141 
0.0746529 0.0326812 0.0848822 0.0467412 0.216103 0.0478309 0.0792178 0.0896739 0.102999 0.225218 
0.0863577 0.061989 0.274085 0.206366 0.0259363 0.0853385 0.0918976 0.0130025 0.110653 0.044374 
0.0895805 0.0376142 0.130065 0.132185 0.0710636 0.231698 0.0405707 0.0313929 0.117763 0.118068 
0.479661 0.0053365 0.0571003 0.0482805 0.017439 0.164361 0.0468619 0.0260458 0.103917 0.0509972 
0.0558565 0.168671 0.0843894 0.14568 0.0863042 0.106572 0.0757166 0.0681026 0.0999241 0.108784 
0.0399676 0.177559 0.0751496 0.121861 0.103312 0.0702147 0.0583149 0.129516 0.113256 0.11085 
0.0473802 0.171661 0.090285 0.12459 0.095993 0.118964 0.0736842 0.0690141 0.0985296 0.109898 
0.293232 0.0137558 0.0622934 0.0945047 0.0816551 0.209423 0.0707368 0.0451606 0.0687604 0.0604778 
0.0306832 0.0313075 0.0986913 0.148388 0.143087 0.0899416 0.0498432 0.133638 0.121492 0.152928 
0.265967 0.0115839 0.0859268 0.0721824 0.0548659 0.152408 0.0342941 0.0889202 0.103016 0.130836 
0.04388 0.0665746 0.100485 0.11224 0.103646 0.157423 0.106444 0.0539214 0.131166 0.12422 
0.038445 0.195795 0.0984585 0.0912644 0.0678237 0.11047 0.115417 0.0517909 0.127588 0.102947 
0.0544344 0.0368923 0.0792472 0.063531 0.107333 0.148585 0.322691 0.0203241 0.0863547 0.0806077 
0.0621326 0.0367565 0.0814381 0.125071 0.206233 0.11099 0.0552534 0.0934275 0.0990989 0.129599 
0.074388 0.0606861 0.202644 0.205397 0.0529709 0.0938337 0.0699219 0.0461863 0.106952 0.0870203 
0.0879016 0.0168458 0.111745 0.402483 0.0328074 0.173072 0.0313802 0.0136244 0.0680319 0.0621092 
0.141343 0.0314358 0.12166 0.038971 0.102173 0.0670766 0.292931 0.0560192 0.0690864 0.0793042 
0.0521496 0.163018 0.0979767 0.123313 0.101334 0.0878178 0.089616 0.0973709 0.105361 0.0820432 
0.054396 0.189367 0.0859472 0.117978 0.0771179 0.112849 0.0764338 0.0858254 0.0962634 0.103822 
0.0411282 0.158534 0.114221 0.0968515 0.0948634 0.0887402 0.0888513 0.127006 0.0977211 0.0920833 
0.0819861 0.0795675 0.10847 0.156311 0.09152 0.137554 0.0527517 0.0590755 0.104341 0.128424 
0.0361258 0.0386688 0.0346347 0.0699653 0.132403 0.139631 0.0307561 0.0831886 0.141999 0.292628 
0.106779 0.0363139 0.0527587 0.0968345 0.0822154 0.237106 0.0645659 0.0918022 0.128062 0.103562 
0.0910821 0.0536993 0.294707 0.0996462 0.0898386 0.0869185 0.100522 0.0366858 0.0794867 0.0674139 
0.0243729 0.0703552 0.0235627 0.065473 0.125878 0.140395 0.0289204 0.106917 0.100312 0.313813 
0.0700638 0.024474 0.0635933 0.076624 0.196367 0.126083 0.0920719 0.118573 0.11438 0.11777 
0.13495 0.0558433 0.0534086 0.0919458 0.083864 0.16333 0.0446566 0.145778 0.116848 0.109376 
0.0194713 0.0661831 0.0508812 0.0867674 0.114884 0.134952 0.0446408 0.126313 0.101008 0.254899 
0.0552265 0.0887856 0.123065 0.172335 0.104505 0.0840188 0.0465989 0.0867303 0.101332 0.137403 
0.0421035 0.0584617 0.0760044 0.123633 0.171996 0.0775348 0.0463606 0.0984063 0.11914 0.18636 
0.295465 0.0149597 0.0754581 0.0798747 0.0646719 0.152603 0.0592799 0.0622737 0.0925981 0.102816 
0.0673477 0.0462968 0.102444 0.22464 0.0933833 0.113057 0.0512779 0.0794175 0.0883592 0.133777 
0.0886415 0.0801503 0.064351 0.0932758 0.115795 0.191324 0.164553 0.0205271 0.133575 0.0478074 
0.122241 0.0424726 0.0661538 0.0834759 0.121125 0.16281 0.047378 0.14094 0.107425 0.105979 
0.122073 0.0625124 0.0568035 0.150443 0.0797758 0.233583 0.0351568 0.0680275 0.0923872 0.0992378 
0.0712957 0.0319504 0.0585704 0.068678 0.0829005 0.117875 0.0314736 0.250723 0.0937004 0.192834 
0.11995 0.0285713 0.243265 0.172033 0.0837023 0.0752158 0.0976577 0.0282871 0.0836456 0.0676725 
0.147857 0.011394 0.397846 0.0673628 0.0384783 0.0952503 0.0582338 0.0284012 0.0647334 0.0904437 
0.0779111 0.0265704 0.0941596 0.0971907 0.0746374 0.0755987 0.0326879 0.271486 0.0875747 0.162184 
0.0571625 0.128859 0.110296 0.0972044 0.123167 0.103057 0.0930568 0.100108 0.0973654 0.0897245 
0.113078 0.0516371 0.183155 0.139182 0.08362 0.131959 0.0505842 0.0276313 0.161441 0.0577122 
0.0338957 0.0647554 0.0889537 0.154736 0.134296 0.126569 0.0506396 0.0762506 0.150475 0.11943 
0.0941815 0.0775692 0.107265 0.101436 0.149396 0.0981108 0.0864068 0.065221 0.10117 0.119244 
0.0460173 0.16912 0.12046 0.100247 0.0765535 0.0967601 0.101679 0.0828762 0.105538 0.10075 
0.0857628 0.0801296 0.0826467 0.117804 0.0863561 0.0923505 0.0417222 0.177633 0.086083 0.149512 
0.127313 0.0945709 0.0743831 0.193692 0.0347525 0.143249 0.0561208 0.106461 0.0591356 0.110323 
0.0751602 0.114265 0.102492 0.194472 0.0786033 0.11833 0.0535965 0.0484314 0.113184 0.101466 
0.0494658 0.0536868 0.138951 0.0705907 0.0993389 0.164725 0.162538 0.0163353 0.157838 0.0865311 
0.0503068 0.0262923 0.0790187 0.123677 0.080839 0.0967975 0.0205501 0.174655 0.169602 0.178261 
0.0705361 0.0589159 0.0854655 0.129422 0.0815154 0.095011 0.0402329 0.204222 0.0948926 0.139786 
0.0886504 0.0351614 0.0932184 0.0818521 0.102311 0.119152 0.0620468 0.143591 0.0974734 0.176543 
0.0659972 0.0443122 0.306206 0.169032 0.0694907 0.0757796 0.123644 0.0247477 0.0659831 0.0548066 
0.0428372 0.13928 0.207177 0.135911 0.0749324 0.0622361 0.141088 0.0433185 0.0896016 0.0636184 
0.0754643 0.0424381 0.0450924 0.0514637 0.301637 0.0556268 0.100679 0.0848849 0.080243 0.162471 
0.0473989 0.207171 0.0820807 0.113241 0.0699412 0.0963168 0.0830002 0.0919962 0.101467 0.107388 
0.0845274 0.062775 0.0823688 0.129436 0.0749077 0.237685 0.0733401 0.0269655 0.129383 0.0986112 
0.089734 0.0310313 0.110705 0.124335 0.101605 0.153838 0.0583491 0.0677693 0.137614 0.12502 
0.132623 0.018136 0.0791095 0.0500177 0.0931014 0.0903164 0.0702017 0.0532047 0.241644 0.171645 
0.0448511 0.030792 0.10983 0.103165 0.145943 0.0697249 0.0779035 0.200872 0.0753182 0.1416 
0.080114 0.0932868 0.136998 0.123321 0.0965987 0.0884272 0.0849826 0.0863632 0.0893805 0.120528 
0.100703 0.0550735 0.0724724 0.129608 0.085847 0.154762 0.158351 0.0748515 0.10884 0.0594904 
0.36912 0.00544987 0.216155 0.0441419 0.0266242 0.106289 0.0684796 0.0146113 0.0960954 0.0530329 
0.0476078 0.0770672 0.117181 0.144646 0.123813 0.101299 0.116289 0.0387965 0.10088 0.13242 
0.0782311 0.0207578 0.0429293 0.0276752 0.341373 0.0497718 0.0889658 0.0935572 0.121744 0.134995 
0.0585315 0.170987 0.155981 0.156097 0.0570194 0.099456 0.136823 0.0485501 0.0799143 0.0366405 
0.0353751 0.0445445 0.0560172 0.0848965 0.276613 0.084124 0.0419782 0.0770065 0.0945979 0.204847 
0.0731109 0.117666 0.0879237 0.103958 0.0836133 0.155996 0.105049 0.0671233 0.125659 0.0799004 
0.0416399 0.048508 0.0571265 0.0699541 0.14473 0.0906418 0.0691767 0.102564 0.101468 0.27419 
0.0922152 0.0388742 0.0691423 0.128793 0.101221 0.263528 0.05165 0.042378 0.110276 0.101922 
0.0690734 0.0419877 0.0885315 0.155057 0.0696295 0.0816761 0.027511 0.211977 0.108353 0.146204 
0.0574298 0.0508155 0.0884599 0.150594 0.0989516 0.0766562 0.0484269 0.211011 0.080965 0.13669 
0.0615445 0.143314 0.152846 0.161977 0.0451063 0.0983389 0.121822 0.0490147 0.107909 0.0581277 
0.0482983 0.129034 0.128937 0.125776 0.0569321 0.120435 0.120462 0.0342918 0.137609 0.0982251 
0.0864099 0.0252207 0.317183 0.135341 0.0687222 0.0686011 0.159401 0.0159548 0.0837577 0.0394091 
0.331085 0.029254 0.0810752 0.0485066 0.0800937 0.083658 0.147133 0.0397234 0.107197 0.0522746 
0.0959921 0.0301988 0.141671 0.0743881 0.0921925 0.115641 0.0541105 0.0511543 0.251497 0.0931554 
0.10052 0.107074 0.0910203 0.110665 0.0549163 0.216437 0.0388538 0.0851403 0.111268 0.0841063 
0.0691926 0.047897 0.101891 0.177396 0.052039 0.0712064 0.0236028 0.25489 0.0709653 0.130919 
0.0554313 0.0785308 0.0711438 0.113853 0.0793102 0.0763925 0.0311039 0.225017 0.105687 0.16353 
0.0334106 0.151535 0.0909649 0.0992743 0.124124 0.105137 0.0411831 0.0739456 0.106035 0.17439 
0.0348995 0.201578 0.104102 0.128923 0.0605043 0.0963592 0.0843136 0.0558358 0.125895 0.107589 
0.12219 0.066701 0.0573789 0.129431 0.0727889 0.15319 0.100245 0.0369053 0.143143 0.118027 
0.029323 0.203737 0.0847003 0.136302 0.0793342 0.076655 0.0824187 0.0859433 0.101603 0.119983 
0.0956108 0.0215992 0.107202 0.113278 0.0965936 0.128588 0.0692909 0.0373075 0.185016 0.145513 
0.301605 0.0403233 0.0698907 0.0927329 0.0530498 0.105511 0.0588757 0.13496 0.0697826 0.0732691 
0.0844352 0.0410516 0.115 0.171765 0.0670919 0.192526 0.0255536 0.0515519 0.142061 0.108964 
0.294822 0.0215218 0.0938306 0.076833 0.0549535 0.139414 0.085209 0.0603368 0.0806338 0.0924461 
0.0446177 0.190342 0.0846021 0.122142 0.0764336 0.100075 0.0749589 0.0885856 0.103515 0.114727 
0.0726318 0.0388421 0.068452 0.0812216 0.131026 0.0687682 0.0507113 0.115841 0.13933 0.233176 
0.0279899 0.0311206 0.0809606 0.0853006 0.10569 0.0437478 0.0280062 0.152544 0.163389 0.281252 
0.0526114 0.0238255 0.084038 0.0659919 0.224012 0.0720908 0.0699554 0.106968 0.134415 0.166091 
0.0383195 0.221219 0.104052 0.106087 0.0618167 0.0899 0.0883465 0.0762333 0.114248 0.0997785 
0.0452143 0.0323558 0.1019 0.0888347 0.125191 0.0689876 0.0471081 0.0956939 0.201034 0.193681 
0.0829708 0.0367152 0.222373 0.116444 0.0906277 0.0992676 0.0905539 0.0548604 0.125619 0.0805689 
0.0501185 0.202129 0.0946696 0.105533 0.0773309 0.0926302 0.0790694 0.0990434 0.0885198 0.110956 
0.0607016 0.153598 0.181754 0.169992 0.0507648 0.0772842 0.133149 0.0133032 0.124596 0.0348584 
0.0708953 0.0224971 0.0696602 0.0727792 0.18279 0.065496 0.0517779 0.103833 0.129932 0.230339 
0.0550417 0.111133 0.109205 0.110534 0.0975843 0.073196 0.066122 0.146021 0.0988297 0.132334 
0.082834 0.0495353 0.0491035 0.107352 0.126432 0.261851 0.0372682 0.105716 0.100133 0.0797756 
0.0699104 0.0449542 0.0863645 0.0509627 0.125753 0.077336 0.0610652 0.127095 0.124779 0.23178 
0.0530928 0.0475805 0.317469 0.198032 0.0684378 0.0680853 0.119676 0.0154471 0.0741376 0.0380424 
0.0462033 0.0609225 0.138393 0.0968956 0.0953598 0.154644 0.234001 0.0189122 0.0994748 0.055193 
0.0648319 0.0167789 0.0493461 0.067393 0.326686 0.0442385 0.031878 0.12071 0.0885616 0.189576 
0.0504055 0.145814 0.11392 0.0985662 0.0785443 0.117668 0.0821642 0.0792065 0.128402 0.105309 
0.0828725 0.0567393 0.0936561 0.0833519 0.120568 0.199563 0.113203 0.0352396 0.126309 0.0884967 
0.0425253 0.0822423 0.0666271 0.0732118 0.172267 0.163688 0.0696522 0.0741615 0.117948 0.137678 
0.097857 0.0818139 0.160588 0.185865 0.0257151 0.202322 0.0986834 0.00620147 0.106669 0.0342846 
0.0494594 0.0451567 0.0755438 0.0654312 0.0986841 0.0847208 0.0561122 0.148118 0.118923 0.257851 
0.0476005 0.0833445 0.23556 0.0960492 0.113882 0.0629961 0.120011 0.0206368 0.0997714 0.120148 
0.272337 0.0204315 0.112616 0.0940028 0.0426433 0.17023 0.0353866 0.0482098 0.0962323 0.10791 
0.0563082 0.0625389 0.0531952 0.0947353 0.227846 0.0856989 0.0519944 0.0853004 0.0855671 0.196816 
0.504458 0.0107415 0.0858489 0.0734418 0.0309811 0.122215 0.0497162 0.0267762 0.0585633 0.0372583 
0.303907 0.0109443 0.09104 0.0671157 0.0262853 0.18462 0.12865 0.0477926 0.0957323 0.0439139 
0.102053 0.0726295 0.217393 0.138816 0.0359109 0.135822 0.133451 0.00929501 0.107665 0.0469654 
0.104773 0.0819453 0.0865136 0.158693 0.0647426 0.147323 0.0376633 0.054922 0.149303 0.114122 
0.0647433 0.098127 0.0795398 0.0717815 0.126565 0.107363 0.149406 0.08379 0.0940758 0.124608 
0.0450725 0.052564 0.132698 0.0967328 0.127736 0.0650484 0.0727333 0.202256 0.0846079 0.12055 
0.0326705 0.205447 0.100666 0.124211 0.0733732 0.102119 0.0909668 0.0659191 0.114498 0.0901294 
0.066655 0.0323999 0.160101 0.113243 0.0856176 0.0764306 0.0688041 0.119784 0.133643 0.143322 
0.0369868 0.0468499 0.0585878 0.0871003 0.206362 0.0714691 0.0669772 0.140123 0.115276 0.170268 
0.193893 0.00665917 0.185117 0.0470646 0.0230073 0.321864 0.0542116 0.0113479 0.126176 0.0306593 
0.0577804 0.138855 0.244259 0.181396 0.0279423 0.0761067 0.106389 0.0273635 0.0980486 0.0418597 
0.0461603 0.0760057 0.121732 0.10435 0.128608 0.0679807 0.0609342 0.127703 0.107829 0.158697 
0.0589495 0.0323553 0.0569797 0.0577621 0.287823 0.0888836 0.0686895 0.098949 0.137311 0.112297 
0.0843512 0.07249 0.118191 0.210403 0.0830489 0.131528 0.0855792 0.0291593 0.0949313 0.0903176 
0.0724765 0.100305 0.102793 0.167939 0.105383 0.150272 0.0557004 0.0514739 0.096133 0.097523 
0.543623 0.0030797 0.0912454 0.0242689 0.0236409 0.0696477 0.0923932 0.0201469 0.0840829 0.0478713 
0.384394 0.0136995 0.0678458 0.046775 0.0640844 0.120151 0.107373 0.0392157 0.081291 0.0751713 
0.0912901 0.033526 0.0984545 0.146922 0.181171 0.182062 0.0637627 0.0300202 0.0946192 0.0781723 
0.0323812 0.21984 0.0842318 0.144318 0.0672563 0.0948662 0.0853258 0.0561114 0.11697 0.0986989 
0.0894666 0.0234758 0.0908601 0.0415331 0.157907 0.0470441 0.0528335 0.138192 0.151187 0.207501 
0.0669059 0.0815727 0.0572971 0.0660038 0.11181 0.126422 0.24926 0.0225473 0.140197 0.0779847 
0.0383442 0.0636896 0.0254873 0.0672943 0.186497 0.203623 0.0782633 0.100242 0.156829 0.0797298 
0.14944 0.0319026 0.175285 0.187255 0.104984 0.0864237 0.0563336 0.0301883 0.105059 0.0731284 
0.101131 0.0231815 0.0897747 0.0810892 0.11756 0.25143 0.120173 0.0124561 0.11313 0.0900746 
0.0293654 0.123645 0.0658451 0.119651 0.0659786 0.104388 0.0475919 0.179746 0.118532 0.145257 
0.0567541 0.0785593 0.110229 0.14388 0.0797883 0.0920332 0.0438678 0.161826 0.108965 0.124096 
0.0314008 0.0679205 0.0566754 0.13057 0.11087 0.127009 0.0389186 0.131502 0.0972089 0.207924 
0.0881945 0.101331 0.0813496 0.251176 0.0868462 0.109427 0.0388958 0.0337726 0.115487 0.0935195 
0.151147 0.0859076 0.114417 0.0966158 0.0772308 0.105762 0.0705457 0.0757456 0.0963943 0.126234 
0.0758711 0.0380498 0.118647 0.0757133 0.183597 0.0823844 0.0930161 0.0850196 0.121808 0.125894 
0.0623013 0.0999309 0.252231 0.133257 0.0222606 0.129082 0.150478 0.00927756 0.0951566 0.0460237 
0.322093 0.0110438 0.0537254 0.0384304 0.070119 0.153233 0.127787 0.0436682 0.100652 0.0792478 
0.0374682 0.0889915 0.0904748 0.0699982 0.0880399 0.0740879 0.0477259 0.238391 0.102991 0.161832 
0.0318239 0.214475 0.0988082 0.131152 0.0702811 0.0775427 0.0807238 0.0815702 0.103713 0.109909 
0.0373119 0.203214 0.0886262 0.115832 0.0766131 0.0891224 0.0754996 0.0841785 0.106532 0.12307 
0.0582973 0.109074 0.206456 0.184842 0.0789357 0.0796897 0.0991512 0.0225315 0.0965399 0.0644829 
0.0315264 0.217957 0.0868118 0.11123 0.0768765 0.0733441 0.0754777 0.120981 0.0974294 0.108365 
0.0691261 0.0285358 0.0930231 0.100651 0.155687 0.216155 0.0504779 0.046178 0.159923 0.0802429 
0.0958899 0.0625774 0.0980948 0.24093 0.0889453 0.132597 0.0262518 0.0787552 0.0803395 0.0956194 
0.0530749 0.0901863 0.138024 0.178566 0.0896912 0.133455 0.0776427 0.0505026 0.109898 0.0789597 
0.0544483 0.0662662 0.0810844 0.0935092 0.177595 0.0615294 0.0575999 0.0953432 0.0906147 0.22201 
0.0764103 0.0346731 0.0655734 0.158708 0.0696004 0.0707555 0.0214453 0.274833 0.0773401 0.150661 
0.109306 0.0117553 0.117325 0.10935 0.0748747 0.214431 0.0304951 0.0262542 0.158746 0.147463 
0.0827276 0.0416903 0.134099 0.0503953 0.0943916 0.144134 0.260567 0.0185902 0.117031 0.056375 
0.103594 0.114671 0.0680768 0.188811 0.0431148 0.166875 0.0894294 0.0695871 0.057607 0.0982335 
0.0775822 0.0541035 0.104386 0.0857892 0.149581 0.0772814 0.153144 0.118619 0.0814262 0.0980882 
0.0317712 0.189731 0.0910664 0.124103 0.0683052 0.106699 0.0725765 0.082912 0.124511 0.108324 
0.128262 0.0693331 0.0570858 0.2198 0.050874 0.193388 0.0455637 0.0364777 0.107839 0.0913768 
0.0567863 0.0931884 0.0803189 0.119797 0.101355 0.156466 0.108083 0.0339616 0.140853 0.10919 
0.0295667 0.206418 0.0821706 0.149387 0.073423 0.0743501 0.0615696 0.0829451 0.112479 0.127691 
0.282169 0.0232886 0.0897962 0.124884 0.0584645 0.112498 0.0593397 0.0498528 0.0938139 0.105894 
0.0817131 0.0736318 0.0565622 0.104077 0.126738 0.230474 0.0639636 0.0349907 0.137444 0.0904052 
0.0416569 0.185346 0.0991545 0.0960802 0.0642059 0.112118 0.11653 0.0799026 0.111008 0.0939965 
0.0292958 0.0439865 0.101756 0.228147 0.0849638 0.0726038 0.0392994 0.136027 0.121037 0.142884 
0.0377031 0.183183 0.076664 0.141711 0.0827789 0.104681 0.0738173 0.0650134 0.0957181 0.138729 
0.0741573 0.0297956 0.0978365 0.12455 0.0839309 0.258016 0.076562 0.0240985 0.140988 0.0900653 
0.237007 0.0197564 0.11492 0.131602 0.0423962 0.120714 0.066664 0.0496165 0.163381 0.0539434 
0.099025 0.0355108 0.120932 0.0407405 0.166538 0.0573458 0.175735 0.0531786 0.0928297 0.158165 
0.0633984 0.143467 0.0972584 0.106466 0.103411 0.0819171 0.0957918 0.0983597 0.110161 0.09977 
0.0706165 0.0840478 0.0861327 0.0882658 0.0975453 0.114205 0.112172 0.0439949 0.203521 0.0994985 
0.0991882 0.0268983 0.0289329 0.123833 0.0987768 0.296516 0.0311254 0.0549093 0.120201 0.119619 
0.0657477 0.150928 0.0859545 0.111181 0.0821739 0.100663 0.0819388 0.119012 0.0955292 0.106873 
0.0482222 0.0923512 0.0536131 0.100901 0.0959729 0.0880508 0.040023 0.188235 0.109746 0.182884 
0.0608413 0.0717462 0.0516068 0.106602 0.190299 0.0927678 0.0522547 0.083745 0.122652 0.167486 
0.0565975 0.0165956 0.129128 0.0654469 0.300294 0.0521643 0.0575962 0.13854 0.107558 0.0760798 
0.0616947 0.0599478 0.100538 0.0618983 0.133444 0.09307 0.223789 0.049055 0.0930137 0.123549 
0.0776589 0.0173991 0.118155 0.117243 0.0751422 0.0773774 0.028572 0.249481 0.136086 0.102887 
0.0374885 0.110309 0.251815 0.172124 0.0266085 0.101741 0.177331 0.0139318 0.0813709 0.0272816 
0.122238 0.0367876 0.113895 0.074958 0.091364 0.201594 0.0609399 0.0367741 0.165247 0.0962033 
0.235959 0.0228219 0.0959555 0.0834385 0.0782773 0.180995 0.0832945 0.047438 0.0888428 0.0829784 
0.0655364 0.126263 0.0966056 0.0748604 0.106725 0.108332 0.1254 0.105728 0.0922973 0.0982534 
0.0938833 0.0214036 0.122049 0.0954669 0.135472 0.199764 0.0383147 0.0455149 0.13086 0.117272 
0.0881237 0.0663297 0.134167 0.079183 0.0835305 0.15885 0.199314 0.0286652 0.0943445 0.067492 
0.11468 0.0458859 0.0592652 0.214758 0.071855 0.15776 0.0367204 0.088298 0.0959117 0.114866 
0.0440968 0.0276734 0.0783268 0.181358 0.0709864 0.0959786 0.0304995 0.248536 0.0769251 0.145618 
0.0570272 0.111715 0.287812 0.144167 0.036685 0.124526 0.113663 0.0174832 0.0552728 0.0516487 
0.201754 0.0268501 0.19396 0.0894083 0.0571645 0.0950171 0.0788138 0.0474434 0.124652 0.0849363 
0.0509054 0.0821142 0.128237 0.131651 0.0836508 0.139933 0.0624778 0.0533341 0.158142 0.109555 
0.0479506 0.0744868 0.110352 0.129827 0.15468 0.0802384 0.0518437 0.0571447 0.16352 0.129956 
0.0939783 0.0396657 0.0849473 0.0906944 0.0979464 0.255861 0.103111 0.0347819 0.128835 0.070179 
0.0529952 0.0558345 0.071125 0.113364 0.194631 0.119803 0.0585108 0.0943888 0.0828405 0.156507 
0.0382276 0.179625 0.116155 0.112187 0.0688314 0.095282 0.0726974 0.101114 0.104006 0.111875 
0.0307279 0.206667 0.0994505 0.110284 0.0768248 0.0964262 0.0878145 0.084228 0.103513 0.104064 
0.0774023 0.0307999 0.0759754 0.0748827 0.215626 0.105399 0.086266 0.0904526 0.109486 0.13371 
0.162432 0.00627089 0.130014 0.0381431 0.0348483 0.356066 0.122554 0.00902408 0.109106 0.0315417 
0.0624107 0.0768822 0.130633 0.165983 0.0802853 0.0355054 0.0467732 0.233881 0.09558 0.0720663 
0.0703086 0.0432038 0.0586801 0.187544 0.0858582 0.217193 0.0726136 0.0547996 0.104038 0.105762 
0.0799209 0.0444271 0.0681063 0.142701 0.0794191 0.106002 0.0349107 0.201683 0.100002 0.142827 
0.0667182 0.0372217 0.101204 0.0439175 0.101398 0.140305 0.350297 0.0357978 0.0657904 0.0573511 
0.0376537 0.186237 0.110873 0.112317 0.0654364 0.0973426 0.0825784 0.0976932 0.110551 0.0993173 
0.145396 0.0739479 0.0571086 0.114427 0.0748779 0.179637 0.147289 0.045974 0.0706489 0.0906941 
0.0596152 0.0647695 0.205776 0.0939168 0.106975 0.0939927 0.0802076 0.0879318 0.113863 0.0929531 
0.0575262 0.167124 0.113783 0.11971 0.0921364 0.0910185 0.061948 0.0969317 0.103372 0.0964504 
0.0240635 0.0716989 0.0476089 0.0957728 0.162134 0.0968817 0.0496652 0.163252 0.115226 0.173697 
0.155507 0.0113114 0.291849 0.101215 0.0692501 0.0839299 0.0959309 0.0498961 0.071302 0.0698092 
0.133343 0.0372565 0.11939 0.108999 0.10248 0.190065 0.0695925 0.0488084 0.116377 0.0736889 
0.0729794 0.0596197 0.11365 0.0875428 0.125522 0.12936 0.214494 0.0505579 0.0683504 0.0779236 
0.0426132 0.179165 0.108583 0.1116 0.0723468 0.0897766 0.0710283 0.111461 0.0968802 0.116547 
0.107071 0.0494861 0.0792281 0.0551665 0.135982 0.0944876 0.0838907 0.135827 0.107643 0.151217 
0.0936517 0.0423589 0.0502391 0.105648 0.0690182 0.247321 0.0741168 0.0493725 0.130312 0.137962 
0.0574045 0.0856055 0.249856 0.16525 0.0674417 0.0810846 0.0912651 0.0345273 0.0978312 0.0697341 
0.0691023 0.0671166 0.0937845 0.133077 0.0915386 0.224333 0.0690353 0.0364418 0.125824 0.0897467 
0.0501815 0.0310529 0.0733371 0.0553628 0.268376 0.0914672 0.0828981 0.0856271 0.116556 0.145141 
0.0833918 0.0268974 0.0593908 0.0498102 0.352433 0.0592508 0.0937651 0.0720549 0.0654745 0.137531 
0.225547 0.0192077 0.216102 0.081529 0.0676646 0.118929 0.0822596 0.0292638 0.0973569 0.0621414 
0.0520289 0.0933424 0.123504 0.13046 0.084235 0.105448 0.0687 0.0604578 0.15502 0.126803 
0.138327 0.0243965 0.112568 0.200697 0.0921746 0.234865 0.0324871 0.0404824 0.068975 0.0550267 
0.120922 0.0632704 0.0934512 0.0599944 0.104434 0.1239 0.103798 0.0929651 0.113867 0.123397 
0.120434 0.0827681 0.108279 0.13265 0.0905154 0.0982884 0.0787832 0.112466 0.0909366 0.0848792 
0.0694215 0.0173732 0.0648128 0.0690313 0.314023 0.064468 0.0395847 0.0946451 0.0882435 0.178397 
0.171818 0.0345159 0.0722673 0.0712473 0.0748132 0.140921 0.0895712 0.045358 0.131138 0.168349 
0.329331 0.0169305 0.105382 0.0644409 0.0500699 0.0983883 0.0237404 0.0713401 0.102577 0.1378 
0.123638 0.0760534 0.117647 0.2121 0.0383457 0.133122 0.0741395 0.038023 0.115047 0.0718854 
0.0298035 0.151219 0.0999667 0.130825 0.0922087 0.10664 0.0778635 0.0720217 0.128165 0.111286 
0.056598 0.0363997 0.0750925 0.120621 0.0446915 0.0722711 0.0272854 0.318829 0.0968383 0.151373 
0.0455096 0.105021 0.0961696 0.119433 0.0733861 0.0908817 0.0476983 0.165377 0.107687 0.148837 
0.0548247 0.018116 0.0344182 0.202896 0.0551657 0.275553 0.00961436 0.132833 0.100893 0.115685 
0.0785572 0.0105893 0.0371443 0.090597 0.0474695 0.0825854 0.00973662 0.386795 0.0949038 0.161622 
0.0501181 0.120027 0.0947058 0.0846656 0.124189 0.0657792 0.0903743 0.0787492 0.107116 0.184276 
0.0611349 0.0353264 0.0438309 0.0871842 0.0958753 0.11081 0.0330578 0.26705 0.109266 0.156465 
