set1_score: 0.010470588235
set2_score: 0.829480770030
set3_score: 0.835500135969
set4_score: 0.808147116061
set5_score: 0.845719825035
Duration: 0
