set1_score: 0.009008403361
set2_score: 0.805990677237
set3_score: 0.809460405129
set4_score: 0.797902001628
set5_score: 0.843650707456
Duration: 0
