set1_score: 0.010521008403
set2_score: 0.819499847324
set3_score: 0.813988632099
set4_score: 0.830723152637
set5_score: 0.833758039968
Duration: 0
