set1_score: 0.845806611921
set2_score: 0.819691276767
set3_score: 0.817140419322
set4_score: 0.832121907863
set5_score: 0.829114956608
Duration: 0
