set1_score: 1.000000000000
set2_score: 1.000000000000
set3_score: 1.000000000000
set4_score: 1.000000000000
set5_score: 1.000000000000
Duration: 0
