set1_score: 0.848716989510
set2_score: 0.847415343044
set3_score: 0.836270292225
set4_score: 0.834982410934
set5_score: 0.841939676705
Duration: 0
